# Studio-Quantized Ground Truth Beats
# Audio: 01-Plastic-People.mp3
# Verified BPM: 123.00
# Alignment t0: 0.1122s (Period: 0.4878s, Score: 8.898)
# Total Beats: 883
0.1122
0.6000
1.0878
1.5756
2.0634
2.5512
3.0390
3.5268
4.0146
4.5024
4.9902
5.4780
5.9659
6.4537
6.9415
7.4293
7.9171
8.4049
8.8927
9.3805
9.8683
10.3561
10.8439
11.3317
11.8195
12.3073
12.7951
13.2829
13.7707
14.2585
14.7463
15.2341
15.7220
16.2098
16.6976
17.1854
17.6732
18.1610
18.6488
19.1366
19.6244
20.1122
20.6000
21.0878
21.5756
22.0634
22.5512
23.0390
23.5268
24.0146
24.5024
24.9902
25.4780
25.9659
26.4537
26.9415
27.4293
27.9171
28.4049
28.8927
29.3805
29.8683
30.3561
30.8439
31.3317
31.8195
32.3073
32.7951
33.2829
33.7707
34.2585
34.7463
35.2341
35.7220
36.2098
36.6976
37.1854
37.6732
38.1610
38.6488
39.1366
39.6244
40.1122
40.6000
41.0878
41.5756
42.0634
42.5512
43.0390
43.5268
44.0146
44.5024
44.9902
45.4780
45.9659
46.4537
46.9415
47.4293
47.9171
48.4049
48.8927
49.3805
49.8683
50.3561
50.8439
51.3317
51.8195
52.3073
52.7951
53.2829
53.7707
54.2585
54.7463
55.2341
55.7220
56.2098
56.6976
57.1854
57.6732
58.1610
58.6488
59.1366
59.6244
60.1122
60.6000
61.0878
61.5756
62.0634
62.5512
63.0390
63.5268
64.0146
64.5024
64.9902
65.4780
65.9659
66.4537
66.9415
67.4293
67.9171
68.4049
68.8927
69.3805
69.8683
70.3561
70.8439
71.3317
71.8195
72.3073
72.7951
73.2829
73.7707
74.2585
74.7463
75.2341
75.7220
76.2098
76.6976
77.1854
77.6732
78.1610
78.6488
79.1366
79.6244
80.1122
80.6000
81.0878
81.5756
82.0634
82.5512
83.0390
83.5268
84.0146
84.5024
84.9902
85.4780
85.9659
86.4537
86.9415
87.4293
87.9171
88.4049
88.8927
89.3805
89.8683
90.3561
90.8439
91.3317
91.8195
92.3073
92.7951
93.2829
93.7707
94.2585
94.7463
95.2341
95.7220
96.2098
96.6976
97.1854
97.6732
98.1610
98.6488
99.1366
99.6244
100.1122
100.6000
101.0878
101.5756
102.0634
102.5512
103.0390
103.5268
104.0146
104.5024
104.9902
105.4780
105.9659
106.4537
106.9415
107.4293
107.9171
108.4049
108.8927
109.3805
109.8683
110.3561
110.8439
111.3317
111.8195
112.3073
112.7951
113.2829
113.7707
114.2585
114.7463
115.2341
115.7220
116.2098
116.6976
117.1854
117.6732
118.1610
118.6488
119.1366
119.6244
120.1122
120.6000
121.0878
121.5756
122.0634
122.5512
123.0390
123.5268
124.0146
124.5024
124.9902
125.4780
125.9659
126.4537
126.9415
127.4293
127.9171
128.4049
128.8927
129.3805
129.8683
130.3561
130.8439
131.3317
131.8195
132.3073
132.7951
133.2829
133.7707
134.2585
134.7463
135.2341
135.7220
136.2098
136.6976
137.1854
137.6732
138.1610
138.6488
139.1366
139.6244
140.1122
140.6000
141.0878
141.5756
142.0634
142.5512
143.0390
143.5268
144.0146
144.5024
144.9902
145.4780
145.9659
146.4537
146.9415
147.4293
147.9171
148.4049
148.8927
149.3805
149.8683
150.3561
150.8439
151.3317
151.8195
152.3073
152.7951
153.2829
153.7707
154.2585
154.7463
155.2341
155.7220
156.2098
156.6976
157.1854
157.6732
158.1610
158.6488
159.1366
159.6244
160.1122
160.6000
161.0878
161.5756
162.0634
162.5512
163.0390
163.5268
164.0146
164.5024
164.9902
165.4780
165.9659
166.4537
166.9415
167.4293
167.9171
168.4049
168.8927
169.3805
169.8683
170.3561
170.8439
171.3317
171.8195
172.3073
172.7951
173.2829
173.7707
174.2585
174.7463
175.2341
175.7220
176.2098
176.6976
177.1854
177.6732
178.1610
178.6488
179.1366
179.6244
180.1122
180.6000
181.0878
181.5756
182.0634
182.5512
183.0390
183.5268
184.0146
184.5024
184.9902
185.4780
185.9659
186.4537
186.9415
187.4293
187.9171
188.4049
188.8927
189.3805
189.8683
190.3561
190.8439
191.3317
191.8195
192.3073
192.7951
193.2829
193.7707
194.2585
194.7463
195.2341
195.7220
196.2098
196.6976
197.1854
197.6732
198.1610
198.6488
199.1366
199.6244
200.1122
200.6000
201.0878
201.5756
202.0634
202.5512
203.0390
203.5268
204.0146
204.5024
204.9902
205.4780
205.9659
206.4537
206.9415
207.4293
207.9171
208.4049
208.8927
209.3805
209.8683
210.3561
210.8439
211.3317
211.8195
212.3073
212.7951
213.2829
213.7707
214.2585
214.7463
215.2341
215.7220
216.2098
216.6976
217.1854
217.6732
218.1610
218.6488
219.1366
219.6244
220.1122
220.6000
221.0878
221.5756
222.0634
222.5512
223.0390
223.5268
224.0146
224.5024
224.9902
225.4780
225.9659
226.4537
226.9415
227.4293
227.9171
228.4049
228.8927
229.3805
229.8683
230.3561
230.8439
231.3317
231.8195
232.3073
232.7951
233.2829
233.7707
234.2585
234.7463
235.2341
235.7220
236.2098
236.6976
237.1854
237.6732
238.1610
238.6488
239.1366
239.6244
240.1122
240.6000
241.0878
241.5756
242.0634
242.5512
243.0390
243.5268
244.0146
244.5024
244.9902
245.4780
245.9659
246.4537
246.9415
247.4293
247.9171
248.4049
248.8927
249.3805
249.8683
250.3561
250.8439
251.3317
251.8195
252.3073
252.7951
253.2829
253.7707
254.2585
254.7463
255.2341
255.7220
256.2098
256.6976
257.1854
257.6732
258.1610
258.6488
259.1366
259.6244
260.1122
260.6000
261.0878
261.5756
262.0634
262.5512
263.0390
263.5268
264.0146
264.5024
264.9902
265.4780
265.9659
266.4537
266.9415
267.4293
267.9171
268.4049
268.8927
269.3805
269.8683
270.3561
270.8439
271.3317
271.8195
272.3073
272.7951
273.2829
273.7707
274.2585
274.7463
275.2341
275.7220
276.2098
276.6976
277.1854
277.6732
278.1610
278.6488
279.1366
279.6244
280.1122
280.6000
281.0878
281.5756
282.0634
282.5512
283.0390
283.5268
284.0146
284.5024
284.9902
285.4780
285.9659
286.4537
286.9415
287.4293
287.9171
288.4049
288.8927
289.3805
289.8683
290.3561
290.8439
291.3317
291.8195
292.3073
292.7951
293.2829
293.7707
294.2585
294.7463
295.2341
295.7220
296.2098
296.6976
297.1854
297.6732
298.1610
298.6488
299.1366
299.6244
300.1122
300.6000
301.0878
301.5756
302.0634
302.5512
303.0390
303.5268
304.0146
304.5024
304.9902
305.4780
305.9659
306.4537
306.9415
307.4293
307.9171
308.4049
308.8927
309.3805
309.8683
310.3561
310.8439
311.3317
311.8195
312.3073
312.7951
313.2829
313.7707
314.2585
314.7463
315.2341
315.7220
316.2098
316.6976
317.1854
317.6732
318.1610
318.6488
319.1366
319.6244
320.1122
320.6000
321.0878
321.5756
322.0634
322.5512
323.0390
323.5268
324.0146
324.5024
324.9902
325.4780
325.9659
326.4537
326.9415
327.4293
327.9171
328.4049
328.8927
329.3805
329.8683
330.3561
330.8439
331.3317
331.8195
332.3073
332.7951
333.2829
333.7707
334.2585
334.7463
335.2341
335.7220
336.2098
336.6976
337.1854
337.6732
338.1610
338.6488
339.1366
339.6244
340.1122
340.6000
341.0878
341.5756
342.0634
342.5512
343.0390
343.5268
344.0146
344.5024
344.9902
345.4780
345.9659
346.4537
346.9415
347.4293
347.9171
348.4049
348.8927
349.3805
349.8683
350.3561
350.8439
351.3317
351.8195
352.3073
352.7951
353.2829
353.7707
354.2585
354.7463
355.2341
355.7220
356.2098
356.6976
357.1854
357.6732
358.1610
358.6488
359.1366
359.6244
360.1122
360.6000
361.0878
361.5756
362.0634
362.5512
363.0390
363.5268
364.0146
364.5024
364.9902
365.4780
365.9659
366.4537
366.9415
367.4293
367.9171
368.4049
368.8927
369.3805
369.8683
370.3561
370.8439
371.3317
371.8195
372.3073
372.7951
373.2829
373.7707
374.2585
374.7463
375.2341
375.7220
376.2098
376.6976
377.1854
377.6732
378.1610
378.6488
379.1366
379.6244
380.1122
380.6000
381.0878
381.5756
382.0634
382.5512
383.0390
383.5268
384.0146
384.5024
384.9902
385.4780
385.9659
386.4537
386.9415
387.4293
387.9171
388.4049
388.8927
389.3805
389.8683
390.3561
390.8439
391.3317
391.8195
392.3073
392.7951
393.2829
393.7707
394.2585
394.7463
395.2341
395.7220
396.2098
396.6976
397.1854
397.6732
398.1610
398.6488
399.1366
399.6244
400.1122
400.6000
401.0878
401.5756
402.0634
402.5512
403.0390
403.5268
404.0146
404.5024
404.9902
405.4780
405.9659
406.4537
406.9415
407.4293
407.9171
408.4049
408.8927
409.3805
409.8683
410.3561
410.8439
411.3317
411.8195
412.3073
412.7951
413.2829
413.7707
414.2585
414.7463
415.2341
415.7220
416.2098
416.6976
417.1854
417.6732
418.1610
418.6488
419.1366
419.6244
420.1122
420.6000
421.0878
421.5756
422.0634
422.5512
423.0390
423.5268
424.0146
424.5024
424.9902
425.4780
425.9659
426.4537
426.9415
427.4293
427.9171
428.4049
428.8927
429.3805
429.8683
430.3561
