# Studio-Quantized Ground Truth Beats
# Audio: Another One Bites The Dust - Remastered 2011.mp3
# Verified BPM: 110.00
# Alignment t0: 0.5258s (Period: 0.5455s, Score: 3.250)
# Total Beats: 393
0.5258
1.0713
1.6167
2.1622
2.7076
3.2531
3.7985
4.3440
4.8895
5.4349
5.9804
6.5258
7.0713
7.6167
8.1622
8.7076
9.2531
9.7985
10.3440
10.8895
11.4349
11.9804
12.5258
13.0713
13.6167
14.1622
14.7076
15.2531
15.7985
16.3440
16.8895
17.4349
17.9804
18.5258
19.0713
19.6167
20.1622
20.7076
21.2531
21.7985
22.3440
22.8895
23.4349
23.9804
24.5258
25.0713
25.6167
26.1622
26.7076
27.2531
27.7985
28.3440
28.8895
29.4349
29.9804
30.5258
31.0713
31.6167
32.1622
32.7076
33.2531
33.7985
34.3440
34.8895
35.4349
35.9804
36.5258
37.0713
37.6167
38.1622
38.7076
39.2531
39.7985
40.3440
40.8895
41.4349
41.9804
42.5258
43.0713
43.6167
44.1622
44.7076
45.2531
45.7985
46.3440
46.8895
47.4349
47.9804
48.5258
49.0713
49.6167
50.1622
50.7076
51.2531
51.7985
52.3440
52.8895
53.4349
53.9804
54.5258
55.0713
55.6167
56.1622
56.7076
57.2531
57.7985
58.3440
58.8895
59.4349
59.9804
60.5258
61.0713
61.6167
62.1622
62.7076
63.2531
63.7985
64.3440
64.8895
65.4349
65.9804
66.5258
67.0713
67.6167
68.1622
68.7076
69.2531
69.7985
70.3440
70.8895
71.4349
71.9804
72.5258
73.0713
73.6167
74.1622
74.7076
75.2531
75.7985
76.3440
76.8895
77.4349
77.9804
78.5258
79.0713
79.6167
80.1622
80.7076
81.2531
81.7985
82.3440
82.8895
83.4349
83.9804
84.5258
85.0713
85.6167
86.1622
86.7076
87.2531
87.7985
88.3440
88.8895
89.4349
89.9804
90.5258
91.0713
91.6167
92.1622
92.7076
93.2531
93.7985
94.3440
94.8895
95.4349
95.9804
96.5258
97.0713
97.6167
98.1622
98.7076
99.2531
99.7985
100.3440
100.8895
101.4349
101.9804
102.5258
103.0713
103.6167
104.1622
104.7076
105.2531
105.7985
106.3440
106.8895
107.4349
107.9804
108.5258
109.0713
109.6167
110.1622
110.7076
111.2531
111.7985
112.3440
112.8895
113.4349
113.9804
114.5258
115.0713
115.6167
116.1622
116.7076
117.2531
117.7985
118.3440
118.8895
119.4349
119.9804
120.5258
121.0713
121.6167
122.1622
122.7076
123.2531
123.7985
124.3440
124.8895
125.4349
125.9804
126.5258
127.0713
127.6167
128.1622
128.7076
129.2531
129.7985
130.3440
130.8895
131.4349
131.9804
132.5258
133.0713
133.6167
134.1622
134.7076
135.2531
135.7985
136.3440
136.8895
137.4349
137.9804
138.5258
139.0713
139.6167
140.1622
140.7076
141.2531
141.7985
142.3440
142.8895
143.4349
143.9804
144.5258
145.0713
145.6167
146.1622
146.7076
147.2531
147.7985
148.3440
148.8895
149.4349
149.9804
150.5258
151.0713
151.6167
152.1622
152.7076
153.2531
153.7985
154.3440
154.8895
155.4349
155.9804
156.5258
157.0713
157.6167
158.1622
158.7076
159.2531
159.7985
160.3440
160.8895
161.4349
161.9804
162.5258
163.0713
163.6167
164.1622
164.7076
165.2531
165.7985
166.3440
166.8895
167.4349
167.9804
168.5258
169.0713
169.6167
170.1622
170.7076
171.2531
171.7985
172.3440
172.8895
173.4349
173.9804
174.5258
175.0713
175.6167
176.1622
176.7076
177.2531
177.7985
178.3440
178.8895
179.4349
179.9804
180.5258
181.0713
181.6167
182.1622
182.7076
183.2531
183.7985
184.3440
184.8895
185.4349
185.9804
186.5258
187.0713
187.6167
188.1622
188.7076
189.2531
189.7985
190.3440
190.8895
191.4349
191.9804
192.5258
193.0713
193.6167
194.1622
194.7076
195.2531
195.7985
196.3440
196.8895
197.4349
197.9804
198.5258
199.0713
199.6167
200.1622
200.7076
201.2531
201.7985
202.3440
202.8895
203.4349
203.9804
204.5258
205.0713
205.6167
206.1622
206.7076
207.2531
207.7985
208.3440
208.8895
209.4349
209.9804
210.5258
211.0713
211.6167
212.1622
212.7076
213.2531
213.7985
214.3440
