# Studio-Quantized Ground Truth Beats
# Audio: Boogie Wonderland.mp3
# Verified BPM: 132.00
# Alignment t0: 0.1309s (Period: 0.4545s, Score: 1.623)
# Total Beats: 634
0.1309
0.5855
1.0400
1.4945
1.9491
2.4036
2.8582
3.3127
3.7673
4.2218
4.6764
5.1309
5.5855
6.0400
6.4945
6.9491
7.4036
7.8582
8.3127
8.7673
9.2218
9.6764
10.1309
10.5855
11.0400
11.4945
11.9491
12.4036
12.8582
13.3127
13.7673
14.2218
14.6764
15.1309
15.5855
16.0400
16.4945
16.9491
17.4036
17.8582
18.3127
18.7673
19.2218
19.6764
20.1309
20.5855
21.0400
21.4945
21.9491
22.4036
22.8582
23.3127
23.7673
24.2218
24.6764
25.1309
25.5855
26.0400
26.4945
26.9491
27.4036
27.8582
28.3127
28.7673
29.2218
29.6764
30.1309
30.5855
31.0400
31.4945
31.9491
32.4036
32.8582
33.3127
33.7673
34.2218
34.6764
35.1309
35.5855
36.0400
36.4945
36.9491
37.4036
37.8582
38.3127
38.7673
39.2218
39.6764
40.1309
40.5855
41.0400
41.4945
41.9491
42.4036
42.8582
43.3127
43.7673
44.2218
44.6764
45.1309
45.5855
46.0400
46.4945
46.9491
47.4036
47.8582
48.3127
48.7673
49.2218
49.6764
50.1309
50.5855
51.0400
51.4945
51.9491
52.4036
52.8582
53.3127
53.7673
54.2218
54.6764
55.1309
55.5855
56.0400
56.4945
56.9491
57.4036
57.8582
58.3127
58.7673
59.2218
59.6764
60.1309
60.5855
61.0400
61.4945
61.9491
62.4036
62.8582
63.3127
63.7673
64.2218
64.6764
65.1309
65.5855
66.0400
66.4945
66.9491
67.4036
67.8582
68.3127
68.7673
69.2218
69.6764
70.1309
70.5855
71.0400
71.4945
71.9491
72.4036
72.8582
73.3127
73.7673
74.2218
74.6764
75.1309
75.5855
76.0400
76.4945
76.9491
77.4036
77.8582
78.3127
78.7673
79.2218
79.6764
80.1309
80.5855
81.0400
81.4945
81.9491
82.4036
82.8582
83.3127
83.7673
84.2218
84.6764
85.1309
85.5855
86.0400
86.4945
86.9491
87.4036
87.8582
88.3127
88.7673
89.2218
89.6764
90.1309
90.5855
91.0400
91.4945
91.9491
92.4036
92.8582
93.3127
93.7673
94.2218
94.6764
95.1309
95.5855
96.0400
96.4945
96.9491
97.4036
97.8582
98.3127
98.7673
99.2218
99.6764
100.1309
100.5855
101.0400
101.4945
101.9491
102.4036
102.8582
103.3127
103.7673
104.2218
104.6764
105.1309
105.5855
106.0400
106.4945
106.9491
107.4036
107.8582
108.3127
108.7673
109.2218
109.6764
110.1309
110.5855
111.0400
111.4945
111.9491
112.4036
112.8582
113.3127
113.7673
114.2218
114.6764
115.1309
115.5855
116.0400
116.4945
116.9491
117.4036
117.8582
118.3127
118.7673
119.2218
119.6764
120.1309
120.5855
121.0400
121.4945
121.9491
122.4036
122.8582
123.3127
123.7673
124.2218
124.6764
125.1309
125.5855
126.0400
126.4945
126.9491
127.4036
127.8582
128.3127
128.7673
129.2218
129.6764
130.1309
130.5855
131.0400
131.4945
131.9491
132.4036
132.8582
133.3127
133.7673
134.2218
134.6764
135.1309
135.5855
136.0400
136.4945
136.9491
137.4036
137.8582
138.3127
138.7673
139.2218
139.6764
140.1309
140.5855
141.0400
141.4945
141.9491
142.4036
142.8582
143.3127
143.7673
144.2218
144.6764
145.1309
145.5855
146.0400
146.4945
146.9491
147.4036
147.8582
148.3127
148.7673
149.2218
149.6764
150.1309
150.5855
151.0400
151.4945
151.9491
152.4036
152.8582
153.3127
153.7673
154.2218
154.6764
155.1309
155.5855
156.0400
156.4945
156.9491
157.4036
157.8582
158.3127
158.7673
159.2218
159.6764
160.1309
160.5855
161.0400
161.4945
161.9491
162.4036
162.8582
163.3127
163.7673
164.2218
164.6764
165.1309
165.5855
166.0400
166.4945
166.9491
167.4036
167.8582
168.3127
168.7673
169.2218
169.6764
170.1309
170.5855
171.0400
171.4945
171.9491
172.4036
172.8582
173.3127
173.7673
174.2218
174.6764
175.1309
175.5855
176.0400
176.4945
176.9491
177.4036
177.8582
178.3127
178.7673
179.2218
179.6764
180.1309
180.5855
181.0400
181.4945
181.9491
182.4036
182.8582
183.3127
183.7673
184.2218
184.6764
185.1309
185.5855
186.0400
186.4945
186.9491
187.4036
187.8582
188.3127
188.7673
189.2218
189.6764
190.1309
190.5855
191.0400
191.4945
191.9491
192.4036
192.8582
193.3127
193.7673
194.2218
194.6764
195.1309
195.5855
196.0400
196.4945
196.9491
197.4036
197.8582
198.3127
198.7673
199.2218
199.6764
200.1309
200.5855
201.0400
201.4945
201.9491
202.4036
202.8582
203.3127
203.7673
204.2218
204.6764
205.1309
205.5855
206.0400
206.4945
206.9491
207.4036
207.8582
208.3127
208.7673
209.2218
209.6764
210.1309
210.5855
211.0400
211.4945
211.9491
212.4036
212.8582
213.3127
213.7673
214.2218
214.6764
215.1309
215.5855
216.0400
216.4945
216.9491
217.4036
217.8582
218.3127
218.7673
219.2218
219.6764
220.1309
220.5855
221.0400
221.4945
221.9491
222.4036
222.8582
223.3127
223.7673
224.2218
224.6764
225.1309
225.5855
226.0400
226.4945
226.9491
227.4036
227.8582
228.3127
228.7673
229.2218
229.6764
230.1309
230.5855
231.0400
231.4945
231.9491
232.4036
232.8582
233.3127
233.7673
234.2218
234.6764
235.1309
235.5855
236.0400
236.4945
236.9491
237.4036
237.8582
238.3127
238.7673
239.2218
239.6764
240.1309
240.5855
241.0400
241.4945
241.9491
242.4036
242.8582
243.3127
243.7673
244.2218
244.6764
245.1309
245.5855
246.0400
246.4945
246.9491
247.4036
247.8582
248.3127
248.7673
249.2218
249.6764
250.1309
250.5855
251.0400
251.4945
251.9491
252.4036
252.8582
253.3127
253.7673
254.2218
254.6764
255.1309
255.5855
256.0400
256.4945
256.9491
257.4036
257.8582
258.3127
258.7673
259.2218
259.6764
260.1309
260.5855
261.0400
261.4945
261.9491
262.4036
262.8582
263.3127
263.7673
264.2218
264.6764
265.1309
265.5855
266.0400
266.4945
266.9491
267.4036
267.8582
268.3127
268.7673
269.2218
269.6764
270.1309
270.5855
271.0400
271.4945
271.9491
272.4036
272.8582
273.3127
273.7673
274.2218
274.6764
275.1309
275.5855
276.0400
276.4945
276.9491
277.4036
277.8582
278.3127
278.7673
279.2218
279.6764
280.1309
280.5855
281.0400
281.4945
281.9491
282.4036
282.8582
283.3127
283.7673
284.2218
284.6764
285.1309
285.5855
286.0400
286.4945
286.9491
287.4036
287.8582
