# Studio-Quantized Ground Truth Beats
# Audio: Come Together - Remastered.mp3
# Verified BPM: 83.00
# Alignment t0: 0.5870s (Period: 0.7229s, Score: 1.596)
# Total Beats: 359
0.5870
1.3099
2.0328
2.7557
3.4786
4.2014
4.9243
5.6472
6.3701
7.0930
7.8159
8.5388
9.2617
9.9846
10.7075
11.4304
12.1533
12.8761
13.5990
14.3219
15.0448
15.7677
16.4906
17.2135
17.9364
18.6593
19.3822
20.1051
20.8280
21.5508
22.2737
22.9966
23.7195
24.4424
25.1653
25.8882
26.6111
27.3340
28.0569
28.7798
29.5027
30.2255
30.9484
31.6713
32.3942
33.1171
33.8400
34.5629
35.2858
36.0087
36.7316
37.4545
38.1773
38.9002
39.6231
40.3460
41.0689
41.7918
42.5147
43.2376
43.9605
44.6834
45.4063
46.1292
46.8520
47.5749
48.2978
49.0207
49.7436
50.4665
51.1894
51.9123
52.6352
53.3581
54.0810
54.8039
55.5267
56.2496
56.9725
57.6954
58.4183
59.1412
59.8641
60.5870
61.3099
62.0328
62.7557
63.4786
64.2014
64.9243
65.6472
66.3701
67.0930
67.8159
68.5388
69.2617
69.9846
70.7075
71.4304
72.1533
72.8761
73.5990
74.3219
75.0448
75.7677
76.4906
77.2135
77.9364
78.6593
79.3822
80.1051
80.8280
81.5508
82.2737
82.9966
83.7195
84.4424
85.1653
85.8882
86.6111
87.3340
88.0569
88.7798
89.5027
90.2255
90.9484
91.6713
92.3942
93.1171
93.8400
94.5629
95.2858
96.0087
96.7316
97.4545
98.1773
98.9002
99.6231
100.3460
101.0689
101.7918
102.5147
103.2376
103.9605
104.6834
105.4063
106.1292
106.8520
107.5749
108.2978
109.0207
109.7436
110.4665
111.1894
111.9123
112.6352
113.3581
114.0810
114.8039
115.5267
116.2496
116.9725
117.6954
118.4183
119.1412
119.8641
120.5870
121.3099
122.0328
122.7557
123.4786
124.2014
124.9243
125.6472
126.3701
127.0930
127.8159
128.5388
129.2617
129.9846
130.7075
131.4304
132.1533
132.8761
133.5990
134.3219
135.0448
135.7677
136.4906
137.2135
137.9364
138.6593
139.3822
140.1051
140.8280
141.5508
142.2737
142.9966
143.7195
144.4424
145.1653
145.8882
146.6111
147.3340
148.0569
148.7798
149.5027
150.2255
150.9484
151.6713
152.3942
153.1171
153.8400
154.5629
155.2858
156.0087
156.7316
157.4545
158.1773
158.9002
159.6231
160.3460
161.0689
161.7918
162.5147
163.2376
163.9605
164.6834
165.4063
166.1292
166.8520
167.5749
168.2978
169.0207
169.7436
170.4665
171.1894
171.9123
172.6352
173.3581
174.0810
174.8039
175.5267
176.2496
176.9725
177.6954
178.4183
179.1412
179.8641
180.5870
181.3099
182.0328
182.7557
183.4786
184.2014
184.9243
185.6472
186.3701
187.0930
187.8159
188.5388
189.2617
189.9846
190.7075
191.4304
192.1533
192.8761
193.5990
194.3219
195.0448
195.7677
196.4906
197.2135
197.9364
198.6593
199.3822
200.1051
200.8280
201.5508
202.2737
202.9966
203.7195
204.4424
205.1653
205.8882
206.6111
207.3340
208.0569
208.7798
209.5027
210.2255
210.9484
211.6713
212.3942
213.1171
213.8400
214.5629
215.2858
216.0087
216.7316
217.4545
218.1773
218.9002
219.6231
220.3460
221.0689
221.7918
222.5147
223.2376
223.9605
224.6834
225.4063
226.1292
226.8520
227.5749
228.2978
229.0207
229.7436
230.4665
231.1894
231.9123
232.6352
233.3581
234.0810
234.8039
235.5267
236.2496
236.9725
237.6954
238.4183
239.1412
239.8641
240.5870
241.3099
242.0328
242.7557
243.4786
244.2014
244.9243
245.6472
246.3701
247.0930
247.8159
248.5388
249.2617
249.9846
250.7075
251.4304
252.1533
252.8761
253.5990
254.3219
255.0448
255.7677
256.4906
257.2135
257.9364
258.6593
259.3822
