# Frozen Reference Beats for Djon maya maï (feat. Victor Démé)
# Extracted from playground benchmark archive
0.0464
0.6037
1.1842
1.7415
2.3104
2.9025
3.4714
4.0287
4.6092
5.1897
5.7702
6.3390
6.9195
7.4884
8.0573
8.6146
9.1719
9.7524
10.3213
10.8902
11.4590
12.0279
12.6084
13.1773
13.7462
14.3151
14.8956
15.4645
16.0334
16.6023
17.1712
17.7400
18.3205
18.8894
19.4583
20.0272
20.6077
21.1766
21.7455
22.3144
22.8949
23.4638
24.0327
24.6015
25.1820
25.7509
26.3198
26.8887
27.4576
28.0381
28.6070
29.1759
29.7448
30.3137
30.8941
31.4630
32.0319
32.6008
33.1813
33.7502
34.3191
34.8880
35.4569
36.0374
36.6179
37.1868
37.7556
38.3245
38.8934
39.4739
40.0428
40.6117
41.1806
41.7611
42.3300
42.8989
43.4910
44.0715
44.6288
45.2093
45.7781
46.3470
46.9043
47.4964
48.0653
48.6342
49.2031
49.7720
50.3641
50.9214
51.5019
52.0707
52.6512
53.2085
53.7774
54.3463
54.9384
55.4957
56.0646
56.6335
57.2140
57.7829
58.3517
58.9090
59.4895
60.0584
60.6273
61.2078
61.7651
62.3456
62.9261
63.4950
64.0755
64.6327
65.2016
65.7821
66.3510
66.9199
67.5004
68.0693
68.6498
69.2071
69.7876
70.3565
70.9370
71.4942
72.0747
72.6436
73.2241
73.8046
74.3735
74.9424
75.4997
76.1498
76.8000
77.2296
77.7752
78.3441
78.9246
79.4935
80.0624
80.6313
81.2002
81.7691
82.3496
82.9185
83.4873
84.0678
84.6367
85.2056
85.7745
86.3434
86.9239
87.4928
88.0733
88.6422
89.2111
89.7916
90.3605
90.9293
91.4982
92.0671
92.6476
93.2165
93.7970
94.3659
94.9348
95.5037
96.0726
96.6415
97.2220
97.7908
98.3597
98.9286
99.4975
100.0664
100.6469
101.2158
101.7847
102.3536
102.9341
103.5029
104.0718
104.6407
105.2096
105.7901
106.3590
106.8350
107.4039
107.9728
108.5533
109.1222
109.6911
110.2600
110.8405
111.4093
111.9898
112.5587
113.1276
113.6965
114.2654
114.8343
115.3916
115.9837
116.5526
117.1215
117.6903
118.2592
118.8397
119.4086
119.9775
120.5580
121.1269
121.6958
122.2647
122.8452
123.4141
123.9829
124.5634
125.1207
125.6083
126.1076
126.6765
127.2454
127.8142
128.3947
128.9636
129.5325
130.1130
130.6819
131.2624
131.8197
132.3886
132.9691
133.5380
134.1068
134.6757
135.2446
135.8251
136.3940
136.9629
137.5318
138.1123
138.6812
139.2501
139.8190
140.3878
140.9683
141.5372
142.1061
142.6750
143.2439
143.8244
144.3933
144.9622
145.5311
146.1116
146.6805
147.2610
147.8531
148.4103
148.9792
149.5481
150.1054
150.6743
151.2548
151.8237
152.3926
152.9615
153.5303
154.1108
154.6797
155.2486
155.8175
156.3864
156.9669
157.5358
158.1047
158.6736
159.2424
159.8229
160.3918
160.9607
161.5296
162.1101
162.6790
163.2479
163.8168
164.3973
164.9662
165.5351
166.1039
166.6844
167.2533
167.8222
168.3911
168.9600
169.5405
170.1094
170.6783
171.2472
171.8161
172.3966
172.9654
173.5343
174.1032
174.6721
175.2526
175.8331
176.4020
176.9709
177.5398
178.1203
178.6892
179.2580
179.8269
180.4074
180.9763
181.5452
182.1141
182.6830
183.2635
183.8324
184.4013
184.9818
185.5507
186.1195
186.6884
187.2573
