# Studio-Quantized Ground Truth Beats
# Audio: Feeling Good.mp3
# Verified BPM: 139.00
# Alignment t0: 0.3993s (Period: 0.4317s, Score: 1.433)
# Total Beats: 460
0.3993
0.8309
1.2626
1.6942
2.1259
2.5576
2.9892
3.4209
3.8525
4.2842
4.7158
5.1475
5.5791
6.0108
6.4424
6.8741
7.3058
7.7374
8.1691
8.6007
9.0324
9.4640
9.8957
10.3273
10.7590
11.1906
11.6223
12.0540
12.4856
12.9173
13.3489
13.7806
14.2122
14.6439
15.0755
15.5072
15.9388
16.3705
16.8022
17.2338
17.6655
18.0971
18.5288
18.9604
19.3921
19.8237
20.2554
20.6871
21.1187
21.5504
21.9820
22.4137
22.8453
23.2770
23.7086
24.1403
24.5719
25.0036
25.4353
25.8669
26.2986
26.7302
27.1619
27.5935
28.0252
28.4568
28.8885
29.3201
29.7518
30.1835
30.6151
31.0468
31.4784
31.9101
32.3417
32.7734
33.2050
33.6367
34.0683
34.5000
34.9317
35.3633
35.7950
36.2266
36.6583
37.0899
37.5216
37.9532
38.3849
38.8165
39.2482
39.6799
40.1115
40.5432
40.9748
41.4065
41.8381
42.2698
42.7014
43.1331
43.5647
43.9964
44.4281
44.8597
45.2914
45.7230
46.1547
46.5863
47.0180
47.4496
47.8813
48.3129
48.7446
49.1763
49.6079
50.0396
50.4712
50.9029
51.3345
51.7662
52.1978
52.6295
53.0612
53.4928
53.9245
54.3561
54.7878
55.2194
55.6511
56.0827
56.5144
56.9460
57.3777
57.8094
58.2410
58.6727
59.1043
59.5360
59.9676
60.3993
60.8309
61.2626
61.6942
62.1259
62.5576
62.9892
63.4209
63.8525
64.2842
64.7158
65.1475
65.5791
66.0108
66.4424
66.8741
67.3058
67.7374
68.1691
68.6007
69.0324
69.4640
69.8957
70.3273
70.7590
71.1906
71.6223
72.0540
72.4856
72.9173
73.3489
73.7806
74.2122
74.6439
75.0755
75.5072
75.9388
76.3705
76.8022
77.2338
77.6655
78.0971
78.5288
78.9604
79.3921
79.8237
80.2554
80.6871
81.1187
81.5504
81.9820
82.4137
82.8453
83.2770
83.7086
84.1403
84.5719
85.0036
85.4353
85.8669
86.2986
86.7302
87.1619
87.5935
88.0252
88.4568
88.8885
89.3201
89.7518
90.1835
90.6151
91.0468
91.4784
91.9101
92.3417
92.7734
93.2050
93.6367
94.0683
94.5000
94.9317
95.3633
95.7950
96.2266
96.6583
97.0899
97.5216
97.9532
98.3849
98.8165
99.2482
99.6799
100.1115
100.5432
100.9748
101.4065
101.8381
102.2698
102.7014
103.1331
103.5647
103.9964
104.4281
104.8597
105.2914
105.7230
106.1547
106.5863
107.0180
107.4496
107.8813
108.3129
108.7446
109.1763
109.6079
110.0396
110.4712
110.9029
111.3345
111.7662
112.1978
112.6295
113.0612
113.4928
113.9245
114.3561
114.7878
115.2194
115.6511
116.0827
116.5144
116.9460
117.3777
117.8094
118.2410
118.6727
119.1043
119.5360
119.9676
120.3993
120.8309
121.2626
121.6942
122.1259
122.5576
122.9892
123.4209
123.8525
124.2842
124.7158
125.1475
125.5791
126.0108
126.4424
126.8741
127.3058
127.7374
128.1691
128.6007
129.0324
129.4640
129.8957
130.3273
130.7590
131.1906
131.6223
132.0540
132.4856
132.9173
133.3489
133.7806
134.2122
134.6439
135.0755
135.5072
135.9388
136.3705
136.8022
137.2338
137.6655
138.0971
138.5288
138.9604
139.3921
139.8237
140.2554
140.6871
141.1187
141.5504
141.9820
142.4137
142.8453
143.2770
143.7086
144.1403
144.5719
145.0036
145.4353
145.8669
146.2986
146.7302
147.1619
147.5935
148.0252
148.4568
148.8885
149.3201
149.7518
150.1835
150.6151
151.0468
151.4784
151.9101
152.3417
152.7734
153.2050
153.6367
154.0683
154.5000
154.9317
155.3633
155.7950
156.2266
156.6583
157.0899
157.5216
157.9532
158.3849
158.8165
159.2482
159.6799
160.1115
160.5432
160.9748
161.4065
161.8381
162.2698
162.7014
163.1331
163.5647
163.9964
164.4281
164.8597
165.2914
165.7230
166.1547
166.5863
167.0180
167.4496
167.8813
168.3129
168.7446
169.1763
169.6079
170.0396
170.4712
170.9029
171.3345
171.7662
172.1978
172.6295
173.0612
173.4928
173.9245
174.3561
174.7878
175.2194
175.6511
176.0827
176.5144
176.9460
177.3777
177.8094
178.2410
178.6727
179.1043
179.5360
179.9676
180.3993
180.8309
181.2626
181.6942
182.1259
182.5576
182.9892
183.4209
183.8525
184.2842
184.7158
185.1475
185.5791
186.0108
186.4424
186.8741
187.3058
187.7374
188.1691
188.6007
189.0324
189.4640
189.8957
190.3273
190.7590
191.1906
191.6223
192.0540
192.4856
192.9173
193.3489
193.7806
194.2122
194.6439
195.0755
195.5072
195.9388
196.3705
196.8022
197.2338
197.6655
198.0971
198.5288
