# Studio-Quantized Ground Truth Beats
# Audio: Foule sentimentale.mp3
# Verified BPM: 110.00
# Alignment t0: 0.2847s (Period: 0.5455s, Score: 2.916)
# Total Beats: 596
0.2847
0.8302
1.3756
1.9211
2.4665
3.0120
3.5575
4.1029
4.6484
5.1938
5.7393
6.2847
6.8302
7.3756
7.9211
8.4665
9.0120
9.5575
10.1029
10.6484
11.1938
11.7393
12.2847
12.8302
13.3756
13.9211
14.4665
15.0120
15.5575
16.1029
16.6484
17.1938
17.7393
18.2847
18.8302
19.3756
19.9211
20.4665
21.0120
21.5575
22.1029
22.6484
23.1938
23.7393
24.2847
24.8302
25.3756
25.9211
26.4665
27.0120
27.5575
28.1029
28.6484
29.1938
29.7393
30.2847
30.8302
31.3756
31.9211
32.4665
33.0120
33.5575
34.1029
34.6484
35.1938
35.7393
36.2847
36.8302
37.3756
37.9211
38.4665
39.0120
39.5575
40.1029
40.6484
41.1938
41.7393
42.2847
42.8302
43.3756
43.9211
44.4665
45.0120
45.5575
46.1029
46.6484
47.1938
47.7393
48.2847
48.8302
49.3756
49.9211
50.4665
51.0120
51.5575
52.1029
52.6484
53.1938
53.7393
54.2847
54.8302
55.3756
55.9211
56.4665
57.0120
57.5575
58.1029
58.6484
59.1938
59.7393
60.2847
60.8302
61.3756
61.9211
62.4665
63.0120
63.5575
64.1029
64.6484
65.1938
65.7393
66.2847
66.8302
67.3756
67.9211
68.4665
69.0120
69.5575
70.1029
70.6484
71.1938
71.7393
72.2847
72.8302
73.3756
73.9211
74.4665
75.0120
75.5575
76.1029
76.6484
77.1938
77.7393
78.2847
78.8302
79.3756
79.9211
80.4665
81.0120
81.5575
82.1029
82.6484
83.1938
83.7393
84.2847
84.8302
85.3756
85.9211
86.4665
87.0120
87.5575
88.1029
88.6484
89.1938
89.7393
90.2847
90.8302
91.3756
91.9211
92.4665
93.0120
93.5575
94.1029
94.6484
95.1938
95.7393
96.2847
96.8302
97.3756
97.9211
98.4665
99.0120
99.5575
100.1029
100.6484
101.1938
101.7393
102.2847
102.8302
103.3756
103.9211
104.4665
105.0120
105.5575
106.1029
106.6484
107.1938
107.7393
108.2847
108.8302
109.3756
109.9211
110.4665
111.0120
111.5575
112.1029
112.6484
113.1938
113.7393
114.2847
114.8302
115.3756
115.9211
116.4665
117.0120
117.5575
118.1029
118.6484
119.1938
119.7393
120.2847
120.8302
121.3756
121.9211
122.4665
123.0120
123.5575
124.1029
124.6484
125.1938
125.7393
126.2847
126.8302
127.3756
127.9211
128.4665
129.0120
129.5575
130.1029
130.6484
131.1938
131.7393
132.2847
132.8302
133.3756
133.9211
134.4665
135.0120
135.5575
136.1029
136.6484
137.1938
137.7393
138.2847
138.8302
139.3756
139.9211
140.4665
141.0120
141.5575
142.1029
142.6484
143.1938
143.7393
144.2847
144.8302
145.3756
145.9211
146.4665
147.0120
147.5575
148.1029
148.6484
149.1938
149.7393
150.2847
150.8302
151.3756
151.9211
152.4665
153.0120
153.5575
154.1029
154.6484
155.1938
155.7393
156.2847
156.8302
157.3756
157.9211
158.4665
159.0120
159.5575
160.1029
160.6484
161.1938
161.7393
162.2847
162.8302
163.3756
163.9211
164.4665
165.0120
165.5575
166.1029
166.6484
167.1938
167.7393
168.2847
168.8302
169.3756
169.9211
170.4665
171.0120
171.5575
172.1029
172.6484
173.1938
173.7393
174.2847
174.8302
175.3756
175.9211
176.4665
177.0120
177.5575
178.1029
178.6484
179.1938
179.7393
180.2847
180.8302
181.3756
181.9211
182.4665
183.0120
183.5575
184.1029
184.6484
185.1938
185.7393
186.2847
186.8302
187.3756
187.9211
188.4665
189.0120
189.5575
190.1029
190.6484
191.1938
191.7393
192.2847
192.8302
193.3756
193.9211
194.4665
195.0120
195.5575
196.1029
196.6484
197.1938
197.7393
198.2847
198.8302
199.3756
199.9211
200.4665
201.0120
201.5575
202.1029
202.6484
203.1938
203.7393
204.2847
204.8302
205.3756
205.9211
206.4665
207.0120
207.5575
208.1029
208.6484
209.1938
209.7393
210.2847
210.8302
211.3756
211.9211
212.4665
213.0120
213.5575
214.1029
214.6484
215.1938
215.7393
216.2847
216.8302
217.3756
217.9211
218.4665
219.0120
219.5575
220.1029
220.6484
221.1938
221.7393
222.2847
222.8302
223.3756
223.9211
224.4665
225.0120
225.5575
226.1029
226.6484
227.1938
227.7393
228.2847
228.8302
229.3756
229.9211
230.4665
231.0120
231.5575
232.1029
232.6484
233.1938
233.7393
234.2847
234.8302
235.3756
235.9211
236.4665
237.0120
237.5575
238.1029
238.6484
239.1938
239.7393
240.2847
240.8302
241.3756
241.9211
242.4665
243.0120
243.5575
244.1029
244.6484
245.1938
245.7393
246.2847
246.8302
247.3756
247.9211
248.4665
249.0120
249.5575
250.1029
250.6484
251.1938
251.7393
252.2847
252.8302
253.3756
253.9211
254.4665
255.0120
255.5575
256.1029
256.6484
257.1938
257.7393
258.2847
258.8302
259.3756
259.9211
260.4665
261.0120
261.5575
262.1029
262.6484
263.1938
263.7393
264.2847
264.8302
265.3756
265.9211
266.4665
267.0120
267.5575
268.1029
268.6484
269.1938
269.7393
270.2847
270.8302
271.3756
271.9211
272.4665
273.0120
273.5575
274.1029
274.6484
275.1938
275.7393
276.2847
276.8302
277.3756
277.9211
278.4665
279.0120
279.5575
280.1029
280.6484
281.1938
281.7393
282.2847
282.8302
283.3756
283.9211
284.4665
285.0120
285.5575
286.1029
286.6484
287.1938
287.7393
288.2847
288.8302
289.3756
289.9211
290.4665
291.0120
291.5575
292.1029
292.6484
293.1938
293.7393
294.2847
294.8302
295.3756
295.9211
296.4665
297.0120
297.5575
298.1029
298.6484
299.1938
299.7393
300.2847
300.8302
301.3756
301.9211
302.4665
303.0120
303.5575
304.1029
304.6484
305.1938
305.7393
306.2847
306.8302
307.3756
307.9211
308.4665
309.0120
309.5575
310.1029
310.6484
311.1938
311.7393
312.2847
312.8302
313.3756
313.9211
314.4665
315.0120
315.5575
316.1029
316.6484
317.1938
317.7393
318.2847
318.8302
319.3756
319.9211
320.4665
321.0120
321.5575
322.1029
322.6484
323.1938
323.7393
324.2847
324.8302
