# Studio-Quantized Ground Truth Beats
# Audio: Good Vibrations - Remastered 2001.mp3
# Verified BPM: 133.00
# Alignment t0: 0.4182s (Period: 0.4511s, Score: 1.464)
# Total Beats: 485
0.4182
0.8693
1.3205
1.7716
2.2227
2.6738
3.1250
3.5761
4.0272
4.4783
4.9295
5.3806
5.8317
6.2829
6.7340
7.1851
7.6362
8.0874
8.5385
8.9896
9.4408
9.8919
10.3430
10.7941
11.2453
11.6964
12.1475
12.5986
13.0498
13.5009
13.9520
14.4032
14.8543
15.3054
15.7565
16.2077
16.6588
17.1099
17.5611
18.0122
18.4633
18.9144
19.3656
19.8167
20.2678
20.7189
21.1701
21.6212
22.0723
22.5235
22.9746
23.4257
23.8768
24.3280
24.7791
25.2302
25.6814
26.1325
26.5836
27.0347
27.4859
27.9370
28.3881
28.8392
29.2904
29.7415
30.1926
30.6438
31.0949
31.5460
31.9971
32.4483
32.8994
33.3505
33.8017
34.2528
34.7039
35.1550
35.6062
36.0573
36.5084
36.9595
37.4107
37.8618
38.3129
38.7641
39.2152
39.6663
40.1174
40.5686
41.0197
41.4708
41.9220
42.3731
42.8242
43.2753
43.7265
44.1776
44.6287
45.0798
45.5310
45.9821
46.4332
46.8844
47.3355
47.7866
48.2377
48.6889
49.1400
49.5911
50.0423
50.4934
50.9445
51.3956
51.8468
52.2979
52.7490
53.2002
53.6513
54.1024
54.5535
55.0047
55.4558
55.9069
56.3580
56.8092
57.2603
57.7114
58.1626
58.6137
59.0648
59.5159
59.9671
60.4182
60.8693
61.3205
61.7716
62.2227
62.6738
63.1250
63.5761
64.0272
64.4783
64.9295
65.3806
65.8317
66.2829
66.7340
67.1851
67.6362
68.0874
68.5385
68.9896
69.4408
69.8919
70.3430
70.7941
71.2453
71.6964
72.1475
72.5986
73.0498
73.5009
73.9520
74.4032
74.8543
75.3054
75.7565
76.2077
76.6588
77.1099
77.5611
78.0122
78.4633
78.9144
79.3656
79.8167
80.2678
80.7189
81.1701
81.6212
82.0723
82.5235
82.9746
83.4257
83.8768
84.3280
84.7791
85.2302
85.6814
86.1325
86.5836
87.0347
87.4859
87.9370
88.3881
88.8392
89.2904
89.7415
90.1926
90.6438
91.0949
91.5460
91.9971
92.4483
92.8994
93.3505
93.8017
94.2528
94.7039
95.1550
95.6062
96.0573
96.5084
96.9595
97.4107
97.8618
98.3129
98.7641
99.2152
99.6663
100.1174
100.5686
101.0197
101.4708
101.9220
102.3731
102.8242
103.2753
103.7265
104.1776
104.6287
105.0798
105.5310
105.9821
106.4332
106.8844
107.3355
107.7866
108.2377
108.6889
109.1400
109.5911
110.0423
110.4934
110.9445
111.3956
111.8468
112.2979
112.7490
113.2002
113.6513
114.1024
114.5535
115.0047
115.4558
115.9069
116.3580
116.8092
117.2603
117.7114
118.1626
118.6137
119.0648
119.5159
119.9671
120.4182
120.8693
121.3205
121.7716
122.2227
122.6738
123.1250
123.5761
124.0272
124.4783
124.9295
125.3806
125.8317
126.2829
126.7340
127.1851
127.6362
128.0874
128.5385
128.9896
129.4408
129.8919
130.3430
130.7941
131.2453
131.6964
132.1475
132.5986
133.0498
133.5009
133.9520
134.4032
134.8543
135.3054
135.7565
136.2077
136.6588
137.1099
137.5611
138.0122
138.4633
138.9144
139.3656
139.8167
140.2678
140.7189
141.1701
141.6212
142.0723
142.5235
142.9746
143.4257
143.8768
144.3280
144.7791
145.2302
145.6814
146.1325
146.5836
147.0347
147.4859
147.9370
148.3881
148.8392
149.2904
149.7415
150.1926
150.6438
151.0949
151.5460
151.9971
152.4483
152.8994
153.3505
153.8017
154.2528
154.7039
155.1550
155.6062
156.0573
156.5084
156.9595
157.4107
157.8618
158.3129
158.7641
159.2152
159.6663
160.1174
160.5686
161.0197
161.4708
161.9220
162.3731
162.8242
163.2753
163.7265
164.1776
164.6287
165.0798
165.5310
165.9821
166.4332
166.8844
167.3355
167.7866
168.2377
168.6889
169.1400
169.5911
170.0423
170.4934
170.9445
171.3956
171.8468
172.2979
172.7490
173.2002
173.6513
174.1024
174.5535
175.0047
175.4558
175.9069
176.3580
176.8092
177.2603
177.7114
178.1626
178.6137
179.0648
179.5159
179.9671
180.4182
180.8693
181.3205
181.7716
182.2227
182.6738
183.1250
183.5761
184.0272
184.4783
184.9295
185.3806
185.8317
186.2829
186.7340
187.1851
187.6362
188.0874
188.5385
188.9896
189.4408
189.8919
190.3430
190.7941
191.2453
191.6964
192.1475
192.5986
193.0498
193.5009
193.9520
194.4032
194.8543
195.3054
195.7565
196.2077
196.6588
197.1099
197.5611
198.0122
198.4633
198.9144
199.3656
199.8167
200.2678
200.7189
201.1701
201.6212
202.0723
202.5235
202.9746
203.4257
203.8768
204.3280
204.7791
205.2302
205.6814
206.1325
206.5836
207.0347
207.4859
207.9370
208.3881
208.8392
209.2904
209.7415
210.1926
210.6438
211.0949
211.5460
211.9971
212.4483
212.8994
213.3505
213.8017
214.2528
214.7039
215.1550
215.6062
216.0573
216.5084
216.9595
217.4107
217.8618
218.3129
218.7641
