# Studio-Quantized Ground Truth Beats
# Audio: Here Comes The Sun - Remastered.mp3
# Verified BPM: 129.00
# Alignment t0: 0.0023s (Period: 0.4651s, Score: 1.271)
# Total Beats: 400
0.0023
0.4674
0.9326
1.3977
1.8628
2.3279
2.7930
3.2581
3.7233
4.1884
4.6535
5.1186
5.5837
6.0488
6.5140
6.9791
7.4442
7.9093
8.3744
8.8395
9.3047
9.7698
10.2349
10.7000
11.1651
11.6302
12.0953
12.5605
13.0256
13.4907
13.9558
14.4209
14.8860
15.3512
15.8163
16.2814
16.7465
17.2116
17.6767
18.1419
18.6070
19.0721
19.5372
20.0023
20.4674
20.9326
21.3977
21.8628
22.3279
22.7930
23.2581
23.7233
24.1884
24.6535
25.1186
25.5837
26.0488
26.5140
26.9791
27.4442
27.9093
28.3744
28.8395
29.3047
29.7698
30.2349
30.7000
31.1651
31.6302
32.0953
32.5605
33.0256
33.4907
33.9558
34.4209
34.8860
35.3512
35.8163
36.2814
36.7465
37.2116
37.6767
38.1419
38.6070
39.0721
39.5372
40.0023
40.4674
40.9326
41.3977
41.8628
42.3279
42.7930
43.2581
43.7233
44.1884
44.6535
45.1186
45.5837
46.0488
46.5140
46.9791
47.4442
47.9093
48.3744
48.8395
49.3047
49.7698
50.2349
50.7000
51.1651
51.6302
52.0953
52.5605
53.0256
53.4907
53.9558
54.4209
54.8860
55.3512
55.8163
56.2814
56.7465
57.2116
57.6767
58.1419
58.6070
59.0721
59.5372
60.0023
60.4674
60.9326
61.3977
61.8628
62.3279
62.7930
63.2581
63.7233
64.1884
64.6535
65.1186
65.5837
66.0488
66.5140
66.9791
67.4442
67.9093
68.3744
68.8395
69.3047
69.7698
70.2349
70.7000
71.1651
71.6302
72.0953
72.5605
73.0256
73.4907
73.9558
74.4209
74.8860
75.3512
75.8163
76.2814
76.7465
77.2116
77.6767
78.1419
78.6070
79.0721
79.5372
80.0023
80.4674
80.9326
81.3977
81.8628
82.3279
82.7930
83.2581
83.7233
84.1884
84.6535
85.1186
85.5837
86.0488
86.5140
86.9791
87.4442
87.9093
88.3744
88.8395
89.3047
89.7698
90.2349
90.7000
91.1651
91.6302
92.0953
92.5605
93.0256
93.4907
93.9558
94.4209
94.8860
95.3512
95.8163
96.2814
96.7465
97.2116
97.6767
98.1419
98.6070
99.0721
99.5372
100.0023
100.4674
100.9326
101.3977
101.8628
102.3279
102.7930
103.2581
103.7233
104.1884
104.6535
105.1186
105.5837
106.0488
106.5140
106.9791
107.4442
107.9093
108.3744
108.8395
109.3047
109.7698
110.2349
110.7000
111.1651
111.6302
112.0953
112.5605
113.0256
113.4907
113.9558
114.4209
114.8860
115.3512
115.8163
116.2814
116.7465
117.2116
117.6767
118.1419
118.6070
119.0721
119.5372
120.0023
120.4674
120.9326
121.3977
121.8628
122.3279
122.7930
123.2581
123.7233
124.1884
124.6535
125.1186
125.5837
126.0488
126.5140
126.9791
127.4442
127.9093
128.3744
128.8395
129.3047
129.7698
130.2349
130.7000
131.1651
131.6302
132.0953
132.5605
133.0256
133.4907
133.9558
134.4209
134.8860
135.3512
135.8163
136.2814
136.7465
137.2116
137.6767
138.1419
138.6070
139.0721
139.5372
140.0023
140.4674
140.9326
141.3977
141.8628
142.3279
142.7930
143.2581
143.7233
144.1884
144.6535
145.1186
145.5837
146.0488
146.5140
146.9791
147.4442
147.9093
148.3744
148.8395
149.3047
149.7698
150.2349
150.7000
151.1651
151.6302
152.0953
152.5605
153.0256
153.4907
153.9558
154.4209
154.8860
155.3512
155.8163
156.2814
156.7465
157.2116
157.6767
158.1419
158.6070
159.0721
159.5372
160.0023
160.4674
160.9326
161.3977
161.8628
162.3279
162.7930
163.2581
163.7233
164.1884
164.6535
165.1186
165.5837
166.0488
166.5140
166.9791
167.4442
167.9093
168.3744
168.8395
169.3047
169.7698
170.2349
170.7000
171.1651
171.6302
172.0953
172.5605
173.0256
173.4907
173.9558
174.4209
174.8860
175.3512
175.8163
176.2814
176.7465
177.2116
177.6767
178.1419
178.6070
179.0721
179.5372
180.0023
180.4674
180.9326
181.3977
181.8628
182.3279
182.7930
183.2581
183.7233
184.1884
184.6535
185.1186
185.5837
