# Studio-Quantized Ground Truth Beats
# Audio: Hotel California - 2013 Remaster.mp3
# Verified BPM: 147.00
# Alignment t0: 0.2604s (Period: 0.4082s, Score: 1.340)
# Total Beats: 959
0.2604
0.6686
1.0767
1.4849
1.8931
2.3012
2.7094
3.1176
3.5257
3.9339
4.3420
4.7502
5.1584
5.5665
5.9747
6.3829
6.7910
7.1992
7.6073
8.0155
8.4237
8.8318
9.2400
9.6482
10.0563
10.4645
10.8727
11.2808
11.6890
12.0971
12.5053
12.9135
13.3216
13.7298
14.1380
14.5461
14.9543
15.3624
15.7706
16.1788
16.5869
16.9951
17.4033
17.8114
18.2196
18.6278
19.0359
19.4441
19.8522
20.2604
20.6686
21.0767
21.4849
21.8931
22.3012
22.7094
23.1176
23.5257
23.9339
24.3420
24.7502
25.1584
25.5665
25.9747
26.3829
26.7910
27.1992
27.6073
28.0155
28.4237
28.8318
29.2400
29.6482
30.0563
30.4645
30.8727
31.2808
31.6890
32.0971
32.5053
32.9135
33.3216
33.7298
34.1380
34.5461
34.9543
35.3624
35.7706
36.1788
36.5869
36.9951
37.4033
37.8114
38.2196
38.6278
39.0359
39.4441
39.8522
40.2604
40.6686
41.0767
41.4849
41.8931
42.3012
42.7094
43.1176
43.5257
43.9339
44.3420
44.7502
45.1584
45.5665
45.9747
46.3829
46.7910
47.1992
47.6073
48.0155
48.4237
48.8318
49.2400
49.6482
50.0563
50.4645
50.8727
51.2808
51.6890
52.0971
52.5053
52.9135
53.3216
53.7298
54.1380
54.5461
54.9543
55.3624
55.7706
56.1788
56.5869
56.9951
57.4033
57.8114
58.2196
58.6278
59.0359
59.4441
59.8522
60.2604
60.6686
61.0767
61.4849
61.8931
62.3012
62.7094
63.1176
63.5257
63.9339
64.3420
64.7502
65.1584
65.5665
65.9747
66.3829
66.7910
67.1992
67.6073
68.0155
68.4237
68.8318
69.2400
69.6482
70.0563
70.4645
70.8727
71.2808
71.6890
72.0971
72.5053
72.9135
73.3216
73.7298
74.1380
74.5461
74.9543
75.3624
75.7706
76.1788
76.5869
76.9951
77.4033
77.8114
78.2196
78.6278
79.0359
79.4441
79.8522
80.2604
80.6686
81.0767
81.4849
81.8931
82.3012
82.7094
83.1176
83.5257
83.9339
84.3420
84.7502
85.1584
85.5665
85.9747
86.3829
86.7910
87.1992
87.6073
88.0155
88.4237
88.8318
89.2400
89.6482
90.0563
90.4645
90.8727
91.2808
91.6890
92.0971
92.5053
92.9135
93.3216
93.7298
94.1380
94.5461
94.9543
95.3624
95.7706
96.1788
96.5869
96.9951
97.4033
97.8114
98.2196
98.6278
99.0359
99.4441
99.8522
100.2604
100.6686
101.0767
101.4849
101.8931
102.3012
102.7094
103.1176
103.5257
103.9339
104.3420
104.7502
105.1584
105.5665
105.9747
106.3829
106.7910
107.1992
107.6073
108.0155
108.4237
108.8318
109.2400
109.6482
110.0563
110.4645
110.8727
111.2808
111.6890
112.0971
112.5053
112.9135
113.3216
113.7298
114.1380
114.5461
114.9543
115.3624
115.7706
116.1788
116.5869
116.9951
117.4033
117.8114
118.2196
118.6278
119.0359
119.4441
119.8522
120.2604
120.6686
121.0767
121.4849
121.8931
122.3012
122.7094
123.1176
123.5257
123.9339
124.3420
124.7502
125.1584
125.5665
125.9747
126.3829
126.7910
127.1992
127.6073
128.0155
128.4237
128.8318
129.2400
129.6482
130.0563
130.4645
130.8727
131.2808
131.6890
132.0971
132.5053
132.9135
133.3216
133.7298
134.1380
134.5461
134.9543
135.3624
135.7706
136.1788
136.5869
136.9951
137.4033
137.8114
138.2196
138.6278
139.0359
139.4441
139.8522
140.2604
140.6686
141.0767
141.4849
141.8931
142.3012
142.7094
143.1176
143.5257
143.9339
144.3420
144.7502
145.1584
145.5665
145.9747
146.3829
146.7910
147.1992
147.6073
148.0155
148.4237
148.8318
149.2400
149.6482
150.0563
150.4645
150.8727
151.2808
151.6890
152.0971
152.5053
152.9135
153.3216
153.7298
154.1380
154.5461
154.9543
155.3624
155.7706
156.1788
156.5869
156.9951
157.4033
157.8114
158.2196
158.6278
159.0359
159.4441
159.8522
160.2604
160.6686
161.0767
161.4849
161.8931
162.3012
162.7094
163.1176
163.5257
163.9339
164.3420
164.7502
165.1584
165.5665
165.9747
166.3829
166.7910
167.1992
167.6073
168.0155
168.4237
168.8318
169.2400
169.6482
170.0563
170.4645
170.8727
171.2808
171.6890
172.0971
172.5053
172.9135
173.3216
173.7298
174.1380
174.5461
174.9543
175.3624
175.7706
176.1788
176.5869
176.9951
177.4033
177.8114
178.2196
178.6278
179.0359
179.4441
179.8522
180.2604
180.6686
181.0767
181.4849
181.8931
182.3012
182.7094
183.1176
183.5257
183.9339
184.3420
184.7502
185.1584
185.5665
185.9747
186.3829
186.7910
187.1992
187.6073
188.0155
188.4237
188.8318
189.2400
189.6482
190.0563
190.4645
190.8727
191.2808
191.6890
192.0971
192.5053
192.9135
193.3216
193.7298
194.1380
194.5461
194.9543
195.3624
195.7706
196.1788
196.5869
196.9951
197.4033
197.8114
198.2196
198.6278
199.0359
199.4441
199.8522
200.2604
200.6686
201.0767
201.4849
201.8931
202.3012
202.7094
203.1176
203.5257
203.9339
204.3420
204.7502
205.1584
205.5665
205.9747
206.3829
206.7910
207.1992
207.6073
208.0155
208.4237
208.8318
209.2400
209.6482
210.0563
210.4645
210.8727
211.2808
211.6890
212.0971
212.5053
212.9135
213.3216
213.7298
214.1380
214.5461
214.9543
215.3624
215.7706
216.1788
216.5869
216.9951
217.4033
217.8114
218.2196
218.6278
219.0359
219.4441
219.8522
220.2604
220.6686
221.0767
221.4849
221.8931
222.3012
222.7094
223.1176
223.5257
223.9339
224.3420
224.7502
225.1584
225.5665
225.9747
226.3829
226.7910
227.1992
227.6073
228.0155
228.4237
228.8318
229.2400
229.6482
230.0563
230.4645
230.8727
231.2808
231.6890
232.0971
232.5053
232.9135
233.3216
233.7298
234.1380
234.5461
234.9543
235.3624
235.7706
236.1788
236.5869
236.9951
237.4033
237.8114
238.2196
238.6278
239.0359
239.4441
239.8522
240.2604
240.6686
241.0767
241.4849
241.8931
242.3012
242.7094
243.1176
243.5257
243.9339
244.3420
244.7502
245.1584
245.5665
245.9747
246.3829
246.7910
247.1992
247.6073
248.0155
248.4237
248.8318
249.2400
249.6482
250.0563
250.4645
250.8727
251.2808
251.6890
252.0971
252.5053
252.9135
253.3216
253.7298
254.1380
254.5461
254.9543
255.3624
255.7706
256.1788
256.5869
256.9951
257.4033
257.8114
258.2196
258.6278
259.0359
259.4441
259.8522
260.2604
260.6686
261.0767
261.4849
261.8931
262.3012
262.7094
263.1176
263.5257
263.9339
264.3420
264.7502
265.1584
265.5665
265.9747
266.3829
266.7910
267.1992
267.6073
268.0155
268.4237
268.8318
269.2400
269.6482
270.0563
270.4645
270.8727
271.2808
271.6890
272.0971
272.5053
272.9135
273.3216
273.7298
274.1380
274.5461
274.9543
275.3624
275.7706
276.1788
276.5869
276.9951
277.4033
277.8114
278.2196
278.6278
279.0359
279.4441
279.8522
280.2604
280.6686
281.0767
281.4849
281.8931
282.3012
282.7094
283.1176
283.5257
283.9339
284.3420
284.7502
285.1584
285.5665
285.9747
286.3829
286.7910
287.1992
287.6073
288.0155
288.4237
288.8318
289.2400
289.6482
290.0563
290.4645
290.8727
291.2808
291.6890
292.0971
292.5053
292.9135
293.3216
293.7298
294.1380
294.5461
294.9543
295.3624
295.7706
296.1788
296.5869
296.9951
297.4033
297.8114
298.2196
298.6278
299.0359
299.4441
299.8522
300.2604
300.6686
301.0767
301.4849
301.8931
302.3012
302.7094
303.1176
303.5257
303.9339
304.3420
304.7502
305.1584
305.5665
305.9747
306.3829
306.7910
307.1992
307.6073
308.0155
308.4237
308.8318
309.2400
309.6482
310.0563
310.4645
310.8727
311.2808
311.6890
312.0971
312.5053
312.9135
313.3216
313.7298
314.1380
314.5461
314.9543
315.3624
315.7706
316.1788
316.5869
316.9951
317.4033
317.8114
318.2196
318.6278
319.0359
319.4441
319.8522
320.2604
320.6686
321.0767
321.4849
321.8931
322.3012
322.7094
323.1176
323.5257
323.9339
324.3420
324.7502
325.1584
325.5665
325.9747
326.3829
326.7910
327.1992
327.6073
328.0155
328.4237
328.8318
329.2400
329.6482
330.0563
330.4645
330.8727
331.2808
331.6890
332.0971
332.5053
332.9135
333.3216
333.7298
334.1380
334.5461
334.9543
335.3624
335.7706
336.1788
336.5869
336.9951
337.4033
337.8114
338.2196
338.6278
339.0359
339.4441
339.8522
340.2604
340.6686
341.0767
341.4849
341.8931
342.3012
342.7094
343.1176
343.5257
343.9339
344.3420
344.7502
345.1584
345.5665
345.9747
346.3829
346.7910
347.1992
347.6073
348.0155
348.4237
348.8318
349.2400
349.6482
350.0563
350.4645
350.8727
351.2808
351.6890
352.0971
352.5053
352.9135
353.3216
353.7298
354.1380
354.5461
354.9543
355.3624
355.7706
356.1788
356.5869
356.9951
357.4033
357.8114
358.2196
358.6278
359.0359
359.4441
359.8522
360.2604
360.6686
361.0767
361.4849
361.8931
362.3012
362.7094
363.1176
363.5257
363.9339
364.3420
364.7502
365.1584
365.5665
365.9747
366.3829
366.7910
367.1992
367.6073
368.0155
368.4237
368.8318
369.2400
369.6482
370.0563
370.4645
370.8727
371.2808
371.6890
372.0971
372.5053
372.9135
373.3216
373.7298
374.1380
374.5461
374.9543
375.3624
375.7706
376.1788
376.5869
376.9951
377.4033
377.8114
378.2196
378.6278
379.0359
379.4441
379.8522
380.2604
380.6686
381.0767
381.4849
381.8931
382.3012
382.7094
383.1176
383.5257
383.9339
384.3420
384.7502
385.1584
385.5665
385.9747
386.3829
386.7910
387.1992
387.6073
388.0155
388.4237
388.8318
389.2400
389.6482
390.0563
390.4645
390.8727
391.2808
