# Studio-Quantized Ground Truth Beats
# Audio: Il jouait du piano debout - Remasterisé en 2004.mp3
# Verified BPM: 106.00
# Alignment t0: 0.2411s (Period: 0.5660s, Score: 1.478)
# Total Beats: 483
0.2411
0.8072
1.3732
1.9392
2.5053
3.0713
3.6374
4.2034
4.7694
5.3355
5.9015
6.4675
7.0336
7.5996
8.1657
8.7317
9.2977
9.8638
10.4298
10.9958
11.5619
12.1279
12.6940
13.2600
13.8260
14.3921
14.9581
15.5242
16.0902
16.6562
17.2223
17.7883
18.3543
18.9204
19.4864
20.0525
20.6185
21.1845
21.7506
22.3166
22.8826
23.4487
24.0147
24.5808
25.1468
25.7128
26.2789
26.8449
27.4109
27.9770
28.5430
29.1091
29.6751
30.2411
30.8072
31.3732
31.9392
32.5053
33.0713
33.6374
34.2034
34.7694
35.3355
35.9015
36.4675
37.0336
37.5996
38.1657
38.7317
39.2977
39.8638
40.4298
40.9958
41.5619
42.1279
42.6940
43.2600
43.8260
44.3921
44.9581
45.5242
46.0902
46.6562
47.2223
47.7883
48.3543
48.9204
49.4864
50.0525
50.6185
51.1845
51.7506
52.3166
52.8826
53.4487
54.0147
54.5808
55.1468
55.7128
56.2789
56.8449
57.4109
57.9770
58.5430
59.1091
59.6751
60.2411
60.8072
61.3732
61.9392
62.5053
63.0713
63.6374
64.2034
64.7694
65.3355
65.9015
66.4675
67.0336
67.5996
68.1657
68.7317
69.2977
69.8638
70.4298
70.9958
71.5619
72.1279
72.6940
73.2600
73.8260
74.3921
74.9581
75.5242
76.0902
76.6562
77.2223
77.7883
78.3543
78.9204
79.4864
80.0525
80.6185
81.1845
81.7506
82.3166
82.8826
83.4487
84.0147
84.5808
85.1468
85.7128
86.2789
86.8449
87.4109
87.9770
88.5430
89.1091
89.6751
90.2411
90.8072
91.3732
91.9392
92.5053
93.0713
93.6374
94.2034
94.7694
95.3355
95.9015
96.4675
97.0336
97.5996
98.1657
98.7317
99.2977
99.8638
100.4298
100.9958
101.5619
102.1279
102.6940
103.2600
103.8260
104.3921
104.9581
105.5242
106.0902
106.6562
107.2223
107.7883
108.3543
108.9204
109.4864
110.0525
110.6185
111.1845
111.7506
112.3166
112.8826
113.4487
114.0147
114.5808
115.1468
115.7128
116.2789
116.8449
117.4109
117.9770
118.5430
119.1091
119.6751
120.2411
120.8072
121.3732
121.9392
122.5053
123.0713
123.6374
124.2034
124.7694
125.3355
125.9015
126.4675
127.0336
127.5996
128.1657
128.7317
129.2977
129.8638
130.4298
130.9958
131.5619
132.1279
132.6940
133.2600
133.8260
134.3921
134.9581
135.5242
136.0902
136.6562
137.2223
137.7883
138.3543
138.9204
139.4864
140.0525
140.6185
141.1845
141.7506
142.3166
142.8826
143.4487
144.0147
144.5808
145.1468
145.7128
146.2789
146.8449
147.4109
147.9770
148.5430
149.1091
149.6751
150.2411
150.8072
151.3732
151.9392
152.5053
153.0713
153.6374
154.2034
154.7694
155.3355
155.9015
156.4675
157.0336
157.5996
158.1657
158.7317
159.2977
159.8638
160.4298
160.9958
161.5619
162.1279
162.6940
163.2600
163.8260
164.3921
164.9581
165.5242
166.0902
166.6562
167.2223
167.7883
168.3543
168.9204
169.4864
170.0525
170.6185
171.1845
171.7506
172.3166
172.8826
173.4487
174.0147
174.5808
175.1468
175.7128
176.2789
176.8449
177.4109
177.9770
178.5430
179.1091
179.6751
180.2411
180.8072
181.3732
181.9392
182.5053
183.0713
183.6374
184.2034
184.7694
185.3355
185.9015
186.4675
187.0336
187.5996
188.1657
188.7317
189.2977
189.8638
190.4298
190.9958
191.5619
192.1279
192.6940
193.2600
193.8260
194.3921
194.9581
195.5242
196.0902
196.6562
197.2223
197.7883
198.3543
198.9204
199.4864
200.0525
200.6185
201.1845
201.7506
202.3166
202.8826
203.4487
204.0147
204.5808
205.1468
205.7128
206.2789
206.8449
207.4109
207.9770
208.5430
209.1091
209.6751
210.2411
210.8072
211.3732
211.9392
212.5053
213.0713
213.6374
214.2034
214.7694
215.3355
215.9015
216.4675
217.0336
217.5996
218.1657
218.7317
219.2977
219.8638
220.4298
220.9958
221.5619
222.1279
222.6940
223.2600
223.8260
224.3921
224.9581
225.5242
226.0902
226.6562
227.2223
227.7883
228.3543
228.9204
229.4864
230.0525
230.6185
231.1845
231.7506
232.3166
232.8826
233.4487
234.0147
234.5808
235.1468
235.7128
236.2789
236.8449
237.4109
237.9770
238.5430
239.1091
239.6751
240.2411
240.8072
241.3732
241.9392
242.5053
243.0713
243.6374
244.2034
244.7694
245.3355
245.9015
246.4675
247.0336
247.5996
248.1657
248.7317
249.2977
249.8638
250.4298
250.9958
251.5619
252.1279
252.6940
253.2600
253.8260
254.3921
254.9581
255.5242
256.0902
256.6562
257.2223
257.7883
258.3543
258.9204
259.4864
260.0525
260.6185
261.1845
261.7506
262.3166
262.8826
263.4487
264.0147
264.5808
265.1468
265.7128
266.2789
266.8449
267.4109
267.9770
268.5430
269.1091
269.6751
270.2411
270.8072
271.3732
271.9392
272.5053
273.0713
