# Studio-Quantized Ground Truth Beats
# Audio: Les copains d'abord.mp3
# Verified BPM: 81.00
# Alignment t0: 0.7326s (Period: 0.7407s, Score: 1.722)
# Total Beats: 325
0.7326
1.4733
2.2141
2.9548
3.6956
4.4363
5.1770
5.9178
6.6585
7.3993
8.1400
8.8807
9.6215
10.3622
11.1030
11.8437
12.5844
13.3252
14.0659
14.8067
15.5474
16.2881
17.0289
17.7696
18.5104
19.2511
19.9919
20.7326
21.4733
22.2141
22.9548
23.6956
24.4363
25.1770
25.9178
26.6585
27.3993
28.1400
28.8807
29.6215
30.3622
31.1030
31.8437
32.5844
33.3252
34.0659
34.8067
35.5474
36.2881
37.0289
37.7696
38.5104
39.2511
39.9919
40.7326
41.4733
42.2141
42.9548
43.6956
44.4363
45.1770
45.9178
46.6585
47.3993
48.1400
48.8807
49.6215
50.3622
51.1030
51.8437
52.5844
53.3252
54.0659
54.8067
55.5474
56.2881
57.0289
57.7696
58.5104
59.2511
59.9919
60.7326
61.4733
62.2141
62.9548
63.6956
64.4363
65.1770
65.9178
66.6585
67.3993
68.1400
68.8807
69.6215
70.3622
71.1030
71.8437
72.5844
73.3252
74.0659
74.8067
75.5474
76.2881
77.0289
77.7696
78.5104
79.2511
79.9919
80.7326
81.4733
82.2141
82.9548
83.6956
84.4363
85.1770
85.9178
86.6585
87.3993
88.1400
88.8807
89.6215
90.3622
91.1030
91.8437
92.5844
93.3252
94.0659
94.8067
95.5474
96.2881
97.0289
97.7696
98.5104
99.2511
99.9919
100.7326
101.4733
102.2141
102.9548
103.6956
104.4363
105.1770
105.9178
106.6585
107.3993
108.1400
108.8807
109.6215
110.3622
111.1030
111.8437
112.5844
113.3252
114.0659
114.8067
115.5474
116.2881
117.0289
117.7696
118.5104
119.2511
119.9919
120.7326
121.4733
122.2141
122.9548
123.6956
124.4363
125.1770
125.9178
126.6585
127.3993
128.1400
128.8807
129.6215
130.3622
131.1030
131.8437
132.5844
133.3252
134.0659
134.8067
135.5474
136.2881
137.0289
137.7696
138.5104
139.2511
139.9919
140.7326
141.4733
142.2141
142.9548
143.6956
144.4363
145.1770
145.9178
146.6585
147.3993
148.1400
148.8807
149.6215
150.3622
151.1030
151.8437
152.5844
153.3252
154.0659
154.8067
155.5474
156.2881
157.0289
157.7696
158.5104
159.2511
159.9919
160.7326
161.4733
162.2141
162.9548
163.6956
164.4363
165.1770
165.9178
166.6585
167.3993
168.1400
168.8807
169.6215
170.3622
171.1030
171.8437
172.5844
173.3252
174.0659
174.8067
175.5474
176.2881
177.0289
177.7696
178.5104
179.2511
179.9919
180.7326
181.4733
182.2141
182.9548
183.6956
184.4363
185.1770
185.9178
186.6585
187.3993
188.1400
188.8807
189.6215
190.3622
191.1030
191.8437
192.5844
193.3252
194.0659
194.8067
195.5474
196.2881
197.0289
197.7696
198.5104
199.2511
199.9919
200.7326
201.4733
202.2141
202.9548
203.6956
204.4363
205.1770
205.9178
206.6585
207.3993
208.1400
208.8807
209.6215
210.3622
211.1030
211.8437
212.5844
213.3252
214.0659
214.8067
215.5474
216.2881
217.0289
217.7696
218.5104
219.2511
219.9919
220.7326
221.4733
222.2141
222.9548
223.6956
224.4363
225.1770
225.9178
226.6585
227.3993
228.1400
228.8807
229.6215
230.3622
231.1030
231.8437
232.5844
233.3252
234.0659
234.8067
235.5474
236.2881
237.0289
237.7696
238.5104
239.2511
239.9919
240.7326
