# Studio-Quantized Ground Truth Beats
# Audio: Message In A Bottle - Remastered 2003.mp3
# Verified BPM: 152.00
# Alignment t0: 0.1046s (Period: 0.3947s, Score: 1.421)
# Total Beats: 735
0.1046
0.4993
0.8941
1.2888
1.6836
2.0783
2.4730
2.8678
3.2625
3.6572
4.0520
4.4467
4.8414
5.2362
5.6309
6.0257
6.4204
6.8151
7.2099
7.6046
7.9993
8.3941
8.7888
9.1836
9.5783
9.9730
10.3678
10.7625
11.1572
11.5520
11.9467
12.3414
12.7362
13.1309
13.5257
13.9204
14.3151
14.7099
15.1046
15.4993
15.8941
16.2888
16.6836
17.0783
17.4730
17.8678
18.2625
18.6572
19.0520
19.4467
19.8414
20.2362
20.6309
21.0257
21.4204
21.8151
22.2099
22.6046
22.9993
23.3941
23.7888
24.1836
24.5783
24.9730
25.3678
25.7625
26.1572
26.5520
26.9467
27.3414
27.7362
28.1309
28.5257
28.9204
29.3151
29.7099
30.1046
30.4993
30.8941
31.2888
31.6836
32.0783
32.4730
32.8678
33.2625
33.6572
34.0520
34.4467
34.8414
35.2362
35.6309
36.0257
36.4204
36.8151
37.2099
37.6046
37.9993
38.3941
38.7888
39.1836
39.5783
39.9730
40.3678
40.7625
41.1572
41.5520
41.9467
42.3414
42.7362
43.1309
43.5257
43.9204
44.3151
44.7099
45.1046
45.4993
45.8941
46.2888
46.6836
47.0783
47.4730
47.8678
48.2625
48.6572
49.0520
49.4467
49.8414
50.2362
50.6309
51.0257
51.4204
51.8151
52.2099
52.6046
52.9993
53.3941
53.7888
54.1836
54.5783
54.9730
55.3678
55.7625
56.1572
56.5520
56.9467
57.3414
57.7362
58.1309
58.5257
58.9204
59.3151
59.7099
60.1046
60.4993
60.8941
61.2888
61.6836
62.0783
62.4730
62.8678
63.2625
63.6572
64.0520
64.4467
64.8414
65.2362
65.6309
66.0257
66.4204
66.8151
67.2099
67.6046
67.9993
68.3941
68.7888
69.1836
69.5783
69.9730
70.3678
70.7625
71.1572
71.5520
71.9467
72.3414
72.7362
73.1309
73.5257
73.9204
74.3151
74.7099
75.1046
75.4993
75.8941
76.2888
76.6836
77.0783
77.4730
77.8678
78.2625
78.6572
79.0520
79.4467
79.8414
80.2362
80.6309
81.0257
81.4204
81.8151
82.2099
82.6046
82.9993
83.3941
83.7888
84.1836
84.5783
84.9730
85.3678
85.7625
86.1572
86.5520
86.9467
87.3414
87.7362
88.1309
88.5257
88.9204
89.3151
89.7099
90.1046
90.4993
90.8941
91.2888
91.6836
92.0783
92.4730
92.8678
93.2625
93.6572
94.0520
94.4467
94.8414
95.2362
95.6309
96.0257
96.4204
96.8151
97.2099
97.6046
97.9993
98.3941
98.7888
99.1836
99.5783
99.9730
100.3678
100.7625
101.1572
101.5520
101.9467
102.3414
102.7362
103.1309
103.5257
103.9204
104.3151
104.7099
105.1046
105.4993
105.8941
106.2888
106.6836
107.0783
107.4730
107.8678
108.2625
108.6572
109.0520
109.4467
109.8414
110.2362
110.6309
111.0257
111.4204
111.8151
112.2099
112.6046
112.9993
113.3941
113.7888
114.1836
114.5783
114.9730
115.3678
115.7625
116.1572
116.5520
116.9467
117.3414
117.7362
118.1309
118.5257
118.9204
119.3151
119.7099
120.1046
120.4993
120.8941
121.2888
121.6836
122.0783
122.4730
122.8678
123.2625
123.6572
124.0520
124.4467
124.8414
125.2362
125.6309
126.0257
126.4204
126.8151
127.2099
127.6046
127.9993
128.3941
128.7888
129.1836
129.5783
129.9730
130.3678
130.7625
131.1572
131.5520
131.9467
132.3414
132.7362
133.1309
133.5257
133.9204
134.3151
134.7099
135.1046
135.4993
135.8941
136.2888
136.6836
137.0783
137.4730
137.8678
138.2625
138.6572
139.0520
139.4467
139.8414
140.2362
140.6309
141.0257
141.4204
141.8151
142.2099
142.6046
142.9993
143.3941
143.7888
144.1836
144.5783
144.9730
145.3678
145.7625
146.1572
146.5520
146.9467
147.3414
147.7362
148.1309
148.5257
148.9204
149.3151
149.7099
150.1046
150.4993
150.8941
151.2888
151.6836
152.0783
152.4730
152.8678
153.2625
153.6572
154.0520
154.4467
154.8414
155.2362
155.6309
156.0257
156.4204
156.8151
157.2099
157.6046
157.9993
158.3941
158.7888
159.1836
159.5783
159.9730
160.3678
160.7625
161.1572
161.5520
161.9467
162.3414
162.7362
163.1309
163.5257
163.9204
164.3151
164.7099
165.1046
165.4993
165.8941
166.2888
166.6836
167.0783
167.4730
167.8678
168.2625
168.6572
169.0520
169.4467
169.8414
170.2362
170.6309
171.0257
171.4204
171.8151
172.2099
172.6046
172.9993
173.3941
173.7888
174.1836
174.5783
174.9730
175.3678
175.7625
176.1572
176.5520
176.9467
177.3414
177.7362
178.1309
178.5257
178.9204
179.3151
179.7099
180.1046
180.4993
180.8941
181.2888
181.6836
182.0783
182.4730
182.8678
183.2625
183.6572
184.0520
184.4467
184.8414
185.2362
185.6309
186.0257
186.4204
186.8151
187.2099
187.6046
187.9993
188.3941
188.7888
189.1836
189.5783
189.9730
190.3678
190.7625
191.1572
191.5520
191.9467
192.3414
192.7362
193.1309
193.5257
193.9204
194.3151
194.7099
195.1046
195.4993
195.8941
196.2888
196.6836
197.0783
197.4730
197.8678
198.2625
198.6572
199.0520
199.4467
199.8414
200.2362
200.6309
201.0257
201.4204
201.8151
202.2099
202.6046
202.9993
203.3941
203.7888
204.1836
204.5783
204.9730
205.3678
205.7625
206.1572
206.5520
206.9467
207.3414
207.7362
208.1309
208.5257
208.9204
209.3151
209.7099
210.1046
210.4993
210.8941
211.2888
211.6836
212.0783
212.4730
212.8678
213.2625
213.6572
214.0520
214.4467
214.8414
215.2362
215.6309
216.0257
216.4204
216.8151
217.2099
217.6046
217.9993
218.3941
218.7888
219.1836
219.5783
219.9730
220.3678
220.7625
221.1572
221.5520
221.9467
222.3414
222.7362
223.1309
223.5257
223.9204
224.3151
224.7099
225.1046
225.4993
225.8941
226.2888
226.6836
227.0783
227.4730
227.8678
228.2625
228.6572
229.0520
229.4467
229.8414
230.2362
230.6309
231.0257
231.4204
231.8151
232.2099
232.6046
232.9993
233.3941
233.7888
234.1836
234.5783
234.9730
235.3678
235.7625
236.1572
236.5520
236.9467
237.3414
237.7362
238.1309
238.5257
238.9204
239.3151
239.7099
240.1046
240.4993
240.8941
241.2888
241.6836
242.0783
242.4730
242.8678
243.2625
243.6572
244.0520
244.4467
244.8414
245.2362
245.6309
246.0257
246.4204
246.8151
247.2099
247.6046
247.9993
248.3941
248.7888
249.1836
249.5783
249.9730
250.3678
250.7625
251.1572
251.5520
251.9467
252.3414
252.7362
253.1309
253.5257
253.9204
254.3151
254.7099
255.1046
255.4993
255.8941
256.2888
256.6836
257.0783
257.4730
257.8678
258.2625
258.6572
259.0520
259.4467
259.8414
260.2362
260.6309
261.0257
261.4204
261.8151
262.2099
262.6046
262.9993
263.3941
263.7888
264.1836
264.5783
264.9730
265.3678
265.7625
266.1572
266.5520
266.9467
267.3414
267.7362
268.1309
268.5257
268.9204
269.3151
269.7099
270.1046
270.4993
270.8941
271.2888
271.6836
272.0783
272.4730
272.8678
273.2625
273.6572
274.0520
274.4467
274.8414
275.2362
275.6309
276.0257
276.4204
276.8151
277.2099
277.6046
277.9993
278.3941
278.7888
279.1836
279.5783
279.9730
280.3678
280.7625
281.1572
281.5520
281.9467
282.3414
282.7362
283.1309
283.5257
283.9204
284.3151
284.7099
285.1046
285.4993
285.8941
286.2888
286.6836
287.0783
287.4730
287.8678
288.2625
288.6572
289.0520
289.4467
289.8414
