# Studio-Quantized Ground Truth Beats
# Audio: Minor Swing.mp3
# Verified BPM: 202.00
# Alignment t0: 0.0588s (Period: 0.2970s, Score: 1.403)
# Total Beats: 662
0.0588
0.3558
0.6529
0.9499
1.2469
1.5440
1.8410
2.1380
2.4350
2.7321
3.0291
3.3261
3.6232
3.9202
4.2172
4.5143
4.8113
5.1083
5.4053
5.7024
5.9994
6.2964
6.5935
6.8905
7.1875
7.4846
7.7816
8.0786
8.3756
8.6727
8.9697
9.2667
9.5638
9.8608
10.1578
10.4549
10.7519
11.0489
11.3459
11.6430
11.9400
12.2370
12.5341
12.8311
13.1281
13.4251
13.7222
14.0192
14.3162
14.6133
14.9103
15.2073
15.5044
15.8014
16.0984
16.3954
16.6925
16.9895
17.2865
17.5836
17.8806
18.1776
18.4747
18.7717
19.0687
19.3657
19.6628
19.9598
20.2568
20.5539
20.8509
21.1479
21.4450
21.7420
22.0390
22.3360
22.6331
22.9301
23.2271
23.5242
23.8212
24.1182
24.4152
24.7123
25.0093
25.3063
25.6034
25.9004
26.1974
26.4945
26.7915
27.0885
27.3855
27.6826
27.9796
28.2766
28.5737
28.8707
29.1677
29.4648
29.7618
30.0588
30.3558
30.6529
30.9499
31.2469
31.5440
31.8410
32.1380
32.4350
32.7321
33.0291
33.3261
33.6232
33.9202
34.2172
34.5143
34.8113
35.1083
35.4053
35.7024
35.9994
36.2964
36.5935
36.8905
37.1875
37.4846
37.7816
38.0786
38.3756
38.6727
38.9697
39.2667
39.5638
39.8608
40.1578
40.4549
40.7519
41.0489
41.3459
41.6430
41.9400
42.2370
42.5341
42.8311
43.1281
43.4251
43.7222
44.0192
44.3162
44.6133
44.9103
45.2073
45.5044
45.8014
46.0984
46.3954
46.6925
46.9895
47.2865
47.5836
47.8806
48.1776
48.4747
48.7717
49.0687
49.3657
49.6628
49.9598
50.2568
50.5539
50.8509
51.1479
51.4450
51.7420
52.0390
52.3360
52.6331
52.9301
53.2271
53.5242
53.8212
54.1182
54.4152
54.7123
55.0093
55.3063
55.6034
55.9004
56.1974
56.4945
56.7915
57.0885
57.3855
57.6826
57.9796
58.2766
58.5737
58.8707
59.1677
59.4648
59.7618
60.0588
60.3558
60.6529
60.9499
61.2469
61.5440
61.8410
62.1380
62.4350
62.7321
63.0291
63.3261
63.6232
63.9202
64.2172
64.5143
64.8113
65.1083
65.4053
65.7024
65.9994
66.2964
66.5935
66.8905
67.1875
67.4846
67.7816
68.0786
68.3756
68.6727
68.9697
69.2667
69.5638
69.8608
70.1578
70.4549
70.7519
71.0489
71.3459
71.6430
71.9400
72.2370
72.5341
72.8311
73.1281
73.4251
73.7222
74.0192
74.3162
74.6133
74.9103
75.2073
75.5044
75.8014
76.0984
76.3954
76.6925
76.9895
77.2865
77.5836
77.8806
78.1776
78.4747
78.7717
79.0687
79.3657
79.6628
79.9598
80.2568
80.5539
80.8509
81.1479
81.4450
81.7420
82.0390
82.3360
82.6331
82.9301
83.2271
83.5242
83.8212
84.1182
84.4152
84.7123
85.0093
85.3063
85.6034
85.9004
86.1974
86.4945
86.7915
87.0885
87.3855
87.6826
87.9796
88.2766
88.5737
88.8707
89.1677
89.4648
89.7618
90.0588
90.3558
90.6529
90.9499
91.2469
91.5440
91.8410
92.1380
92.4350
92.7321
93.0291
93.3261
93.6232
93.9202
94.2172
94.5143
94.8113
95.1083
95.4053
95.7024
95.9994
96.2964
96.5935
96.8905
97.1875
97.4846
97.7816
98.0786
98.3756
98.6727
98.9697
99.2667
99.5638
99.8608
100.1578
100.4549
100.7519
101.0489
101.3459
101.6430
101.9400
102.2370
102.5341
102.8311
103.1281
103.4251
103.7222
104.0192
104.3162
104.6133
104.9103
105.2073
105.5044
105.8014
106.0984
106.3954
106.6925
106.9895
107.2865
107.5836
107.8806
108.1776
108.4747
108.7717
109.0687
109.3657
109.6628
109.9598
110.2568
110.5539
110.8509
111.1479
111.4450
111.7420
112.0390
112.3360
112.6331
112.9301
113.2271
113.5242
113.8212
114.1182
114.4152
114.7123
115.0093
115.3063
115.6034
115.9004
116.1974
116.4945
116.7915
117.0885
117.3855
117.6826
117.9796
118.2766
118.5737
118.8707
119.1677
119.4648
119.7618
120.0588
120.3558
120.6529
120.9499
121.2469
121.5440
121.8410
122.1380
122.4350
122.7321
123.0291
123.3261
123.6232
123.9202
124.2172
124.5143
124.8113
125.1083
125.4053
125.7024
125.9994
126.2964
126.5935
126.8905
127.1875
127.4846
127.7816
128.0786
128.3756
128.6727
128.9697
129.2667
129.5638
129.8608
130.1578
130.4549
130.7519
131.0489
131.3459
131.6430
131.9400
132.2370
132.5341
132.8311
133.1281
133.4251
133.7222
134.0192
134.3162
134.6133
134.9103
135.2073
135.5044
135.8014
136.0984
136.3954
136.6925
136.9895
137.2865
137.5836
137.8806
138.1776
138.4747
138.7717
139.0687
139.3657
139.6628
139.9598
140.2568
140.5539
140.8509
141.1479
141.4450
141.7420
142.0390
142.3360
142.6331
142.9301
143.2271
143.5242
143.8212
144.1182
144.4152
144.7123
145.0093
145.3063
145.6034
145.9004
146.1974
146.4945
146.7915
147.0885
147.3855
147.6826
147.9796
148.2766
148.5737
148.8707
149.1677
149.4648
149.7618
150.0588
150.3558
150.6529
150.9499
151.2469
151.5440
151.8410
152.1380
152.4350
152.7321
153.0291
153.3261
153.6232
153.9202
154.2172
154.5143
154.8113
155.1083
155.4053
155.7024
155.9994
156.2964
156.5935
156.8905
157.1875
157.4846
157.7816
158.0786
158.3756
158.6727
158.9697
159.2667
159.5638
159.8608
160.1578
160.4549
160.7519
161.0489
161.3459
161.6430
161.9400
162.2370
162.5341
162.8311
163.1281
163.4251
163.7222
164.0192
164.3162
164.6133
164.9103
165.2073
165.5044
165.8014
166.0984
166.3954
166.6925
166.9895
167.2865
167.5836
167.8806
168.1776
168.4747
168.7717
169.0687
169.3657
169.6628
169.9598
170.2568
170.5539
170.8509
171.1479
171.4450
171.7420
172.0390
172.3360
172.6331
172.9301
173.2271
173.5242
173.8212
174.1182
174.4152
174.7123
175.0093
175.3063
175.6034
175.9004
176.1974
176.4945
176.7915
177.0885
177.3855
177.6826
177.9796
178.2766
178.5737
178.8707
179.1677
179.4648
179.7618
180.0588
180.3558
180.6529
180.9499
181.2469
181.5440
181.8410
182.1380
182.4350
182.7321
183.0291
183.3261
183.6232
183.9202
184.2172
184.5143
184.8113
185.1083
185.4053
185.7024
185.9994
186.2964
186.5935
186.8905
187.1875
187.4846
187.7816
188.0786
188.3756
188.6727
188.9697
189.2667
189.5638
189.8608
190.1578
190.4549
190.7519
191.0489
191.3459
191.6430
191.9400
192.2370
192.5341
192.8311
193.1281
193.4251
193.7222
194.0192
194.3162
194.6133
194.9103
195.2073
195.5044
195.8014
196.0984
196.3954
