# Frozen Reference Beats for Money For Nothing_1
# Extracted from playground benchmark archive
73.0035
73.4795
73.9672
74.4548
74.9424
75.4068
75.8712
76.3008
76.7420
77.1947
77.6591
78.1119
78.5183
78.9595
79.4006
79.8650
80.3294
80.7474
81.1886
81.6181
82.0709
82.5353
82.9997
83.4293
83.8705
84.3000
84.7296
85.1824
85.6352
86.0880
86.5640
87.0168
87.4463
87.9107
88.3519
88.7815
89.2227
89.6522
90.1050
90.5927
91.0803
91.5679
92.0323
92.5083
92.9959
93.4487
93.9363
94.3659
94.7955
95.2366
95.6778
96.1306
96.5137
96.9085
97.3032
97.7328
98.1740
98.6035
99.0679
99.6020
100.1477
100.6005
101.0416
101.4944
101.9472
102.3884
102.8528
103.3056
103.7468
104.1995
104.6407
105.0819
105.5231
105.9759
106.4287
106.8815
107.3226
107.7638
108.2050
108.6578
109.0990
109.5401
109.9813
110.4341
110.8985
111.3397
111.7925
112.2337
112.6864
113.1276
113.5804
114.0216
114.4628
114.9156
115.3683
115.8095
116.2623
116.6919
117.1563
117.6091
118.0386
118.4914
118.9442
119.3738
119.8266
120.2678
120.7322
121.1733
121.6261
122.0673
122.5201
122.9613
123.4141
123.8552
124.3080
124.7608
125.2020
125.6432
126.0960
126.5371
127.0015
127.4427
127.8839
128.3251
128.7082
129.1842
129.6718
130.1014
130.5542
130.9954
131.4482
131.9010
132.3537
132.7949
133.2477
133.6889
134.1533
134.5829
135.0473
135.4768
135.9412
136.3824
136.8352
137.2764
137.7292
138.1703
138.6231
139.0643
139.5171
139.9583
140.3995
140.8522
141.3050
141.7346
142.1990
142.6402
143.0814
143.5225
143.9869
144.4049
144.8693
145.2989
145.7749
146.2277
146.6688
147.0984
147.5628
148.0040
148.4568
148.8863
149.3391
149.7803
150.2447
150.6859
151.1387
151.5799
152.0327
152.4738
152.9150
153.3678
153.8322
154.2734
154.7262
155.1673
155.6201
156.0613
156.5141
156.9553
157.3500
157.8028
158.2788
158.7200
159.1728
159.6256
160.0784
160.5312
160.9607
161.4135
161.8663
162.3191
162.7719
163.2131
163.6542
164.1070
164.5598
164.9894
165.4422
165.8950
166.3594
166.8005
167.2417
167.6945
168.1357
168.5769
169.0180
169.4708
169.9236
170.3648
170.8292
171.2704
171.7116
172.1527
172.6055
173.0467
173.4995
173.9407
174.3702
174.8463
175.2874
175.7286
176.1814
176.6110
177.0870
177.5282
177.9810
178.4221
178.8749
179.3045
179.7457
180.1868
180.6280
181.0808
181.5336
181.9864
182.4276
182.8804
183.3332
183.7743
184.2271
184.6683
185.1327
185.5623
186.0151
186.4678
186.9206
187.3618
187.8262
188.2674
188.7086
189.1498
189.6025
190.0089
190.4849
190.9377
191.3905
191.8433
192.2844
192.7256
193.1784
193.6196
194.0608
194.5136
194.9663
195.3959
195.8487
196.3015
196.7543
197.1955
197.6483
198.0662
198.5074
198.9834
199.4362
199.8890
200.3302
200.7713
201.2241
201.6769
202.1181
202.5709
203.0121
203.4765
203.9176
204.3588
204.8000
205.2412
205.6940
206.1351
206.5879
207.0407
207.4819
207.9347
208.3875
208.8287
209.2815
209.7110
210.1638
210.6050
211.0694
211.5106
211.9517
212.4045
212.8573
213.2985
213.7397
214.1809
214.6337
215.0864
215.5276
215.9688
216.4216
216.8744
217.3156
217.7800
218.2211
218.6623
219.1151
219.5563
220.0091
220.4502
220.9030
221.3442
221.7970
222.2382
222.6910
223.1322
223.5849
224.0261
224.4789
224.9201
225.3729
225.8141
226.2668
226.7196
227.1724
227.6136
228.0664
228.5076
228.9488
229.4015
229.8543
230.2955
230.7251
231.1779
231.6307
232.0834
232.5362
232.9774
233.4302
233.8714
234.3126
234.7654
235.1949
235.6477
236.1005
236.5417
236.9829
237.4008
237.8884
238.3412
238.7940
239.2352
239.6880
240.1292
240.5703
240.9767
241.4759
241.9171
242.3699
242.8111
243.2639
243.6934
244.1462
244.5874
245.0402
245.4814
245.9341
246.3869
246.8397
247.2693
247.7337
248.1749
248.6277
249.0688
249.5100
249.9628
250.4156
250.8568
251.3096
251.7507
252.2035
252.6447
253.0975
253.5503
253.9915
254.4327
254.8854
255.3266
255.7794
256.2322
256.6734
257.1262
257.5790
258.0201
258.4613
258.9141
259.3669
259.7965
260.2493
260.7020
261.1548
261.5960
262.0372
262.4435
262.9312
263.3723
263.8251
264.2779
264.7307
265.1719
265.6247
266.0659
266.5070
266.9482
267.4010
267.8422
268.2485
268.7013
269.1773
269.6185
270.0713
270.5357
270.9885
271.4297
271.8708
272.3120
272.7648
273.2176
273.6704
274.1116
274.5644
275.0055
275.4583
275.8879
276.3407
276.7935
277.2463
277.6874
278.1402
278.5814
279.0342
279.4754
279.9282
280.3693
280.8105
281.2633
281.7161
282.1689
282.6217
283.0629
283.5156
283.9568
284.4096
284.8508
285.3036
285.7564
286.1859
286.6387
287.0915
287.5327
287.9739
288.4267
288.8795
289.3206
289.7618
290.2030
290.6674
291.1086
291.5614
292.0025
292.4553
292.8965
293.3377
293.7789
294.2317
294.6844
295.1372
295.5900
296.0312
296.4724
296.9020
297.3431
297.7959
298.2487
298.6899
299.1543
299.6071
300.0483
300.4894
300.9422
301.3834
301.8246
302.2774
302.7302
303.1829
303.6357
304.0885
304.5181
304.9709
305.4121
305.8649
306.3060
306.7588
307.2116
307.6528
308.0940
308.5351
308.9415
309.4407
309.8935
310.3347
310.7759
311.2287
311.6582
312.1110
312.5754
313.0282
313.4578
313.9106
314.3169
314.8045
315.2573
315.7101
316.1513
316.5925
317.0453
317.4864
317.9276
318.3688
318.7984
319.2628
319.7156
320.1683
320.6211
321.0623
321.5151
321.9563
322.4091
322.8502
323.3030
323.7442
324.1854
324.6266
325.0794
325.5322
325.9733
326.4261
326.9021
327.3433
327.7729
328.2257
328.6668
329.1196
329.5724
330.0136
330.4664
330.9076
331.3488
331.8015
332.2427
332.6955
333.1367
333.5895
334.0423
334.4834
334.9246
335.3774
335.8302
336.2714
336.7126
337.1654
337.6065
338.0477
338.5005
338.9533
339.3945
339.8473
340.3000
340.7412
341.2056
341.6352
342.0996
342.5408
342.9820
343.4231
343.8759
344.3171
344.7815
345.2227
345.6639
346.1166
346.5578
347.0106
347.4402
347.8930
348.3458
348.7985
349.2397
349.6925
350.1221
350.5749
351.0277
351.4688
351.9216
352.3744
352.8156
353.2452
353.6980
354.1507
354.6035
355.0447
355.4975
355.9503
356.4031
356.8327
357.2506
357.7382
358.1910
358.6322
359.0850
359.5262
359.9673
360.4201
360.8613
361.3141
361.7553
362.2081
362.6493
363.1020
363.5432
363.9844
364.4372
364.8784
365.3312
365.7956
366.2251
366.6779
367.1191
367.5487
368.0131
368.4659
368.9070
369.3598
369.8126
370.2538
370.7066
371.1361
371.5657
372.0417
372.4945
372.9357
373.3885
373.8413
374.2708
374.7120
375.1648
375.6060
376.0588
376.5116
376.9644
377.4055
377.8467
378.2995
378.7407
379.1935
379.6463
380.0874
380.5402
380.9814
381.4342
381.8522
382.3049
382.7577
383.2221
383.6749
384.1277
384.5689
385.0101
385.4629
385.9040
386.3452
386.7980
387.2392
387.6920
388.1448
388.5743
389.0387
389.4799
389.9327
390.3739
390.8267
391.2678
391.7206
392.1734
392.6146
393.0674
393.5086
393.9498
394.4025
394.8321
395.2965
395.7493
396.1789
396.6200
397.0728
397.5256
397.9784
398.4312
398.8724
399.3136
399.7547
400.2075
400.6603
401.1015
401.5543
401.9955
402.4599
402.9010
403.3422
403.7950
404.2362
404.6774
405.1418
405.5829
406.0241
406.4769
406.9181
407.3593
407.8121
408.2532
408.7060
409.1472
409.6000
410.0412
410.4824
410.9351
411.3879
411.8407
412.2935
412.7347
413.1759
413.6171
414.0582
414.5226
414.9638
415.4166
415.8694
416.3106
416.7517
417.2045
417.6457
418.0985
418.5397
418.9809
419.4337
419.8748
420.3392
420.7804
421.2332
421.6744
422.1156
422.5683
423.0095
423.4623
423.9035
424.3679
424.7975
425.2386
425.6914
426.1442
426.5854
427.0498
427.5026
427.9438
428.3733
428.8261
429.2557
429.7085
430.1613
430.6141
431.0668
431.5080
431.9608
432.4020
432.8548
433.3076
433.7604
434.2015
434.6543
435.0955
435.5367
435.9663
436.4074
436.8718
437.3246
437.7658
438.2186
438.6598
439.1010
439.5537
440.0065
440.4593
440.9121
441.3533
441.8061
442.2473
442.6884
443.1412
443.5824
444.0352
444.4880
444.9292
445.3820
445.8231
446.2643
446.7171
447.1583
447.6111
448.0522
448.5050
448.9578
449.3990
449.8402
450.2814
450.7341
451.1753
451.6165
452.0693
452.5105
452.9517
453.3812
453.8456
454.2984
454.7628
455.2040
455.6568
456.1096
456.5507
456.9919
457.4331
457.8859
458.3271
458.7799
459.2210
459.6738
460.1150
460.5678
461.0206
461.4734
461.9146
462.3673
462.8201
463.2613
463.7025
464.1437
464.5849
465.0260
465.4904
465.9316
466.3844
466.8256
467.2784
467.7312
468.1839
468.6251
469.0663
469.5191
469.9719
470.4131
470.8542
471.2954
471.7482
472.1894
472.6422
473.0950
473.5361
473.9889
474.4301
474.8829
475.3357
475.7885
476.2413
476.6708
477.1236
477.5764
478.0176
478.4588
478.9116
479.3527
479.7939
480.2467
480.6763
481.1407
481.5819
482.0346
482.4758
482.9286
483.3698
483.8226
484.2638
484.7166
485.1693
485.6221
486.0633
486.5045
486.9573
487.4101
487.8512
488.2924
488.7452
489.1980
489.6392
490.0804
490.5332
490.9859
491.4271
491.8799
492.3211
492.7739
493.2151
493.6562
494.1090
494.5618
495.0146
495.4674
495.9202
496.3730
496.8141
497.2553
497.7081
498.1609
498.6137
499.0665
499.5193
499.9721
500.4249
500.8776
501.3304
501.7832
502.2360
502.6888
503.1416
503.5944
504.0472
504.4883
504.9295
505.3591
505.8003
506.2298
506.6478
507.0890
507.5069
507.9481
508.3893
508.8305
509.2600
509.7012
510.1540
510.5836
