# Studio-Quantized Ground Truth Beats
# Audio: Mr Bobby.mp3
# Verified BPM: 150.00
# Alignment t0: 0.0852s (Period: 0.4000s, Score: 2.814)
# Total Beats: 574
0.0852
0.4852
0.8852
1.2852
1.6852
2.0852
2.4852
2.8852
3.2852
3.6852
4.0852
4.4852
4.8852
5.2852
5.6852
6.0852
6.4852
6.8852
7.2852
7.6852
8.0852
8.4852
8.8852
9.2852
9.6852
10.0852
10.4852
10.8852
11.2852
11.6852
12.0852
12.4852
12.8852
13.2852
13.6852
14.0852
14.4852
14.8852
15.2852
15.6852
16.0852
16.4852
16.8852
17.2852
17.6852
18.0852
18.4852
18.8852
19.2852
19.6852
20.0852
20.4852
20.8852
21.2852
21.6852
22.0852
22.4852
22.8852
23.2852
23.6852
24.0852
24.4852
24.8852
25.2852
25.6852
26.0852
26.4852
26.8852
27.2852
27.6852
28.0852
28.4852
28.8852
29.2852
29.6852
30.0852
30.4852
30.8852
31.2852
31.6852
32.0852
32.4852
32.8852
33.2852
33.6852
34.0852
34.4852
34.8852
35.2852
35.6852
36.0852
36.4852
36.8852
37.2852
37.6852
38.0852
38.4852
38.8852
39.2852
39.6852
40.0852
40.4852
40.8852
41.2852
41.6852
42.0852
42.4852
42.8852
43.2852
43.6852
44.0852
44.4852
44.8852
45.2852
45.6852
46.0852
46.4852
46.8852
47.2852
47.6852
48.0852
48.4852
48.8852
49.2852
49.6852
50.0852
50.4852
50.8852
51.2852
51.6852
52.0852
52.4852
52.8852
53.2852
53.6852
54.0852
54.4852
54.8852
55.2852
55.6852
56.0852
56.4852
56.8852
57.2852
57.6852
58.0852
58.4852
58.8852
59.2852
59.6852
60.0852
60.4852
60.8852
61.2852
61.6852
62.0852
62.4852
62.8852
63.2852
63.6852
64.0852
64.4852
64.8852
65.2852
65.6852
66.0852
66.4852
66.8852
67.2852
67.6852
68.0852
68.4852
68.8852
69.2852
69.6852
70.0852
70.4852
70.8852
71.2852
71.6852
72.0852
72.4852
72.8852
73.2852
73.6852
74.0852
74.4852
74.8852
75.2852
75.6852
76.0852
76.4852
76.8852
77.2852
77.6852
78.0852
78.4852
78.8852
79.2852
79.6852
80.0852
80.4852
80.8852
81.2852
81.6852
82.0852
82.4852
82.8852
83.2852
83.6852
84.0852
84.4852
84.8852
85.2852
85.6852
86.0852
86.4852
86.8852
87.2852
87.6852
88.0852
88.4852
88.8852
89.2852
89.6852
90.0852
90.4852
90.8852
91.2852
91.6852
92.0852
92.4852
92.8852
93.2852
93.6852
94.0852
94.4852
94.8852
95.2852
95.6852
96.0852
96.4852
96.8852
97.2852
97.6852
98.0852
98.4852
98.8852
99.2852
99.6852
100.0852
100.4852
100.8852
101.2852
101.6852
102.0852
102.4852
102.8852
103.2852
103.6852
104.0852
104.4852
104.8852
105.2852
105.6852
106.0852
106.4852
106.8852
107.2852
107.6852
108.0852
108.4852
108.8852
109.2852
109.6852
110.0852
110.4852
110.8852
111.2852
111.6852
112.0852
112.4852
112.8852
113.2852
113.6852
114.0852
114.4852
114.8852
115.2852
115.6852
116.0852
116.4852
116.8852
117.2852
117.6852
118.0852
118.4852
118.8852
119.2852
119.6852
120.0852
120.4852
120.8852
121.2852
121.6852
122.0852
122.4852
122.8852
123.2852
123.6852
124.0852
124.4852
124.8852
125.2852
125.6852
126.0852
126.4852
126.8852
127.2852
127.6852
128.0852
128.4852
128.8852
129.2852
129.6852
130.0852
130.4852
130.8852
131.2852
131.6852
132.0852
132.4852
132.8852
133.2852
133.6852
134.0852
134.4852
134.8852
135.2852
135.6852
136.0852
136.4852
136.8852
137.2852
137.6852
138.0852
138.4852
138.8852
139.2852
139.6852
140.0852
140.4852
140.8852
141.2852
141.6852
142.0852
142.4852
142.8852
143.2852
143.6852
144.0852
144.4852
144.8852
145.2852
145.6852
146.0852
146.4852
146.8852
147.2852
147.6852
148.0852
148.4852
148.8852
149.2852
149.6852
150.0852
150.4852
150.8852
151.2852
151.6852
152.0852
152.4852
152.8852
153.2852
153.6852
154.0852
154.4852
154.8852
155.2852
155.6852
156.0852
156.4852
156.8852
157.2852
157.6852
158.0852
158.4852
158.8852
159.2852
159.6852
160.0852
160.4852
160.8852
161.2852
161.6852
162.0852
162.4852
162.8852
163.2852
163.6852
164.0852
164.4852
164.8852
165.2852
165.6852
166.0852
166.4852
166.8852
167.2852
167.6852
168.0852
168.4852
168.8852
169.2852
169.6852
170.0852
170.4852
170.8852
171.2852
171.6852
172.0852
172.4852
172.8852
173.2852
173.6852
174.0852
174.4852
174.8852
175.2852
175.6852
176.0852
176.4852
176.8852
177.2852
177.6852
178.0852
178.4852
178.8852
179.2852
179.6852
180.0852
180.4852
180.8852
181.2852
181.6852
182.0852
182.4852
182.8852
183.2852
183.6852
184.0852
184.4852
184.8852
185.2852
185.6852
186.0852
186.4852
186.8852
187.2852
187.6852
188.0852
188.4852
188.8852
189.2852
189.6852
190.0852
190.4852
190.8852
191.2852
191.6852
192.0852
192.4852
192.8852
193.2852
193.6852
194.0852
194.4852
194.8852
195.2852
195.6852
196.0852
196.4852
196.8852
197.2852
197.6852
198.0852
198.4852
198.8852
199.2852
199.6852
200.0852
200.4852
200.8852
201.2852
201.6852
202.0852
202.4852
202.8852
203.2852
203.6852
204.0852
204.4852
204.8852
205.2852
205.6852
206.0852
206.4852
206.8852
207.2852
207.6852
208.0852
208.4852
208.8852
209.2852
209.6852
210.0852
210.4852
210.8852
211.2852
211.6852
212.0852
212.4852
212.8852
213.2852
213.6852
214.0852
214.4852
214.8852
215.2852
215.6852
216.0852
216.4852
216.8852
217.2852
217.6852
218.0852
218.4852
218.8852
219.2852
219.6852
220.0852
220.4852
220.8852
221.2852
221.6852
222.0852
222.4852
222.8852
223.2852
223.6852
224.0852
224.4852
224.8852
225.2852
225.6852
226.0852
226.4852
226.8852
227.2852
227.6852
228.0852
228.4852
228.8852
229.2852
