# Studio-Quantized Ground Truth Beats
# Audio: Nightcall.mp3
# Verified BPM: 92.00
# Alignment t0: 0.6137s (Period: 0.6522s, Score: 1.333)
# Total Beats: 396
0.6137
1.2659
1.9180
2.5702
3.2224
3.8746
4.5267
5.1789
5.8311
6.4833
7.1354
7.7876
8.4398
9.0920
9.7441
10.3963
11.0485
11.7007
12.3528
13.0050
13.6572
14.3093
14.9615
15.6137
16.2659
16.9180
17.5702
18.2224
18.8746
19.5267
20.1789
20.8311
21.4833
22.1354
22.7876
23.4398
24.0920
24.7441
25.3963
26.0485
26.7007
27.3528
28.0050
28.6572
29.3093
29.9615
30.6137
31.2659
31.9180
32.5702
33.2224
33.8746
34.5267
35.1789
35.8311
36.4833
37.1354
37.7876
38.4398
39.0920
39.7441
40.3963
41.0485
41.7007
42.3528
43.0050
43.6572
44.3093
44.9615
45.6137
46.2659
46.9180
47.5702
48.2224
48.8746
49.5267
50.1789
50.8311
51.4833
52.1354
52.7876
53.4398
54.0920
54.7441
55.3963
56.0485
56.7007
57.3528
58.0050
58.6572
59.3093
59.9615
60.6137
61.2659
61.9180
62.5702
63.2224
63.8746
64.5267
65.1789
65.8311
66.4833
67.1354
67.7876
68.4398
69.0920
69.7441
70.3963
71.0485
71.7007
72.3528
73.0050
73.6572
74.3093
74.9615
75.6137
76.2659
76.9180
77.5702
78.2224
78.8746
79.5267
80.1789
80.8311
81.4833
82.1354
82.7876
83.4398
84.0920
84.7441
85.3963
86.0485
86.7007
87.3528
88.0050
88.6572
89.3093
89.9615
90.6137
91.2659
91.9180
92.5702
93.2224
93.8746
94.5267
95.1789
95.8311
96.4833
97.1354
97.7876
98.4398
99.0920
99.7441
100.3963
101.0485
101.7007
102.3528
103.0050
103.6572
104.3093
104.9615
105.6137
106.2659
106.9180
107.5702
108.2224
108.8746
109.5267
110.1789
110.8311
111.4833
112.1354
112.7876
113.4398
114.0920
114.7441
115.3963
116.0485
116.7007
117.3528
118.0050
118.6572
119.3093
119.9615
120.6137
121.2659
121.9180
122.5702
123.2224
123.8746
124.5267
125.1789
125.8311
126.4833
127.1354
127.7876
128.4398
129.0920
129.7441
130.3963
131.0485
131.7007
132.3528
133.0050
133.6572
134.3093
134.9615
135.6137
136.2659
136.9180
137.5702
138.2224
138.8746
139.5267
140.1789
140.8311
141.4833
142.1354
142.7876
143.4398
144.0920
144.7441
145.3963
146.0485
146.7007
147.3528
148.0050
148.6572
149.3093
149.9615
150.6137
151.2659
151.9180
152.5702
153.2224
153.8746
154.5267
155.1789
155.8311
156.4833
157.1354
157.7876
158.4398
159.0920
159.7441
160.3963
161.0485
161.7007
162.3528
163.0050
163.6572
164.3093
164.9615
165.6137
166.2659
166.9180
167.5702
168.2224
168.8746
169.5267
170.1789
170.8311
171.4833
172.1354
172.7876
173.4398
174.0920
174.7441
175.3963
176.0485
176.7007
177.3528
178.0050
178.6572
179.3093
179.9615
180.6137
181.2659
181.9180
182.5702
183.2224
183.8746
184.5267
185.1789
185.8311
186.4833
187.1354
187.7876
188.4398
189.0920
189.7441
190.3963
191.0485
191.7007
192.3528
193.0050
193.6572
194.3093
194.9615
195.6137
196.2659
196.9180
197.5702
198.2224
198.8746
199.5267
200.1789
200.8311
201.4833
202.1354
202.7876
203.4398
204.0920
204.7441
205.3963
206.0485
206.7007
207.3528
208.0050
208.6572
209.3093
209.9615
210.6137
211.2659
211.9180
212.5702
213.2224
213.8746
214.5267
215.1789
215.8311
216.4833
217.1354
217.7876
218.4398
219.0920
219.7441
220.3963
221.0485
221.7007
222.3528
223.0050
223.6572
224.3093
224.9615
225.6137
226.2659
226.9180
227.5702
228.2224
228.8746
229.5267
230.1789
230.8311
231.4833
232.1354
232.7876
233.4398
234.0920
234.7441
235.3963
236.0485
236.7007
237.3528
238.0050
238.6572
239.3093
239.9615
240.6137
241.2659
241.9180
242.5702
243.2224
243.8746
244.5267
245.1789
245.8311
246.4833
247.1354
247.7876
248.4398
249.0920
249.7441
250.3963
251.0485
251.7007
252.3528
253.0050
253.6572
254.3093
254.9615
255.6137
256.2659
256.9180
257.5702
258.2224
