# Studio-Quantized Ground Truth Beats
# Audio: Nobody Rules the Streets.mp3
# Verified BPM: 128.00
# Alignment t0: 0.3773s (Period: 0.4688s, Score: 5.885)
# Total Beats: 570
0.3773
0.8461
1.3148
1.7836
2.2523
2.7211
3.1898
3.6586
4.1273
4.5961
5.0648
5.5336
6.0023
6.4711
6.9398
7.4086
7.8773
8.3461
8.8148
9.2836
9.7523
10.2211
10.6898
11.1586
11.6273
12.0961
12.5648
13.0336
13.5023
13.9711
14.4398
14.9086
15.3773
15.8461
16.3148
16.7836
17.2523
17.7211
18.1898
18.6586
19.1273
19.5961
20.0648
20.5336
21.0023
21.4711
21.9398
22.4086
22.8773
23.3461
23.8148
24.2836
24.7523
25.2211
25.6898
26.1586
26.6273
27.0961
27.5648
28.0336
28.5023
28.9711
29.4398
29.9086
30.3773
30.8461
31.3148
31.7836
32.2523
32.7211
33.1898
33.6586
34.1273
34.5961
35.0648
35.5336
36.0023
36.4711
36.9398
37.4086
37.8773
38.3461
38.8148
39.2836
39.7523
40.2211
40.6898
41.1586
41.6273
42.0961
42.5648
43.0336
43.5023
43.9711
44.4398
44.9086
45.3773
45.8461
46.3148
46.7836
47.2523
47.7211
48.1898
48.6586
49.1273
49.5961
50.0648
50.5336
51.0023
51.4711
51.9398
52.4086
52.8773
53.3461
53.8148
54.2836
54.7523
55.2211
55.6898
56.1586
56.6273
57.0961
57.5648
58.0336
58.5023
58.9711
59.4398
59.9086
60.3773
60.8461
61.3148
61.7836
62.2523
62.7211
63.1898
63.6586
64.1273
64.5961
65.0648
65.5336
66.0023
66.4711
66.9398
67.4086
67.8773
68.3461
68.8148
69.2836
69.7523
70.2211
70.6898
71.1586
71.6273
72.0961
72.5648
73.0336
73.5023
73.9711
74.4398
74.9086
75.3773
75.8461
76.3148
76.7836
77.2523
77.7211
78.1898
78.6586
79.1273
79.5961
80.0648
80.5336
81.0023
81.4711
81.9398
82.4086
82.8773
83.3461
83.8148
84.2836
84.7523
85.2211
85.6898
86.1586
86.6273
87.0961
87.5648
88.0336
88.5023
88.9711
89.4398
89.9086
90.3773
90.8461
91.3148
91.7836
92.2523
92.7211
93.1898
93.6586
94.1273
94.5961
95.0648
95.5336
96.0023
96.4711
96.9398
97.4086
97.8773
98.3461
98.8148
99.2836
99.7523
100.2211
100.6898
101.1586
101.6273
102.0961
102.5648
103.0336
103.5023
103.9711
104.4398
104.9086
105.3773
105.8461
106.3148
106.7836
107.2523
107.7211
108.1898
108.6586
109.1273
109.5961
110.0648
110.5336
111.0023
111.4711
111.9398
112.4086
112.8773
113.3461
113.8148
114.2836
114.7523
115.2211
115.6898
116.1586
116.6273
117.0961
117.5648
118.0336
118.5023
118.9711
119.4398
119.9086
120.3773
120.8461
121.3148
121.7836
122.2523
122.7211
123.1898
123.6586
124.1273
124.5961
125.0648
125.5336
126.0023
126.4711
126.9398
127.4086
127.8773
128.3461
128.8148
129.2836
129.7523
130.2211
130.6898
131.1586
131.6273
132.0961
132.5648
133.0336
133.5023
133.9711
134.4398
134.9086
135.3773
135.8461
136.3148
136.7836
137.2523
137.7211
138.1898
138.6586
139.1273
139.5961
140.0648
140.5336
141.0023
141.4711
141.9398
142.4086
142.8773
143.3461
143.8148
144.2836
144.7523
145.2211
145.6898
146.1586
146.6273
147.0961
147.5648
148.0336
148.5023
148.9711
149.4398
149.9086
150.3773
150.8461
151.3148
151.7836
152.2523
152.7211
153.1898
153.6586
154.1273
154.5961
155.0648
155.5336
156.0023
156.4711
156.9398
157.4086
157.8773
158.3461
158.8148
159.2836
159.7523
160.2211
160.6898
161.1586
161.6273
162.0961
162.5648
163.0336
163.5023
163.9711
164.4398
164.9086
165.3773
165.8461
166.3148
166.7836
167.2523
167.7211
168.1898
168.6586
169.1273
169.5961
170.0648
170.5336
171.0023
171.4711
171.9398
172.4086
172.8773
173.3461
173.8148
174.2836
174.7523
175.2211
175.6898
176.1586
176.6273
177.0961
177.5648
178.0336
178.5023
178.9711
179.4398
179.9086
180.3773
180.8461
181.3148
181.7836
182.2523
182.7211
183.1898
183.6586
184.1273
184.5961
185.0648
185.5336
186.0023
186.4711
186.9398
187.4086
187.8773
188.3461
188.8148
189.2836
189.7523
190.2211
190.6898
191.1586
191.6273
192.0961
192.5648
193.0336
193.5023
193.9711
194.4398
194.9086
195.3773
195.8461
196.3148
196.7836
197.2523
197.7211
198.1898
198.6586
199.1273
199.5961
200.0648
200.5336
201.0023
201.4711
201.9398
202.4086
202.8773
203.3461
203.8148
204.2836
204.7523
205.2211
205.6898
206.1586
206.6273
207.0961
207.5648
208.0336
208.5023
208.9711
209.4398
209.9086
210.3773
210.8461
211.3148
211.7836
212.2523
212.7211
213.1898
213.6586
214.1273
214.5961
215.0648
215.5336
216.0023
216.4711
216.9398
217.4086
217.8773
218.3461
218.8148
219.2836
219.7523
220.2211
220.6898
221.1586
221.6273
222.0961
222.5648
223.0336
223.5023
223.9711
224.4398
224.9086
225.3773
225.8461
226.3148
226.7836
227.2523
227.7211
228.1898
228.6586
229.1273
229.5961
230.0648
230.5336
231.0023
231.4711
231.9398
232.4086
232.8773
233.3461
233.8148
234.2836
234.7523
235.2211
235.6898
236.1586
236.6273
237.0961
237.5648
238.0336
238.5023
238.9711
239.4398
239.9086
240.3773
240.8461
241.3148
241.7836
242.2523
242.7211
243.1898
243.6586
244.1273
244.5961
245.0648
245.5336
246.0023
246.4711
246.9398
247.4086
247.8773
248.3461
248.8148
249.2836
249.7523
250.2211
250.6898
251.1586
251.6273
252.0961
252.5648
253.0336
253.5023
253.9711
254.4398
254.9086
255.3773
255.8461
256.3148
256.7836
257.2523
257.7211
258.1898
258.6586
259.1273
259.5961
260.0648
260.5336
261.0023
261.4711
261.9398
262.4086
262.8773
263.3461
263.8148
264.2836
264.7523
265.2211
265.6898
266.1586
266.6273
267.0961
