# Studio-Quantized Ground Truth Beats
# Audio: Palladium.mp3
# Verified BPM: 117.20
# Alignment t0: 0.5114s (Period: 0.5119s, Score: 1.606)
# Total Beats: 730
0.5114
1.0234
1.5353
2.0473
2.5592
3.0712
3.5831
4.0951
4.6070
5.1189
5.6309
6.1428
6.6548
7.1667
7.6787
8.1906
8.7026
9.2145
9.7265
10.2384
10.7503
11.2623
11.7742
12.2862
12.7981
13.3101
13.8220
14.3340
14.8459
15.3578
15.8698
16.3817
16.8937
17.4056
17.9176
18.4295
18.9415
19.4534
19.9654
20.4773
20.9892
21.5012
22.0131
22.5251
23.0370
23.5490
24.0609
24.5729
25.0848
25.5968
26.1087
26.6206
27.1326
27.6445
28.1565
28.6684
29.1804
29.6923
30.2043
30.7162
31.2282
31.7401
32.2520
32.7640
33.2759
33.7879
34.2998
34.8118
35.3237
35.8357
36.3476
36.8596
37.3715
37.8834
38.3954
38.9073
39.4193
39.9312
40.4432
40.9551
41.4671
41.9790
42.4910
43.0029
43.5148
44.0268
44.5387
45.0507
45.5626
46.0746
46.5865
47.0985
47.6104
48.1224
48.6343
49.1462
49.6582
50.1701
50.6821
51.1940
51.7060
52.2179
52.7299
53.2418
53.7538
54.2657
54.7776
55.2896
55.8015
56.3135
56.8254
57.3374
57.8493
58.3613
58.8732
59.3852
59.8971
60.4090
60.9210
61.4329
61.9449
62.4568
62.9688
63.4807
63.9927
64.5046
65.0166
65.5285
66.0404
66.5524
67.0643
67.5763
68.0882
68.6002
69.1121
69.6241
70.1360
70.6480
71.1599
71.6718
72.1838
72.6957
73.2077
73.7196
74.2316
74.7435
75.2555
75.7674
76.2794
76.7913
77.3032
77.8152
78.3271
78.8391
79.3510
79.8630
80.3749
80.8869
81.3988
81.9108
82.4227
82.9346
83.4466
83.9585
84.4705
84.9824
85.4944
86.0063
86.5183
87.0302
87.5422
88.0541
88.5660
89.0780
89.5899
90.1019
90.6138
91.1258
91.6377
92.1497
92.6616
93.1735
93.6855
94.1974
94.7094
95.2213
95.7333
96.2452
96.7572
97.2691
97.7811
98.2930
98.8049
99.3169
99.8288
100.3408
100.8527
101.3647
101.8766
102.3886
102.9005
103.4125
103.9244
104.4363
104.9483
105.4602
105.9722
106.4841
106.9961
107.5080
108.0200
108.5319
109.0439
109.5558
110.0677
110.5797
111.0916
111.6036
112.1155
112.6275
113.1394
113.6514
114.1633
114.6753
115.1872
115.6991
116.2111
116.7230
117.2350
117.7469
118.2589
118.7708
119.2828
119.7947
120.3067
120.8186
121.3305
121.8425
122.3544
122.8664
123.3783
123.8903
124.4022
124.9142
125.4261
125.9381
126.4500
126.9619
127.4739
127.9858
128.4978
129.0097
129.5217
130.0336
130.5456
131.0575
131.5695
132.0814
132.5933
133.1053
133.6172
134.1292
134.6411
135.1531
135.6650
136.1770
136.6889
137.2009
137.7128
138.2247
138.7367
139.2486
139.7606
140.2725
140.7845
141.2964
141.8084
142.3203
142.8323
143.3442
143.8561
144.3681
144.8800
145.3920
145.9039
146.4159
146.9278
147.4398
147.9517
148.4637
148.9756
149.4875
149.9995
150.5114
151.0234
151.5353
152.0473
152.5592
153.0712
153.5831
154.0951
154.6070
155.1189
155.6309
156.1428
156.6548
157.1667
157.6787
158.1906
158.7026
159.2145
159.7265
160.2384
160.7503
161.2623
161.7742
162.2862
162.7981
163.3101
163.8220
164.3340
164.8459
165.3578
165.8698
166.3817
166.8937
167.4056
167.9176
168.4295
168.9415
169.4534
169.9654
170.4773
170.9892
171.5012
172.0131
172.5251
173.0370
173.5490
174.0609
174.5729
175.0848
175.5968
176.1087
176.6206
177.1326
177.6445
178.1565
178.6684
179.1804
179.6923
180.2043
180.7162
181.2282
181.7401
182.2520
182.7640
183.2759
183.7879
184.2998
184.8118
185.3237
185.8357
186.3476
186.8596
187.3715
187.8834
188.3954
188.9073
189.4193
189.9312
190.4432
190.9551
191.4671
191.9790
192.4910
193.0029
193.5148
194.0268
194.5387
195.0507
195.5626
196.0746
196.5865
197.0985
197.6104
198.1224
198.6343
199.1462
199.6582
200.1701
200.6821
201.1940
201.7060
202.2179
202.7299
203.2418
203.7538
204.2657
204.7776
205.2896
205.8015
206.3135
206.8254
207.3374
207.8493
208.3613
208.8732
209.3852
209.8971
210.4090
210.9210
211.4329
211.9449
212.4568
212.9688
213.4807
213.9927
214.5046
215.0166
215.5285
216.0404
216.5524
217.0643
217.5763
218.0882
218.6002
219.1121
219.6241
220.1360
220.6480
221.1599
221.6718
222.1838
222.6957
223.2077
223.7196
224.2316
224.7435
225.2555
225.7674
226.2794
226.7913
227.3032
227.8152
228.3271
228.8391
229.3510
229.8630
230.3749
230.8869
231.3988
231.9108
232.4227
232.9346
233.4466
233.9585
234.4705
234.9824
235.4944
236.0063
236.5183
237.0302
237.5422
238.0541
238.5660
239.0780
239.5899
240.1019
240.6138
241.1258
241.6377
242.1497
242.6616
243.1735
243.6855
244.1974
244.7094
245.2213
245.7333
246.2452
246.7572
247.2691
247.7811
248.2930
248.8049
249.3169
249.8288
250.3408
250.8527
251.3647
251.8766
252.3886
252.9005
253.4125
253.9244
254.4363
254.9483
255.4602
255.9722
256.4841
256.9961
257.5080
258.0200
258.5319
259.0439
259.5558
260.0677
260.5797
261.0916
261.6036
262.1155
262.6275
263.1394
263.6514
264.1633
264.6753
265.1872
265.6991
266.2111
266.7230
267.2350
267.7469
268.2589
268.7708
269.2828
269.7947
270.3067
270.8186
271.3305
271.8425
272.3544
272.8664
273.3783
273.8903
274.4022
274.9142
275.4261
275.9381
276.4500
276.9619
277.4739
277.9858
278.4978
279.0097
279.5217
280.0336
280.5456
281.0575
281.5695
282.0814
282.5933
283.1053
283.6172
284.1292
284.6411
285.1531
285.6650
286.1770
286.6889
287.2009
287.7128
288.2247
288.7367
289.2486
289.7606
290.2725
290.7845
291.2964
291.8084
292.3203
292.8323
293.3442
293.8561
294.3681
294.8800
295.3920
295.9039
296.4159
296.9278
297.4398
297.9517
298.4637
298.9756
299.4875
299.9995
300.5114
301.0234
301.5353
302.0473
302.5592
303.0712
303.5831
304.0951
304.6070
305.1189
305.6309
306.1428
306.6548
307.1667
307.6787
308.1906
308.7026
309.2145
309.7265
310.2384
310.7503
311.2623
311.7742
312.2862
312.7981
313.3101
313.8220
314.3340
314.8459
315.3578
315.8698
316.3817
316.8937
317.4056
317.9176
318.4295
318.9415
319.4534
319.9654
320.4773
320.9892
321.5012
322.0131
322.5251
323.0370
323.5490
324.0609
324.5729
325.0848
325.5968
326.1087
326.6206
327.1326
327.6445
328.1565
328.6684
329.1804
329.6923
330.2043
330.7162
331.2282
331.7401
332.2520
332.7640
333.2759
333.7879
334.2998
334.8118
335.3237
335.8357
336.3476
336.8596
337.3715
337.8834
338.3954
338.9073
339.4193
339.9312
340.4432
340.9551
341.4671
341.9790
342.4910
343.0029
343.5148
344.0268
344.5387
345.0507
345.5626
346.0746
346.5865
347.0985
347.6104
348.1224
348.6343
349.1462
349.6582
350.1701
350.6821
351.1940
351.7060
352.2179
352.7299
353.2418
353.7538
354.2657
354.7776
355.2896
355.8015
356.3135
356.8254
357.3374
357.8493
358.3613
358.8732
359.3852
359.8971
360.4090
360.9210
361.4329
361.9449
362.4568
362.9688
363.4807
363.9927
364.5046
365.0166
365.5285
366.0404
366.5524
367.0643
367.5763
368.0882
368.6002
369.1121
369.6241
370.1360
370.6480
371.1599
371.6718
372.1838
372.6957
373.2077
373.7196
