# Studio-Quantized Ground Truth Beats
# Audio: Piece of My Heart - Live at The Grande Ballroom, Detroit, MI - March 1968.mp3
# Verified BPM: 161.00
# Alignment t0: 0.0306s (Period: 0.3727s, Score: 1.385)
# Total Beats: 662
0.0306
0.4032
0.7759
1.1486
1.5212
1.8939
2.2666
2.6393
3.0119
3.3846
3.7573
4.1299
4.5026
4.8753
5.2480
5.6206
5.9933
6.3660
6.7386
7.1113
7.4840
7.8566
8.2293
8.6020
8.9747
9.3473
9.7200
10.0927
10.4653
10.8380
11.2107
11.5834
11.9560
12.3287
12.7014
13.0740
13.4467
13.8194
14.1920
14.5647
14.9374
15.3101
15.6827
16.0554
16.4281
16.8007
17.1734
17.5461
17.9188
18.2914
18.6641
19.0368
19.4094
19.7821
20.1548
20.5275
20.9001
21.2728
21.6455
22.0181
22.3908
22.7635
23.1361
23.5088
23.8815
24.2542
24.6268
24.9995
25.3722
25.7448
26.1175
26.4902
26.8629
27.2355
27.6082
27.9809
28.3535
28.7262
29.0989
29.4716
29.8442
30.2169
30.5896
30.9622
31.3349
31.7076
32.0802
32.4529
32.8256
33.1983
33.5709
33.9436
34.3163
34.6889
35.0616
35.4343
35.8070
36.1796
36.5523
36.9250
37.2976
37.6703
38.0430
38.4157
38.7883
39.1610
39.5337
39.9063
40.2790
40.6517
41.0243
41.3970
41.7697
42.1424
42.5150
42.8877
43.2604
43.6330
44.0057
44.3784
44.7511
45.1237
45.4964
45.8691
46.2417
46.6144
46.9871
47.3598
47.7324
48.1051
48.4778
48.8504
49.2231
49.5958
49.9684
50.3411
50.7138
51.0865
51.4591
51.8318
52.2045
52.5771
52.9498
53.3225
53.6952
54.0678
54.4405
54.8132
55.1858
55.5585
55.9312
56.3039
56.6765
57.0492
57.4219
57.7945
58.1672
58.5399
58.9125
59.2852
59.6579
60.0306
60.4032
60.7759
61.1486
61.5212
61.8939
62.2666
62.6393
63.0119
63.3846
63.7573
64.1299
64.5026
64.8753
65.2480
65.6206
65.9933
66.3660
66.7386
67.1113
67.4840
67.8566
68.2293
68.6020
68.9747
69.3473
69.7200
70.0927
70.4653
70.8380
71.2107
71.5834
71.9560
72.3287
72.7014
73.0740
73.4467
73.8194
74.1920
74.5647
74.9374
75.3101
75.6827
76.0554
76.4281
76.8007
77.1734
77.5461
77.9188
78.2914
78.6641
79.0368
79.4094
79.7821
80.1548
80.5275
80.9001
81.2728
81.6455
82.0181
82.3908
82.7635
83.1361
83.5088
83.8815
84.2542
84.6268
84.9995
85.3722
85.7448
86.1175
86.4902
86.8629
87.2355
87.6082
87.9809
88.3535
88.7262
89.0989
89.4716
89.8442
90.2169
90.5896
90.9622
91.3349
91.7076
92.0802
92.4529
92.8256
93.1983
93.5709
93.9436
94.3163
94.6889
95.0616
95.4343
95.8070
96.1796
96.5523
96.9250
97.2976
97.6703
98.0430
98.4157
98.7883
99.1610
99.5337
99.9063
100.2790
100.6517
101.0243
101.3970
101.7697
102.1424
102.5150
102.8877
103.2604
103.6330
104.0057
104.3784
104.7511
105.1237
105.4964
105.8691
106.2417
106.6144
106.9871
107.3598
107.7324
108.1051
108.4778
108.8504
109.2231
109.5958
109.9684
110.3411
110.7138
111.0865
111.4591
111.8318
112.2045
112.5771
112.9498
113.3225
113.6952
114.0678
114.4405
114.8132
115.1858
115.5585
115.9312
116.3039
116.6765
117.0492
117.4219
117.7945
118.1672
118.5399
118.9125
119.2852
119.6579
120.0306
120.4032
120.7759
121.1486
121.5212
121.8939
122.2666
122.6393
123.0119
123.3846
123.7573
124.1299
124.5026
124.8753
125.2480
125.6206
125.9933
126.3660
126.7386
127.1113
127.4840
127.8566
128.2293
128.6020
128.9747
129.3473
129.7200
130.0927
130.4653
130.8380
131.2107
131.5834
131.9560
132.3287
132.7014
133.0740
133.4467
133.8194
134.1920
134.5647
134.9374
135.3101
135.6827
136.0554
136.4281
136.8007
137.1734
137.5461
137.9188
138.2914
138.6641
139.0368
139.4094
139.7821
140.1548
140.5275
140.9001
141.2728
141.6455
142.0181
142.3908
142.7635
143.1361
143.5088
143.8815
144.2542
144.6268
144.9995
145.3722
145.7448
146.1175
146.4902
146.8629
147.2355
147.6082
147.9809
148.3535
148.7262
149.0989
149.4716
149.8442
150.2169
150.5896
150.9622
151.3349
151.7076
152.0802
152.4529
152.8256
153.1983
153.5709
153.9436
154.3163
154.6889
155.0616
155.4343
155.8070
156.1796
156.5523
156.9250
157.2976
157.6703
158.0430
158.4157
158.7883
159.1610
159.5337
159.9063
160.2790
160.6517
161.0243
161.3970
161.7697
162.1424
162.5150
162.8877
163.2604
163.6330
164.0057
164.3784
164.7511
165.1237
165.4964
165.8691
166.2417
166.6144
166.9871
167.3598
167.7324
168.1051
168.4778
168.8504
169.2231
169.5958
169.9684
170.3411
170.7138
171.0865
171.4591
171.8318
172.2045
172.5771
172.9498
173.3225
173.6952
174.0678
174.4405
174.8132
175.1858
175.5585
175.9312
176.3039
176.6765
177.0492
177.4219
177.7945
178.1672
178.5399
178.9125
179.2852
179.6579
180.0306
180.4032
180.7759
181.1486
181.5212
181.8939
182.2666
182.6393
183.0119
183.3846
183.7573
184.1299
184.5026
184.8753
185.2480
185.6206
185.9933
186.3660
186.7386
187.1113
187.4840
187.8566
188.2293
188.6020
188.9747
189.3473
189.7200
190.0927
190.4653
190.8380
191.2107
191.5834
191.9560
192.3287
192.7014
193.0740
193.4467
193.8194
194.1920
194.5647
194.9374
195.3101
195.6827
196.0554
196.4281
196.8007
197.1734
197.5461
197.9188
198.2914
198.6641
199.0368
199.4094
199.7821
200.1548
200.5275
200.9001
201.2728
201.6455
202.0181
202.3908
202.7635
203.1361
203.5088
203.8815
204.2542
204.6268
204.9995
205.3722
205.7448
206.1175
206.4902
206.8629
207.2355
207.6082
207.9809
208.3535
208.7262
209.0989
209.4716
209.8442
210.2169
210.5896
210.9622
211.3349
211.7076
212.0802
212.4529
212.8256
213.1983
213.5709
213.9436
214.3163
214.6889
215.0616
215.4343
215.8070
216.1796
216.5523
216.9250
217.2976
217.6703
218.0430
218.4157
218.7883
219.1610
219.5337
219.9063
220.2790
220.6517
221.0243
221.3970
221.7697
222.1424
222.5150
222.8877
223.2604
223.6330
224.0057
224.3784
224.7511
225.1237
225.4964
225.8691
226.2417
226.6144
226.9871
227.3598
227.7324
228.1051
228.4778
228.8504
229.2231
229.5958
229.9684
230.3411
230.7138
231.0865
231.4591
231.8318
232.2045
232.5771
232.9498
233.3225
233.6952
234.0678
234.4405
234.8132
235.1858
235.5585
235.9312
236.3039
236.6765
237.0492
237.4219
237.7945
238.1672
238.5399
238.9125
239.2852
239.6579
240.0306
240.4032
240.7759
241.1486
241.5212
241.8939
242.2666
242.6393
243.0119
243.3846
243.7573
244.1299
244.5026
244.8753
245.2480
245.6206
245.9933
246.3660
