# Studio-Quantized Ground Truth Beats
# Audio: Pumped Up Kicks.mp3
# Verified BPM: 128.00
# Alignment t0: 0.4078s (Period: 0.4688s, Score: 2.943)
# Total Beats: 511
0.4078
0.8766
1.3453
1.8141
2.2828
2.7516
3.2203
3.6891
4.1578
4.6266
5.0953
5.5641
6.0328
6.5016
6.9703
7.4391
7.9078
8.3766
8.8453
9.3141
9.7828
10.2516
10.7203
11.1891
11.6578
12.1266
12.5953
13.0641
13.5328
14.0016
14.4703
14.9391
15.4078
15.8766
16.3453
16.8141
17.2828
17.7516
18.2203
18.6891
19.1578
19.6266
20.0953
20.5641
21.0328
21.5016
21.9703
22.4391
22.9078
23.3766
23.8453
24.3141
24.7828
25.2516
25.7203
26.1891
26.6578
27.1266
27.5953
28.0641
28.5328
29.0016
29.4703
29.9391
30.4078
30.8766
31.3453
31.8141
32.2828
32.7516
33.2203
33.6891
34.1578
34.6266
35.0953
35.5641
36.0328
36.5016
36.9703
37.4391
37.9078
38.3766
38.8453
39.3141
39.7828
40.2516
40.7203
41.1891
41.6578
42.1266
42.5953
43.0641
43.5328
44.0016
44.4703
44.9391
45.4078
45.8766
46.3453
46.8141
47.2828
47.7516
48.2203
48.6891
49.1578
49.6266
50.0953
50.5641
51.0328
51.5016
51.9703
52.4391
52.9078
53.3766
53.8453
54.3141
54.7828
55.2516
55.7203
56.1891
56.6578
57.1266
57.5953
58.0641
58.5328
59.0016
59.4703
59.9391
60.4078
60.8766
61.3453
61.8141
62.2828
62.7516
63.2203
63.6891
64.1578
64.6266
65.0953
65.5641
66.0328
66.5016
66.9703
67.4391
67.9078
68.3766
68.8453
69.3141
69.7828
70.2516
70.7203
71.1891
71.6578
72.1266
72.5953
73.0641
73.5328
74.0016
74.4703
74.9391
75.4078
75.8766
76.3453
76.8141
77.2828
77.7516
78.2203
78.6891
79.1578
79.6266
80.0953
80.5641
81.0328
81.5016
81.9703
82.4391
82.9078
83.3766
83.8453
84.3141
84.7828
85.2516
85.7203
86.1891
86.6578
87.1266
87.5953
88.0641
88.5328
89.0016
89.4703
89.9391
90.4078
90.8766
91.3453
91.8141
92.2828
92.7516
93.2203
93.6891
94.1578
94.6266
95.0953
95.5641
96.0328
96.5016
96.9703
97.4391
97.9078
98.3766
98.8453
99.3141
99.7828
100.2516
100.7203
101.1891
101.6578
102.1266
102.5953
103.0641
103.5328
104.0016
104.4703
104.9391
105.4078
105.8766
106.3453
106.8141
107.2828
107.7516
108.2203
108.6891
109.1578
109.6266
110.0953
110.5641
111.0328
111.5016
111.9703
112.4391
112.9078
113.3766
113.8453
114.3141
114.7828
115.2516
115.7203
116.1891
116.6578
117.1266
117.5953
118.0641
118.5328
119.0016
119.4703
119.9391
120.4078
120.8766
121.3453
121.8141
122.2828
122.7516
123.2203
123.6891
124.1578
124.6266
125.0953
125.5641
126.0328
126.5016
126.9703
127.4391
127.9078
128.3766
128.8453
129.3141
129.7828
130.2516
130.7203
131.1891
131.6578
132.1266
132.5953
133.0641
133.5328
134.0016
134.4703
134.9391
135.4078
135.8766
136.3453
136.8141
137.2828
137.7516
138.2203
138.6891
139.1578
139.6266
140.0953
140.5641
141.0328
141.5016
141.9703
142.4391
142.9078
143.3766
143.8453
144.3141
144.7828
145.2516
145.7203
146.1891
146.6578
147.1266
147.5953
148.0641
148.5328
149.0016
149.4703
149.9391
150.4078
150.8766
151.3453
151.8141
152.2828
152.7516
153.2203
153.6891
154.1578
154.6266
155.0953
155.5641
156.0328
156.5016
156.9703
157.4391
157.9078
158.3766
158.8453
159.3141
159.7828
160.2516
160.7203
161.1891
161.6578
162.1266
162.5953
163.0641
163.5328
164.0016
164.4703
164.9391
165.4078
165.8766
166.3453
166.8141
167.2828
167.7516
168.2203
168.6891
169.1578
169.6266
170.0953
170.5641
171.0328
171.5016
171.9703
172.4391
172.9078
173.3766
173.8453
174.3141
174.7828
175.2516
175.7203
176.1891
176.6578
177.1266
177.5953
178.0641
178.5328
179.0016
179.4703
179.9391
180.4078
180.8766
181.3453
181.8141
182.2828
182.7516
183.2203
183.6891
184.1578
184.6266
185.0953
185.5641
186.0328
186.5016
186.9703
187.4391
187.9078
188.3766
188.8453
189.3141
189.7828
190.2516
190.7203
191.1891
191.6578
192.1266
192.5953
193.0641
193.5328
194.0016
194.4703
194.9391
195.4078
195.8766
196.3453
196.8141
197.2828
197.7516
198.2203
198.6891
199.1578
199.6266
200.0953
200.5641
201.0328
201.5016
201.9703
202.4391
202.9078
203.3766
203.8453
204.3141
204.7828
205.2516
205.7203
206.1891
206.6578
207.1266
207.5953
208.0641
208.5328
209.0016
209.4703
209.9391
210.4078
210.8766
211.3453
211.8141
212.2828
212.7516
213.2203
213.6891
214.1578
214.6266
215.0953
215.5641
216.0328
216.5016
216.9703
217.4391
217.9078
218.3766
218.8453
219.3141
219.7828
220.2516
220.7203
221.1891
221.6578
222.1266
222.5953
223.0641
223.5328
224.0016
224.4703
224.9391
225.4078
225.8766
226.3453
226.8141
227.2828
227.7516
228.2203
228.6891
229.1578
229.6266
230.0953
230.5641
231.0328
231.5016
231.9703
232.4391
232.9078
233.3766
233.8453
234.3141
234.7828
235.2516
235.7203
236.1891
236.6578
237.1266
237.5953
238.0641
238.5328
239.0016
239.4703
