# Studio-Quantized Ground Truth Beats
# Audio: Romeo And Juliet.mp3
# Verified BPM: 87.00
# Alignment t0: 0.2531s (Period: 0.6897s, Score: 1.429)
# Total Beats: 523
0.2531
0.9428
1.6324
2.3221
3.0117
3.7014
4.3910
5.0807
5.7703
6.4600
7.1497
7.8393
8.5290
9.2186
9.9083
10.5979
11.2876
11.9772
12.6669
13.3566
14.0462
14.7359
15.4255
16.1152
16.8048
17.4945
18.1841
18.8738
19.5634
20.2531
20.9428
21.6324
22.3221
23.0117
23.7014
24.3910
25.0807
25.7703
26.4600
27.1497
27.8393
28.5290
29.2186
29.9083
30.5979
31.2876
31.9772
32.6669
33.3566
34.0462
34.7359
35.4255
36.1152
36.8048
37.4945
38.1841
38.8738
39.5634
40.2531
40.9428
41.6324
42.3221
43.0117
43.7014
44.3910
45.0807
45.7703
46.4600
47.1497
47.8393
48.5290
49.2186
49.9083
50.5979
51.2876
51.9772
52.6669
53.3566
54.0462
54.7359
55.4255
56.1152
56.8048
57.4945
58.1841
58.8738
59.5634
60.2531
60.9428
61.6324
62.3221
63.0117
63.7014
64.3910
65.0807
65.7703
66.4600
67.1497
67.8393
68.5290
69.2186
69.9083
70.5979
71.2876
71.9772
72.6669
73.3566
74.0462
74.7359
75.4255
76.1152
76.8048
77.4945
78.1841
78.8738
79.5634
80.2531
80.9428
81.6324
82.3221
83.0117
83.7014
84.3910
85.0807
85.7703
86.4600
87.1497
87.8393
88.5290
89.2186
89.9083
90.5979
91.2876
91.9772
92.6669
93.3566
94.0462
94.7359
95.4255
96.1152
96.8048
97.4945
98.1841
98.8738
99.5634
100.2531
100.9428
101.6324
102.3221
103.0117
103.7014
104.3910
105.0807
105.7703
106.4600
107.1497
107.8393
108.5290
109.2186
109.9083
110.5979
111.2876
111.9772
112.6669
113.3566
114.0462
114.7359
115.4255
116.1152
116.8048
117.4945
118.1841
118.8738
119.5634
120.2531
120.9428
121.6324
122.3221
123.0117
123.7014
124.3910
125.0807
125.7703
126.4600
127.1497
127.8393
128.5290
129.2186
129.9083
130.5979
131.2876
131.9772
132.6669
133.3566
134.0462
134.7359
135.4255
136.1152
136.8048
137.4945
138.1841
138.8738
139.5634
140.2531
140.9428
141.6324
142.3221
143.0117
143.7014
144.3910
145.0807
145.7703
146.4600
147.1497
147.8393
148.5290
149.2186
149.9083
150.5979
151.2876
151.9772
152.6669
153.3566
154.0462
154.7359
155.4255
156.1152
156.8048
157.4945
158.1841
158.8738
159.5634
160.2531
160.9428
161.6324
162.3221
163.0117
163.7014
164.3910
165.0807
165.7703
166.4600
167.1497
167.8393
168.5290
169.2186
169.9083
170.5979
171.2876
171.9772
172.6669
173.3566
174.0462
174.7359
175.4255
176.1152
176.8048
177.4945
178.1841
178.8738
179.5634
180.2531
180.9428
181.6324
182.3221
183.0117
183.7014
184.3910
185.0807
185.7703
186.4600
187.1497
187.8393
188.5290
189.2186
189.9083
190.5979
191.2876
191.9772
192.6669
193.3566
194.0462
194.7359
195.4255
196.1152
196.8048
197.4945
198.1841
198.8738
199.5634
200.2531
200.9428
201.6324
202.3221
203.0117
203.7014
204.3910
205.0807
205.7703
206.4600
207.1497
207.8393
208.5290
209.2186
209.9083
210.5979
211.2876
211.9772
212.6669
213.3566
214.0462
214.7359
215.4255
216.1152
216.8048
217.4945
218.1841
218.8738
219.5634
220.2531
220.9428
221.6324
222.3221
223.0117
223.7014
224.3910
225.0807
225.7703
226.4600
227.1497
227.8393
228.5290
229.2186
229.9083
230.5979
231.2876
231.9772
232.6669
233.3566
234.0462
234.7359
235.4255
236.1152
236.8048
237.4945
238.1841
238.8738
239.5634
240.2531
240.9428
241.6324
242.3221
243.0117
243.7014
244.3910
245.0807
245.7703
246.4600
247.1497
247.8393
248.5290
249.2186
249.9083
250.5979
251.2876
251.9772
252.6669
253.3566
254.0462
254.7359
255.4255
256.1152
256.8048
257.4945
258.1841
258.8738
259.5634
260.2531
260.9428
261.6324
262.3221
263.0117
263.7014
264.3910
265.0807
265.7703
266.4600
267.1497
267.8393
268.5290
269.2186
269.9083
270.5979
271.2876
271.9772
272.6669
273.3566
274.0462
274.7359
275.4255
276.1152
276.8048
277.4945
278.1841
278.8738
279.5634
280.2531
280.9428
281.6324
282.3221
283.0117
283.7014
284.3910
285.0807
285.7703
286.4600
287.1497
287.8393
288.5290
289.2186
289.9083
290.5979
291.2876
291.9772
292.6669
293.3566
294.0462
294.7359
295.4255
296.1152
296.8048
297.4945
298.1841
298.8738
299.5634
300.2531
300.9428
301.6324
302.3221
303.0117
303.7014
304.3910
305.0807
305.7703
306.4600
307.1497
307.8393
308.5290
309.2186
309.9083
310.5979
311.2876
311.9772
312.6669
313.3566
314.0462
314.7359
315.4255
316.1152
316.8048
317.4945
318.1841
318.8738
319.5634
320.2531
320.9428
321.6324
322.3221
323.0117
323.7014
324.3910
325.0807
325.7703
326.4600
327.1497
327.8393
328.5290
329.2186
329.9083
330.5979
331.2876
331.9772
332.6669
333.3566
334.0462
334.7359
335.4255
336.1152
336.8048
337.4945
338.1841
338.8738
339.5634
340.2531
340.9428
341.6324
342.3221
343.0117
343.7014
344.3910
345.0807
345.7703
346.4600
347.1497
347.8393
348.5290
349.2186
349.9083
350.5979
351.2876
351.9772
352.6669
353.3566
354.0462
354.7359
355.4255
356.1152
356.8048
357.4945
358.1841
358.8738
359.5634
360.2531
