# Studio-Quantized Ground Truth Beats
# Audio: Roxanne - Remastered 2003.mp3
# Verified BPM: 134.00
# Alignment t0: 0.3367s (Period: 0.4478s, Score: 1.747)
# Total Beats: 427
0.3367
0.7845
1.2322
1.6800
2.1278
2.5755
3.0233
3.4710
3.9188
4.3666
4.8143
5.2621
5.7099
6.1576
6.6054
7.0531
7.5009
7.9487
8.3964
8.8442
9.2919
9.7397
10.1875
10.6352
11.0830
11.5307
11.9785
12.4263
12.8740
13.3218
13.7696
14.2173
14.6651
15.1128
15.5606
16.0084
16.4561
16.9039
17.3516
17.7994
18.2472
18.6949
19.1427
19.5904
20.0382
20.4860
20.9337
21.3815
21.8293
22.2770
22.7248
23.1725
23.6203
24.0681
24.5158
24.9636
25.4113
25.8591
26.3069
26.7546
27.2024
27.6501
28.0979
28.5457
28.9934
29.4412
29.8890
30.3367
30.7845
31.2322
31.6800
32.1278
32.5755
33.0233
33.4710
33.9188
34.3666
34.8143
35.2621
35.7099
36.1576
36.6054
37.0531
37.5009
37.9487
38.3964
38.8442
39.2919
39.7397
40.1875
40.6352
41.0830
41.5307
41.9785
42.4263
42.8740
43.3218
43.7696
44.2173
44.6651
45.1128
45.5606
46.0084
46.4561
46.9039
47.3516
47.7994
48.2472
48.6949
49.1427
49.5904
50.0382
50.4860
50.9337
51.3815
51.8293
52.2770
52.7248
53.1725
53.6203
54.0681
54.5158
54.9636
55.4113
55.8591
56.3069
56.7546
57.2024
57.6501
58.0979
58.5457
58.9934
59.4412
59.8890
60.3367
60.7845
61.2322
61.6800
62.1278
62.5755
63.0233
63.4710
63.9188
64.3666
64.8143
65.2621
65.7099
66.1576
66.6054
67.0531
67.5009
67.9487
68.3964
68.8442
69.2919
69.7397
70.1875
70.6352
71.0830
71.5307
71.9785
72.4263
72.8740
73.3218
73.7696
74.2173
74.6651
75.1128
75.5606
76.0084
76.4561
76.9039
77.3516
77.7994
78.2472
78.6949
79.1427
79.5904
80.0382
80.4860
80.9337
81.3815
81.8293
82.2770
82.7248
83.1725
83.6203
84.0681
84.5158
84.9636
85.4113
85.8591
86.3069
86.7546
87.2024
87.6501
88.0979
88.5457
88.9934
89.4412
89.8890
90.3367
90.7845
91.2322
91.6800
92.1278
92.5755
93.0233
93.4710
93.9188
94.3666
94.8143
95.2621
95.7099
96.1576
96.6054
97.0531
97.5009
97.9487
98.3964
98.8442
99.2919
99.7397
100.1875
100.6352
101.0830
101.5307
101.9785
102.4263
102.8740
103.3218
103.7696
104.2173
104.6651
105.1128
105.5606
106.0084
106.4561
106.9039
107.3516
107.7994
108.2472
108.6949
109.1427
109.5904
110.0382
110.4860
110.9337
111.3815
111.8293
112.2770
112.7248
113.1725
113.6203
114.0681
114.5158
114.9636
115.4113
115.8591
116.3069
116.7546
117.2024
117.6501
118.0979
118.5457
118.9934
119.4412
119.8890
120.3367
120.7845
121.2322
121.6800
122.1278
122.5755
123.0233
123.4710
123.9188
124.3666
124.8143
125.2621
125.7099
126.1576
126.6054
127.0531
127.5009
127.9487
128.3964
128.8442
129.2919
129.7397
130.1875
130.6352
131.0830
131.5307
131.9785
132.4263
132.8740
133.3218
133.7696
134.2173
134.6651
135.1128
135.5606
136.0084
136.4561
136.9039
137.3516
137.7994
138.2472
138.6949
139.1427
139.5904
140.0382
140.4860
140.9337
141.3815
141.8293
142.2770
142.7248
143.1725
143.6203
144.0681
144.5158
144.9636
145.4113
145.8591
146.3069
146.7546
147.2024
147.6501
148.0979
148.5457
148.9934
149.4412
149.8890
150.3367
150.7845
151.2322
151.6800
152.1278
152.5755
153.0233
153.4710
153.9188
154.3666
154.8143
155.2621
155.7099
156.1576
156.6054
157.0531
157.5009
157.9487
158.3964
158.8442
159.2919
159.7397
160.1875
160.6352
161.0830
161.5307
161.9785
162.4263
162.8740
163.3218
163.7696
164.2173
164.6651
165.1128
165.5606
166.0084
166.4561
166.9039
167.3516
167.7994
168.2472
168.6949
169.1427
169.5904
170.0382
170.4860
170.9337
171.3815
171.8293
172.2770
172.7248
173.1725
173.6203
174.0681
174.5158
174.9636
175.4113
175.8591
176.3069
176.7546
177.2024
177.6501
178.0979
178.5457
178.9934
179.4412
179.8890
180.3367
180.7845
181.2322
181.6800
182.1278
182.5755
183.0233
183.4710
183.9188
184.3666
184.8143
185.2621
185.7099
186.1576
186.6054
187.0531
187.5009
187.9487
188.3964
188.8442
189.2919
189.7397
190.1875
190.6352
191.0830
