# Studio-Quantized Ground Truth Beats
# Audio: Résiste - Remasterisé en 2004.mp3
# Verified BPM: 115.00
# Alignment t0: 0.0689s (Period: 0.5217s, Score: 1.685)
# Total Beats: 527
0.0689
0.5906
1.1123
1.6341
2.1558
2.6776
3.1993
3.7210
4.2428
4.7645
5.2863
5.8080
6.3297
6.8515
7.3732
7.8950
8.4167
8.9384
9.4602
9.9819
10.5037
11.0254
11.5471
12.0689
12.5906
13.1123
13.6341
14.1558
14.6776
15.1993
15.7210
16.2428
16.7645
17.2863
17.8080
18.3297
18.8515
19.3732
19.8950
20.4167
20.9384
21.4602
21.9819
22.5037
23.0254
23.5471
24.0689
24.5906
25.1123
25.6341
26.1558
26.6776
27.1993
27.7210
28.2428
28.7645
29.2863
29.8080
30.3297
30.8515
31.3732
31.8950
32.4167
32.9384
33.4602
33.9819
34.5037
35.0254
35.5471
36.0689
36.5906
37.1123
37.6341
38.1558
38.6776
39.1993
39.7210
40.2428
40.7645
41.2863
41.8080
42.3297
42.8515
43.3732
43.8950
44.4167
44.9384
45.4602
45.9819
46.5037
47.0254
47.5471
48.0689
48.5906
49.1123
49.6341
50.1558
50.6776
51.1993
51.7210
52.2428
52.7645
53.2863
53.8080
54.3297
54.8515
55.3732
55.8950
56.4167
56.9384
57.4602
57.9819
58.5037
59.0254
59.5471
60.0689
60.5906
61.1123
61.6341
62.1558
62.6776
63.1993
63.7210
64.2428
64.7645
65.2863
65.8080
66.3297
66.8515
67.3732
67.8950
68.4167
68.9384
69.4602
69.9819
70.5037
71.0254
71.5471
72.0689
72.5906
73.1123
73.6341
74.1558
74.6776
75.1993
75.7210
76.2428
76.7645
77.2863
77.8080
78.3297
78.8515
79.3732
79.8950
80.4167
80.9384
81.4602
81.9819
82.5037
83.0254
83.5471
84.0689
84.5906
85.1123
85.6341
86.1558
86.6776
87.1993
87.7210
88.2428
88.7645
89.2863
89.8080
90.3297
90.8515
91.3732
91.8950
92.4167
92.9384
93.4602
93.9819
94.5037
95.0254
95.5471
96.0689
96.5906
97.1123
97.6341
98.1558
98.6776
99.1993
99.7210
100.2428
100.7645
101.2863
101.8080
102.3297
102.8515
103.3732
103.8950
104.4167
104.9384
105.4602
105.9819
106.5037
107.0254
107.5471
108.0689
108.5906
109.1123
109.6341
110.1558
110.6776
111.1993
111.7210
112.2428
112.7645
113.2863
113.8080
114.3297
114.8515
115.3732
115.8950
116.4167
116.9384
117.4602
117.9819
118.5037
119.0254
119.5471
120.0689
120.5906
121.1123
121.6341
122.1558
122.6776
123.1993
123.7210
124.2428
124.7645
125.2863
125.8080
126.3297
126.8515
127.3732
127.8950
128.4167
128.9384
129.4602
129.9819
130.5037
131.0254
131.5471
132.0689
132.5906
133.1123
133.6341
134.1558
134.6776
135.1993
135.7210
136.2428
136.7645
137.2863
137.8080
138.3297
138.8515
139.3732
139.8950
140.4167
140.9384
141.4602
141.9819
142.5037
143.0254
143.5471
144.0689
144.5906
145.1123
145.6341
146.1558
146.6776
147.1993
147.7210
148.2428
148.7645
149.2863
149.8080
150.3297
150.8515
151.3732
151.8950
152.4167
152.9384
153.4602
153.9819
154.5037
155.0254
155.5471
156.0689
156.5906
157.1123
157.6341
158.1558
158.6776
159.1993
159.7210
160.2428
160.7645
161.2863
161.8080
162.3297
162.8515
163.3732
163.8950
164.4167
164.9384
165.4602
165.9819
166.5037
167.0254
167.5471
168.0689
168.5906
169.1123
169.6341
170.1558
170.6776
171.1993
171.7210
172.2428
172.7645
173.2863
173.8080
174.3297
174.8515
175.3732
175.8950
176.4167
176.9384
177.4602
177.9819
178.5037
179.0254
179.5471
180.0689
180.5906
181.1123
181.6341
182.1558
182.6776
183.1993
183.7210
184.2428
184.7645
185.2863
185.8080
186.3297
186.8515
187.3732
187.8950
188.4167
188.9384
189.4602
189.9819
190.5037
191.0254
191.5471
192.0689
192.5906
193.1123
193.6341
194.1558
194.6776
195.1993
195.7210
196.2428
196.7645
197.2863
197.8080
198.3297
198.8515
199.3732
199.8950
200.4167
200.9384
201.4602
201.9819
202.5037
203.0254
203.5471
204.0689
204.5906
205.1123
205.6341
206.1558
206.6776
207.1993
207.7210
208.2428
208.7645
209.2863
209.8080
210.3297
210.8515
211.3732
211.8950
212.4167
212.9384
213.4602
213.9819
214.5037
215.0254
215.5471
216.0689
216.5906
217.1123
217.6341
218.1558
218.6776
219.1993
219.7210
220.2428
220.7645
221.2863
221.8080
222.3297
222.8515
223.3732
223.8950
224.4167
224.9384
225.4602
225.9819
226.5037
227.0254
227.5471
228.0689
228.5906
229.1123
229.6341
230.1558
230.6776
231.1993
231.7210
232.2428
232.7645
233.2863
233.8080
234.3297
234.8515
235.3732
235.8950
236.4167
236.9384
237.4602
237.9819
238.5037
239.0254
239.5471
240.0689
240.5906
241.1123
241.6341
242.1558
242.6776
243.1993
243.7210
244.2428
244.7645
245.2863
245.8080
246.3297
246.8515
247.3732
247.8950
248.4167
248.9384
249.4602
249.9819
250.5037
251.0254
251.5471
252.0689
252.5906
253.1123
253.6341
254.1558
254.6776
255.1993
255.7210
256.2428
256.7645
257.2863
257.8080
258.3297
258.8515
259.3732
259.8950
260.4167
260.9384
261.4602
261.9819
262.5037
263.0254
263.5471
264.0689
264.5906
265.1123
265.6341
266.1558
266.6776
267.1993
267.7210
268.2428
268.7645
269.2863
269.8080
270.3297
270.8515
271.3732
271.8950
272.4167
272.9384
273.4602
273.9819
274.5037
