# Studio-Quantized Ground Truth Beats
# Audio: September.mp3
# Verified BPM: 125.00
# Alignment t0: 0.1915s (Period: 0.4800s, Score: 1.827)
# Total Beats: 448
0.1915
0.6715
1.1515
1.6315
2.1115
2.5915
3.0715
3.5515
4.0315
4.5115
4.9915
5.4715
5.9515
6.4315
6.9115
7.3915
7.8715
8.3515
8.8315
9.3115
9.7915
10.2715
10.7515
11.2315
11.7115
12.1915
12.6715
13.1515
13.6315
14.1115
14.5915
15.0715
15.5515
16.0315
16.5115
16.9915
17.4715
17.9515
18.4315
18.9115
19.3915
19.8715
20.3515
20.8315
21.3115
21.7915
22.2715
22.7515
23.2315
23.7115
24.1915
24.6715
25.1515
25.6315
26.1115
26.5915
27.0715
27.5515
28.0315
28.5115
28.9915
29.4715
29.9515
30.4315
30.9115
31.3915
31.8715
32.3515
32.8315
33.3115
33.7915
34.2715
34.7515
35.2315
35.7115
36.1915
36.6715
37.1515
37.6315
38.1115
38.5915
39.0715
39.5515
40.0315
40.5115
40.9915
41.4715
41.9515
42.4315
42.9115
43.3915
43.8715
44.3515
44.8315
45.3115
45.7915
46.2715
46.7515
47.2315
47.7115
48.1915
48.6715
49.1515
49.6315
50.1115
50.5915
51.0715
51.5515
52.0315
52.5115
52.9915
53.4715
53.9515
54.4315
54.9115
55.3915
55.8715
56.3515
56.8315
57.3115
57.7915
58.2715
58.7515
59.2315
59.7115
60.1915
60.6715
61.1515
61.6315
62.1115
62.5915
63.0715
63.5515
64.0315
64.5115
64.9915
65.4715
65.9515
66.4315
66.9115
67.3915
67.8715
68.3515
68.8315
69.3115
69.7915
70.2715
70.7515
71.2315
71.7115
72.1915
72.6715
73.1515
73.6315
74.1115
74.5915
75.0715
75.5515
76.0315
76.5115
76.9915
77.4715
77.9515
78.4315
78.9115
79.3915
79.8715
80.3515
80.8315
81.3115
81.7915
82.2715
82.7515
83.2315
83.7115
84.1915
84.6715
85.1515
85.6315
86.1115
86.5915
87.0715
87.5515
88.0315
88.5115
88.9915
89.4715
89.9515
90.4315
90.9115
91.3915
91.8715
92.3515
92.8315
93.3115
93.7915
94.2715
94.7515
95.2315
95.7115
96.1915
96.6715
97.1515
97.6315
98.1115
98.5915
99.0715
99.5515
100.0315
100.5115
100.9915
101.4715
101.9515
102.4315
102.9115
103.3915
103.8715
104.3515
104.8315
105.3115
105.7915
106.2715
106.7515
107.2315
107.7115
108.1915
108.6715
109.1515
109.6315
110.1115
110.5915
111.0715
111.5515
112.0315
112.5115
112.9915
113.4715
113.9515
114.4315
114.9115
115.3915
115.8715
116.3515
116.8315
117.3115
117.7915
118.2715
118.7515
119.2315
119.7115
120.1915
120.6715
121.1515
121.6315
122.1115
122.5915
123.0715
123.5515
124.0315
124.5115
124.9915
125.4715
125.9515
126.4315
126.9115
127.3915
127.8715
128.3515
128.8315
129.3115
129.7915
130.2715
130.7515
131.2315
131.7115
132.1915
132.6715
133.1515
133.6315
134.1115
134.5915
135.0715
135.5515
136.0315
136.5115
136.9915
137.4715
137.9515
138.4315
138.9115
139.3915
139.8715
140.3515
140.8315
141.3115
141.7915
142.2715
142.7515
143.2315
143.7115
144.1915
144.6715
145.1515
145.6315
146.1115
146.5915
147.0715
147.5515
148.0315
148.5115
148.9915
149.4715
149.9515
150.4315
150.9115
151.3915
151.8715
152.3515
152.8315
153.3115
153.7915
154.2715
154.7515
155.2315
155.7115
156.1915
156.6715
157.1515
157.6315
158.1115
158.5915
159.0715
159.5515
160.0315
160.5115
160.9915
161.4715
161.9515
162.4315
162.9115
163.3915
163.8715
164.3515
164.8315
165.3115
165.7915
166.2715
166.7515
167.2315
167.7115
168.1915
168.6715
169.1515
169.6315
170.1115
170.5915
171.0715
171.5515
172.0315
172.5115
172.9915
173.4715
173.9515
174.4315
174.9115
175.3915
175.8715
176.3515
176.8315
177.3115
177.7915
178.2715
178.7515
179.2315
179.7115
180.1915
180.6715
181.1515
181.6315
182.1115
182.5915
183.0715
183.5515
184.0315
184.5115
184.9915
185.4715
185.9515
186.4315
186.9115
187.3915
187.8715
188.3515
188.8315
189.3115
189.7915
190.2715
190.7515
191.2315
191.7115
192.1915
192.6715
193.1515
193.6315
194.1115
194.5915
195.0715
195.5515
196.0315
196.5115
196.9915
197.4715
197.9515
198.4315
198.9115
199.3915
199.8715
200.3515
200.8315
201.3115
201.7915
202.2715
202.7515
203.2315
203.7115
204.1915
204.6715
205.1515
205.6315
206.1115
206.5915
207.0715
207.5515
208.0315
208.5115
208.9915
209.4715
209.9515
210.4315
210.9115
211.3915
211.8715
212.3515
212.8315
213.3115
213.7915
214.2715
214.7515
