# Studio-Quantized Ground Truth Beats
# Audio: Stayin' Alive - From _Saturday Night Fever_ Soundtrack.mp3
# Verified BPM: 104.00
# Alignment t0: 0.5140s (Period: 0.5769s, Score: 1.411)
# Total Beats: 494
0.5140
1.0910
1.6679
2.2448
2.8217
3.3987
3.9756
4.5525
5.1294
5.7063
6.2833
6.8602
7.4371
8.0140
8.5910
9.1679
9.7448
10.3217
10.8987
11.4756
12.0525
12.6294
13.2063
13.7833
14.3602
14.9371
15.5140
16.0910
16.6679
17.2448
17.8217
18.3987
18.9756
19.5525
20.1294
20.7063
21.2833
21.8602
22.4371
23.0140
23.5910
24.1679
24.7448
25.3217
25.8987
26.4756
27.0525
27.6294
28.2063
28.7833
29.3602
29.9371
30.5140
31.0910
31.6679
32.2448
32.8217
33.3987
33.9756
34.5525
35.1294
35.7063
36.2833
36.8602
37.4371
38.0140
38.5910
39.1679
39.7448
40.3217
40.8987
41.4756
42.0525
42.6294
43.2063
43.7833
44.3602
44.9371
45.5140
46.0910
46.6679
47.2448
47.8217
48.3987
48.9756
49.5525
50.1294
50.7063
51.2833
51.8602
52.4371
53.0140
53.5910
54.1679
54.7448
55.3217
55.8987
56.4756
57.0525
57.6294
58.2063
58.7833
59.3602
59.9371
60.5140
61.0910
61.6679
62.2448
62.8217
63.3987
63.9756
64.5525
65.1294
65.7063
66.2833
66.8602
67.4371
68.0140
68.5910
69.1679
69.7448
70.3217
70.8987
71.4756
72.0525
72.6294
73.2063
73.7833
74.3602
74.9371
75.5140
76.0910
76.6679
77.2448
77.8217
78.3987
78.9756
79.5525
80.1294
80.7063
81.2833
81.8602
82.4371
83.0140
83.5910
84.1679
84.7448
85.3217
85.8987
86.4756
87.0525
87.6294
88.2063
88.7833
89.3602
89.9371
90.5140
91.0910
91.6679
92.2448
92.8217
93.3987
93.9756
94.5525
95.1294
95.7063
96.2833
96.8602
97.4371
98.0140
98.5910
99.1679
99.7448
100.3217
100.8987
101.4756
102.0525
102.6294
103.2063
103.7833
104.3602
104.9371
105.5140
106.0910
106.6679
107.2448
107.8217
108.3987
108.9756
109.5525
110.1294
110.7063
111.2833
111.8602
112.4371
113.0140
113.5910
114.1679
114.7448
115.3217
115.8987
116.4756
117.0525
117.6294
118.2063
118.7833
119.3602
119.9371
120.5140
121.0910
121.6679
122.2448
122.8217
123.3987
123.9756
124.5525
125.1294
125.7063
126.2833
126.8602
127.4371
128.0140
128.5910
129.1679
129.7448
130.3217
130.8987
131.4756
132.0525
132.6294
133.2063
133.7833
134.3602
134.9371
135.5140
136.0910
136.6679
137.2448
137.8217
138.3987
138.9756
139.5525
140.1294
140.7063
141.2833
141.8602
142.4371
143.0140
143.5910
144.1679
144.7448
145.3217
145.8987
146.4756
147.0525
147.6294
148.2063
148.7833
149.3602
149.9371
150.5140
151.0910
151.6679
152.2448
152.8217
153.3987
153.9756
154.5525
155.1294
155.7063
156.2833
156.8602
157.4371
158.0140
158.5910
159.1679
159.7448
160.3217
160.8987
161.4756
162.0525
162.6294
163.2063
163.7833
164.3602
164.9371
165.5140
166.0910
166.6679
167.2448
167.8217
168.3987
168.9756
169.5525
170.1294
170.7063
171.2833
171.8602
172.4371
173.0140
173.5910
174.1679
174.7448
175.3217
175.8987
176.4756
177.0525
177.6294
178.2063
178.7833
179.3602
179.9371
180.5140
181.0910
181.6679
182.2448
182.8217
183.3987
183.9756
184.5525
185.1294
185.7063
186.2833
186.8602
187.4371
188.0140
188.5910
189.1679
189.7448
190.3217
190.8987
191.4756
192.0525
192.6294
193.2063
193.7833
194.3602
194.9371
195.5140
196.0910
196.6679
197.2448
197.8217
198.3987
198.9756
199.5525
200.1294
200.7063
201.2833
201.8602
202.4371
203.0140
203.5910
204.1679
204.7448
205.3217
205.8987
206.4756
207.0525
207.6294
208.2063
208.7833
209.3602
209.9371
210.5140
211.0910
211.6679
212.2448
212.8217
213.3987
213.9756
214.5525
215.1294
215.7063
216.2833
216.8602
217.4371
218.0140
218.5910
219.1679
219.7448
220.3217
220.8987
221.4756
222.0525
222.6294
223.2063
223.7833
224.3602
224.9371
225.5140
226.0910
226.6679
227.2448
227.8217
228.3987
228.9756
229.5525
230.1294
230.7063
231.2833
231.8602
232.4371
233.0140
233.5910
234.1679
234.7448
235.3217
235.8987
236.4756
237.0525
237.6294
238.2063
238.7833
239.3602
239.9371
240.5140
241.0910
241.6679
242.2448
242.8217
243.3987
243.9756
244.5525
245.1294
245.7063
246.2833
246.8602
247.4371
248.0140
248.5910
249.1679
249.7448
250.3217
250.8987
251.4756
252.0525
252.6294
253.2063
253.7833
254.3602
254.9371
255.5140
256.0910
256.6679
257.2448
257.8217
258.3987
258.9756
259.5525
260.1294
260.7063
261.2833
261.8602
262.4371
263.0140
263.5910
264.1679
264.7448
265.3217
265.8987
266.4756
267.0525
267.6294
268.2063
268.7833
269.3602
269.9371
270.5140
271.0910
271.6679
272.2448
272.8217
273.3987
273.9756
274.5525
275.1294
275.7063
276.2833
276.8602
277.4371
278.0140
278.5910
279.1679
279.7448
280.3217
280.8987
281.4756
282.0525
282.6294
283.2063
283.7833
284.3602
284.9371
