# Studio-Quantized Ground Truth Beats
# Audio: Sultans Of Swing.mp3
# Verified BPM: 148.00
# Alignment t0: 0.3831s (Period: 0.4054s, Score: 1.400)
# Total Beats: 859
0.3831
0.7885
1.1939
1.5993
2.0047
2.4101
2.8155
3.2209
3.6264
4.0318
4.4372
4.8426
5.2480
5.6534
6.0588
6.4642
6.8696
7.2750
7.6804
8.0858
8.4912
8.8966
9.3020
9.7074
10.1128
10.5182
10.9236
11.3291
11.7345
12.1399
12.5453
12.9507
13.3561
13.7615
14.1669
14.5723
14.9777
15.3831
15.7885
16.1939
16.5993
17.0047
17.4101
17.8155
18.2209
18.6264
19.0318
19.4372
19.8426
20.2480
20.6534
21.0588
21.4642
21.8696
22.2750
22.6804
23.0858
23.4912
23.8966
24.3020
24.7074
25.1128
25.5182
25.9236
26.3291
26.7345
27.1399
27.5453
27.9507
28.3561
28.7615
29.1669
29.5723
29.9777
30.3831
30.7885
31.1939
31.5993
32.0047
32.4101
32.8155
33.2209
33.6264
34.0318
34.4372
34.8426
35.2480
35.6534
36.0588
36.4642
36.8696
37.2750
37.6804
38.0858
38.4912
38.8966
39.3020
39.7074
40.1128
40.5182
40.9236
41.3291
41.7345
42.1399
42.5453
42.9507
43.3561
43.7615
44.1669
44.5723
44.9777
45.3831
45.7885
46.1939
46.5993
47.0047
47.4101
47.8155
48.2209
48.6264
49.0318
49.4372
49.8426
50.2480
50.6534
51.0588
51.4642
51.8696
52.2750
52.6804
53.0858
53.4912
53.8966
54.3020
54.7074
55.1128
55.5182
55.9236
56.3291
56.7345
57.1399
57.5453
57.9507
58.3561
58.7615
59.1669
59.5723
59.9777
60.3831
60.7885
61.1939
61.5993
62.0047
62.4101
62.8155
63.2209
63.6264
64.0318
64.4372
64.8426
65.2480
65.6534
66.0588
66.4642
66.8696
67.2750
67.6804
68.0858
68.4912
68.8966
69.3020
69.7074
70.1128
70.5182
70.9236
71.3291
71.7345
72.1399
72.5453
72.9507
73.3561
73.7615
74.1669
74.5723
74.9777
75.3831
75.7885
76.1939
76.5993
77.0047
77.4101
77.8155
78.2209
78.6264
79.0318
79.4372
79.8426
80.2480
80.6534
81.0588
81.4642
81.8696
82.2750
82.6804
83.0858
83.4912
83.8966
84.3020
84.7074
85.1128
85.5182
85.9236
86.3291
86.7345
87.1399
87.5453
87.9507
88.3561
88.7615
89.1669
89.5723
89.9777
90.3831
90.7885
91.1939
91.5993
92.0047
92.4101
92.8155
93.2209
93.6264
94.0318
94.4372
94.8426
95.2480
95.6534
96.0588
96.4642
96.8696
97.2750
97.6804
98.0858
98.4912
98.8966
99.3020
99.7074
100.1128
100.5182
100.9236
101.3291
101.7345
102.1399
102.5453
102.9507
103.3561
103.7615
104.1669
104.5723
104.9777
105.3831
105.7885
106.1939
106.5993
107.0047
107.4101
107.8155
108.2209
108.6264
109.0318
109.4372
109.8426
110.2480
110.6534
111.0588
111.4642
111.8696
112.2750
112.6804
113.0858
113.4912
113.8966
114.3020
114.7074
115.1128
115.5182
115.9236
116.3291
116.7345
117.1399
117.5453
117.9507
118.3561
118.7615
119.1669
119.5723
119.9777
120.3831
120.7885
121.1939
121.5993
122.0047
122.4101
122.8155
123.2209
123.6264
124.0318
124.4372
124.8426
125.2480
125.6534
126.0588
126.4642
126.8696
127.2750
127.6804
128.0858
128.4912
128.8966
129.3020
129.7074
130.1128
130.5182
130.9236
131.3291
131.7345
132.1399
132.5453
132.9507
133.3561
133.7615
134.1669
134.5723
134.9777
135.3831
135.7885
136.1939
136.5993
137.0047
137.4101
137.8155
138.2209
138.6264
139.0318
139.4372
139.8426
140.2480
140.6534
141.0588
141.4642
141.8696
142.2750
142.6804
143.0858
143.4912
143.8966
144.3020
144.7074
145.1128
145.5182
145.9236
146.3291
146.7345
147.1399
147.5453
147.9507
148.3561
148.7615
149.1669
149.5723
149.9777
150.3831
150.7885
151.1939
151.5993
152.0047
152.4101
152.8155
153.2209
153.6264
154.0318
154.4372
154.8426
155.2480
155.6534
156.0588
156.4642
156.8696
157.2750
157.6804
158.0858
158.4912
158.8966
159.3020
159.7074
160.1128
160.5182
160.9236
161.3291
161.7345
162.1399
162.5453
162.9507
163.3561
163.7615
164.1669
164.5723
164.9777
165.3831
165.7885
166.1939
166.5993
167.0047
167.4101
167.8155
168.2209
168.6264
169.0318
169.4372
169.8426
170.2480
170.6534
171.0588
171.4642
171.8696
172.2750
172.6804
173.0858
173.4912
173.8966
174.3020
174.7074
175.1128
175.5182
175.9236
176.3291
176.7345
177.1399
177.5453
177.9507
178.3561
178.7615
179.1669
179.5723
179.9777
180.3831
180.7885
181.1939
181.5993
182.0047
182.4101
182.8155
183.2209
183.6264
184.0318
184.4372
184.8426
185.2480
185.6534
186.0588
186.4642
186.8696
187.2750
187.6804
188.0858
188.4912
188.8966
189.3020
189.7074
190.1128
190.5182
190.9236
191.3291
191.7345
192.1399
192.5453
192.9507
193.3561
193.7615
194.1669
194.5723
194.9777
195.3831
195.7885
196.1939
196.5993
197.0047
197.4101
197.8155
198.2209
198.6264
199.0318
199.4372
199.8426
200.2480
200.6534
201.0588
201.4642
201.8696
202.2750
202.6804
203.0858
203.4912
203.8966
204.3020
204.7074
205.1128
205.5182
205.9236
206.3291
206.7345
207.1399
207.5453
207.9507
208.3561
208.7615
209.1669
209.5723
209.9777
210.3831
210.7885
211.1939
211.5993
212.0047
212.4101
212.8155
213.2209
213.6264
214.0318
214.4372
214.8426
215.2480
215.6534
216.0588
216.4642
216.8696
217.2750
217.6804
218.0858
218.4912
218.8966
219.3020
219.7074
220.1128
220.5182
220.9236
221.3291
221.7345
222.1399
222.5453
222.9507
223.3561
223.7615
224.1669
224.5723
224.9777
225.3831
225.7885
226.1939
226.5993
227.0047
227.4101
227.8155
228.2209
228.6264
229.0318
229.4372
229.8426
230.2480
230.6534
231.0588
231.4642
231.8696
232.2750
232.6804
233.0858
233.4912
233.8966
234.3020
234.7074
235.1128
235.5182
235.9236
236.3291
236.7345
237.1399
237.5453
237.9507
238.3561
238.7615
239.1669
239.5723
239.9777
240.3831
240.7885
241.1939
241.5993
242.0047
242.4101
242.8155
243.2209
243.6264
244.0318
244.4372
244.8426
245.2480
245.6534
246.0588
246.4642
246.8696
247.2750
247.6804
248.0858
248.4912
248.8966
249.3020
249.7074
250.1128
250.5182
250.9236
251.3291
251.7345
252.1399
252.5453
252.9507
253.3561
253.7615
254.1669
254.5723
254.9777
255.3831
255.7885
256.1939
256.5993
257.0047
257.4101
257.8155
258.2209
258.6264
259.0318
259.4372
259.8426
260.2480
260.6534
261.0588
261.4642
261.8696
262.2750
262.6804
263.0858
263.4912
263.8966
264.3020
264.7074
265.1128
265.5182
265.9236
266.3291
266.7345
267.1399
267.5453
267.9507
268.3561
268.7615
269.1669
269.5723
269.9777
270.3831
270.7885
271.1939
271.5993
272.0047
272.4101
272.8155
273.2209
273.6264
274.0318
274.4372
274.8426
275.2480
275.6534
276.0588
276.4642
276.8696
277.2750
277.6804
278.0858
278.4912
278.8966
279.3020
279.7074
280.1128
280.5182
280.9236
281.3291
281.7345
282.1399
282.5453
282.9507
283.3561
283.7615
284.1669
284.5723
284.9777
285.3831
285.7885
286.1939
286.5993
287.0047
287.4101
287.8155
288.2209
288.6264
289.0318
289.4372
289.8426
290.2480
290.6534
291.0588
291.4642
291.8696
292.2750
292.6804
293.0858
293.4912
293.8966
294.3020
294.7074
295.1128
295.5182
295.9236
296.3291
296.7345
297.1399
297.5453
297.9507
298.3561
298.7615
299.1669
299.5723
299.9777
300.3831
300.7885
301.1939
301.5993
302.0047
302.4101
302.8155
303.2209
303.6264
304.0318
304.4372
304.8426
305.2480
305.6534
306.0588
306.4642
306.8696
307.2750
307.6804
308.0858
308.4912
308.8966
309.3020
309.7074
310.1128
310.5182
310.9236
311.3291
311.7345
312.1399
312.5453
312.9507
313.3561
313.7615
314.1669
314.5723
314.9777
315.3831
315.7885
316.1939
316.5993
317.0047
317.4101
317.8155
318.2209
318.6264
319.0318
319.4372
319.8426
320.2480
320.6534
321.0588
321.4642
321.8696
322.2750
322.6804
323.0858
323.4912
323.8966
324.3020
324.7074
325.1128
325.5182
325.9236
326.3291
326.7345
327.1399
327.5453
327.9507
328.3561
328.7615
329.1669
329.5723
329.9777
330.3831
330.7885
331.1939
331.5993
332.0047
332.4101
332.8155
333.2209
333.6264
334.0318
334.4372
334.8426
335.2480
335.6534
336.0588
336.4642
336.8696
337.2750
337.6804
338.0858
338.4912
338.8966
339.3020
339.7074
340.1128
340.5182
340.9236
341.3291
341.7345
342.1399
342.5453
342.9507
343.3561
343.7615
344.1669
344.5723
344.9777
345.3831
345.7885
346.1939
346.5993
347.0047
347.4101
347.8155
348.2209
