# Studio-Quantized Ground Truth Beats
# Audio: Sweet Child O' Mine.mp3
# Verified BPM: 125.00
# Alignment t0: 0.2040s (Period: 0.4800s, Score: 1.518)
# Total Beats: 739
0.2040
0.6840
1.1640
1.6440
2.1240
2.6040
3.0840
3.5640
4.0440
4.5240
5.0040
5.4840
5.9640
6.4440
6.9240
7.4040
7.8840
8.3640
8.8440
9.3240
9.8040
10.2840
10.7640
11.2440
11.7240
12.2040
12.6840
13.1640
13.6440
14.1240
14.6040
15.0840
15.5640
16.0440
16.5240
17.0040
17.4840
17.9640
18.4440
18.9240
19.4040
19.8840
20.3640
20.8440
21.3240
21.8040
22.2840
22.7640
23.2440
23.7240
24.2040
24.6840
25.1640
25.6440
26.1240
26.6040
27.0840
27.5640
28.0440
28.5240
29.0040
29.4840
29.9640
30.4440
30.9240
31.4040
31.8840
32.3640
32.8440
33.3240
33.8040
34.2840
34.7640
35.2440
35.7240
36.2040
36.6840
37.1640
37.6440
38.1240
38.6040
39.0840
39.5640
40.0440
40.5240
41.0040
41.4840
41.9640
42.4440
42.9240
43.4040
43.8840
44.3640
44.8440
45.3240
45.8040
46.2840
46.7640
47.2440
47.7240
48.2040
48.6840
49.1640
49.6440
50.1240
50.6040
51.0840
51.5640
52.0440
52.5240
53.0040
53.4840
53.9640
54.4440
54.9240
55.4040
55.8840
56.3640
56.8440
57.3240
57.8040
58.2840
58.7640
59.2440
59.7240
60.2040
60.6840
61.1640
61.6440
62.1240
62.6040
63.0840
63.5640
64.0440
64.5240
65.0040
65.4840
65.9640
66.4440
66.9240
67.4040
67.8840
68.3640
68.8440
69.3240
69.8040
70.2840
70.7640
71.2440
71.7240
72.2040
72.6840
73.1640
73.6440
74.1240
74.6040
75.0840
75.5640
76.0440
76.5240
77.0040
77.4840
77.9640
78.4440
78.9240
79.4040
79.8840
80.3640
80.8440
81.3240
81.8040
82.2840
82.7640
83.2440
83.7240
84.2040
84.6840
85.1640
85.6440
86.1240
86.6040
87.0840
87.5640
88.0440
88.5240
89.0040
89.4840
89.9640
90.4440
90.9240
91.4040
91.8840
92.3640
92.8440
93.3240
93.8040
94.2840
94.7640
95.2440
95.7240
96.2040
96.6840
97.1640
97.6440
98.1240
98.6040
99.0840
99.5640
100.0440
100.5240
101.0040
101.4840
101.9640
102.4440
102.9240
103.4040
103.8840
104.3640
104.8440
105.3240
105.8040
106.2840
106.7640
107.2440
107.7240
108.2040
108.6840
109.1640
109.6440
110.1240
110.6040
111.0840
111.5640
112.0440
112.5240
113.0040
113.4840
113.9640
114.4440
114.9240
115.4040
115.8840
116.3640
116.8440
117.3240
117.8040
118.2840
118.7640
119.2440
119.7240
120.2040
120.6840
121.1640
121.6440
122.1240
122.6040
123.0840
123.5640
124.0440
124.5240
125.0040
125.4840
125.9640
126.4440
126.9240
127.4040
127.8840
128.3640
128.8440
129.3240
129.8040
130.2840
130.7640
131.2440
131.7240
132.2040
132.6840
133.1640
133.6440
134.1240
134.6040
135.0840
135.5640
136.0440
136.5240
137.0040
137.4840
137.9640
138.4440
138.9240
139.4040
139.8840
140.3640
140.8440
141.3240
141.8040
142.2840
142.7640
143.2440
143.7240
144.2040
144.6840
145.1640
145.6440
146.1240
146.6040
147.0840
147.5640
148.0440
148.5240
149.0040
149.4840
149.9640
150.4440
150.9240
151.4040
151.8840
152.3640
152.8440
153.3240
153.8040
154.2840
154.7640
155.2440
155.7240
156.2040
156.6840
157.1640
157.6440
158.1240
158.6040
159.0840
159.5640
160.0440
160.5240
161.0040
161.4840
161.9640
162.4440
162.9240
163.4040
163.8840
164.3640
164.8440
165.3240
165.8040
166.2840
166.7640
167.2440
167.7240
168.2040
168.6840
169.1640
169.6440
170.1240
170.6040
171.0840
171.5640
172.0440
172.5240
173.0040
173.4840
173.9640
174.4440
174.9240
175.4040
175.8840
176.3640
176.8440
177.3240
177.8040
178.2840
178.7640
179.2440
179.7240
180.2040
180.6840
181.1640
181.6440
182.1240
182.6040
183.0840
183.5640
184.0440
184.5240
185.0040
185.4840
185.9640
186.4440
186.9240
187.4040
187.8840
188.3640
188.8440
189.3240
189.8040
190.2840
190.7640
191.2440
191.7240
192.2040
192.6840
193.1640
193.6440
194.1240
194.6040
195.0840
195.5640
196.0440
196.5240
197.0040
197.4840
197.9640
198.4440
198.9240
199.4040
199.8840
200.3640
200.8440
201.3240
201.8040
202.2840
202.7640
203.2440
203.7240
204.2040
204.6840
205.1640
205.6440
206.1240
206.6040
207.0840
207.5640
208.0440
208.5240
209.0040
209.4840
209.9640
210.4440
210.9240
211.4040
211.8840
212.3640
212.8440
213.3240
213.8040
214.2840
214.7640
215.2440
215.7240
216.2040
216.6840
217.1640
217.6440
218.1240
218.6040
219.0840
219.5640
220.0440
220.5240
221.0040
221.4840
221.9640
222.4440
222.9240
223.4040
223.8840
224.3640
224.8440
225.3240
225.8040
226.2840
226.7640
227.2440
227.7240
228.2040
228.6840
229.1640
229.6440
230.1240
230.6040
231.0840
231.5640
232.0440
232.5240
233.0040
233.4840
233.9640
234.4440
234.9240
235.4040
235.8840
236.3640
236.8440
237.3240
237.8040
238.2840
238.7640
239.2440
239.7240
240.2040
240.6840
241.1640
241.6440
242.1240
242.6040
243.0840
243.5640
244.0440
244.5240
245.0040
245.4840
245.9640
246.4440
246.9240
247.4040
247.8840
248.3640
248.8440
249.3240
249.8040
250.2840
250.7640
251.2440
251.7240
252.2040
252.6840
253.1640
253.6440
254.1240
254.6040
255.0840
255.5640
256.0440
256.5240
257.0040
257.4840
257.9640
258.4440
258.9240
259.4040
259.8840
260.3640
260.8440
261.3240
261.8040
262.2840
262.7640
263.2440
263.7240
264.2040
264.6840
265.1640
265.6440
266.1240
266.6040
267.0840
267.5640
268.0440
268.5240
269.0040
269.4840
269.9640
270.4440
270.9240
271.4040
271.8840
272.3640
272.8440
273.3240
273.8040
274.2840
274.7640
275.2440
275.7240
276.2040
276.6840
277.1640
277.6440
278.1240
278.6040
279.0840
279.5640
280.0440
280.5240
281.0040
281.4840
281.9640
282.4440
282.9240
283.4040
283.8840
284.3640
284.8440
285.3240
285.8040
286.2840
286.7640
287.2440
287.7240
288.2040
288.6840
289.1640
289.6440
290.1240
290.6040
291.0840
291.5640
292.0440
292.5240
293.0040
293.4840
293.9640
294.4440
294.9240
295.4040
295.8840
296.3640
296.8440
297.3240
297.8040
298.2840
298.7640
299.2440
299.7240
300.2040
300.6840
301.1640
301.6440
302.1240
302.6040
303.0840
303.5640
304.0440
304.5240
305.0040
305.4840
305.9640
306.4440
306.9240
307.4040
307.8840
308.3640
308.8440
309.3240
309.8040
310.2840
310.7640
311.2440
311.7240
312.2040
312.6840
313.1640
313.6440
314.1240
314.6040
315.0840
315.5640
316.0440
316.5240
317.0040
317.4840
317.9640
318.4440
318.9240
319.4040
319.8840
320.3640
320.8440
321.3240
321.8040
322.2840
322.7640
323.2440
323.7240
324.2040
324.6840
325.1640
325.6440
326.1240
326.6040
327.0840
327.5640
328.0440
328.5240
329.0040
329.4840
329.9640
330.4440
330.9240
331.4040
331.8840
332.3640
332.8440
333.3240
333.8040
334.2840
334.7640
335.2440
335.7240
336.2040
336.6840
337.1640
337.6440
338.1240
338.6040
339.0840
339.5640
340.0440
340.5240
341.0040
341.4840
341.9640
342.4440
342.9240
343.4040
343.8840
344.3640
344.8440
345.3240
345.8040
346.2840
346.7640
347.2440
347.7240
348.2040
348.6840
349.1640
349.6440
350.1240
350.6040
351.0840
351.5640
352.0440
352.5240
353.0040
353.4840
353.9640
354.4440
