# Studio-Quantized Ground Truth Beats
# Audio: Tous les cris les S.O.S_.mp3
# Verified BPM: 88.00
# Alignment t0: 0.5666s (Period: 0.6818s, Score: 1.564)
# Total Beats: 451
0.5666
1.2484
1.9302
2.6120
3.2939
3.9757
4.6575
5.3393
6.0211
6.7030
7.3848
8.0666
8.7484
9.4302
10.1120
10.7939
11.4757
12.1575
12.8393
13.5211
14.2030
14.8848
15.5666
16.2484
16.9302
17.6120
18.2939
18.9757
19.6575
20.3393
21.0211
21.7030
22.3848
23.0666
23.7484
24.4302
25.1120
25.7939
26.4757
27.1575
27.8393
28.5211
29.2030
29.8848
30.5666
31.2484
31.9302
32.6120
33.2939
33.9757
34.6575
35.3393
36.0211
36.7030
37.3848
38.0666
38.7484
39.4302
40.1120
40.7939
41.4757
42.1575
42.8393
43.5211
44.2030
44.8848
45.5666
46.2484
46.9302
47.6120
48.2939
48.9757
49.6575
50.3393
51.0211
51.7030
52.3848
53.0666
53.7484
54.4302
55.1120
55.7939
56.4757
57.1575
57.8393
58.5211
59.2030
59.8848
60.5666
61.2484
61.9302
62.6120
63.2939
63.9757
64.6575
65.3393
66.0211
66.7030
67.3848
68.0666
68.7484
69.4302
70.1120
70.7939
71.4757
72.1575
72.8393
73.5211
74.2030
74.8848
75.5666
76.2484
76.9302
77.6120
78.2939
78.9757
79.6575
80.3393
81.0211
81.7030
82.3848
83.0666
83.7484
84.4302
85.1120
85.7939
86.4757
87.1575
87.8393
88.5211
89.2030
89.8848
90.5666
91.2484
91.9302
92.6120
93.2939
93.9757
94.6575
95.3393
96.0211
96.7030
97.3848
98.0666
98.7484
99.4302
100.1120
100.7939
101.4757
102.1575
102.8393
103.5211
104.2030
104.8848
105.5666
106.2484
106.9302
107.6120
108.2939
108.9757
109.6575
110.3393
111.0211
111.7030
112.3848
113.0666
113.7484
114.4302
115.1120
115.7939
116.4757
117.1575
117.8393
118.5211
119.2030
119.8848
120.5666
121.2484
121.9302
122.6120
123.2939
123.9757
124.6575
125.3393
126.0211
126.7030
127.3848
128.0666
128.7484
129.4302
130.1120
130.7939
131.4757
132.1575
132.8393
133.5211
134.2030
134.8848
135.5666
136.2484
136.9302
137.6120
138.2939
138.9757
139.6575
140.3393
141.0211
141.7030
142.3848
143.0666
143.7484
144.4302
145.1120
145.7939
146.4757
147.1575
147.8393
148.5211
149.2030
149.8848
150.5666
151.2484
151.9302
152.6120
153.2939
153.9757
154.6575
155.3393
156.0211
156.7030
157.3848
158.0666
158.7484
159.4302
160.1120
160.7939
161.4757
162.1575
162.8393
163.5211
164.2030
164.8848
165.5666
166.2484
166.9302
167.6120
168.2939
168.9757
169.6575
170.3393
171.0211
171.7030
172.3848
173.0666
173.7484
174.4302
175.1120
175.7939
176.4757
177.1575
177.8393
178.5211
179.2030
179.8848
180.5666
181.2484
181.9302
182.6120
183.2939
183.9757
184.6575
185.3393
186.0211
186.7030
187.3848
188.0666
188.7484
189.4302
190.1120
190.7939
191.4757
192.1575
192.8393
193.5211
194.2030
194.8848
195.5666
196.2484
196.9302
197.6120
198.2939
198.9757
199.6575
200.3393
201.0211
201.7030
202.3848
203.0666
203.7484
204.4302
205.1120
205.7939
206.4757
207.1575
207.8393
208.5211
209.2030
209.8848
210.5666
211.2484
211.9302
212.6120
213.2939
213.9757
214.6575
215.3393
216.0211
216.7030
217.3848
218.0666
218.7484
219.4302
220.1120
220.7939
221.4757
222.1575
222.8393
223.5211
224.2030
224.8848
225.5666
226.2484
226.9302
227.6120
228.2939
228.9757
229.6575
230.3393
231.0211
231.7030
232.3848
233.0666
233.7484
234.4302
235.1120
235.7939
236.4757
237.1575
237.8393
238.5211
239.2030
239.8848
240.5666
241.2484
241.9302
242.6120
243.2939
243.9757
244.6575
245.3393
246.0211
246.7030
247.3848
248.0666
248.7484
249.4302
250.1120
250.7939
251.4757
252.1575
252.8393
253.5211
254.2030
254.8848
255.5666
256.2484
256.9302
257.6120
258.2939
258.9757
259.6575
260.3393
261.0211
261.7030
262.3848
263.0666
263.7484
264.4302
265.1120
265.7939
266.4757
267.1575
267.8393
268.5211
269.2030
269.8848
270.5666
271.2484
271.9302
272.6120
273.2939
273.9757
274.6575
275.3393
276.0211
276.7030
277.3848
278.0666
278.7484
279.4302
280.1120
280.7939
281.4757
282.1575
282.8393
283.5211
284.2030
284.8848
285.5666
286.2484
286.9302
287.6120
288.2939
288.9757
289.6575
290.3393
291.0211
291.7030
292.3848
293.0666
293.7484
294.4302
295.1120
295.7939
296.4757
297.1575
297.8393
298.5211
299.2030
299.8848
300.5666
301.2484
301.9302
302.6120
303.2939
303.9757
304.6575
305.3393
306.0211
306.7030
307.3848
