# Studio-Quantized Ground Truth Beats
# Audio: Where Is My Mind_.mp3
# Verified BPM: 162.00
# Alignment t0: 0.2081s (Period: 0.3704s, Score: 1.472)
# Total Beats: 640
0.2081
0.5785
0.9489
1.3193
1.6896
2.0600
2.4304
2.8007
3.1711
3.5415
3.9119
4.2822
4.6526
5.0230
5.3933
5.7637
6.1341
6.5044
6.8748
7.2452
7.6156
7.9859
8.3563
8.7267
9.0970
9.4674
9.8378
10.2081
10.5785
10.9489
11.3193
11.6896
12.0600
12.4304
12.8007
13.1711
13.5415
13.9119
14.2822
14.6526
15.0230
15.3933
15.7637
16.1341
16.5044
16.8748
17.2452
17.6156
17.9859
18.3563
18.7267
19.0970
19.4674
19.8378
20.2081
20.5785
20.9489
21.3193
21.6896
22.0600
22.4304
22.8007
23.1711
23.5415
23.9119
24.2822
24.6526
25.0230
25.3933
25.7637
26.1341
26.5044
26.8748
27.2452
27.6156
27.9859
28.3563
28.7267
29.0970
29.4674
29.8378
30.2081
30.5785
30.9489
31.3193
31.6896
32.0600
32.4304
32.8007
33.1711
33.5415
33.9119
34.2822
34.6526
35.0230
35.3933
35.7637
36.1341
36.5044
36.8748
37.2452
37.6156
37.9859
38.3563
38.7267
39.0970
39.4674
39.8378
40.2081
40.5785
40.9489
41.3193
41.6896
42.0600
42.4304
42.8007
43.1711
43.5415
43.9119
44.2822
44.6526
45.0230
45.3933
45.7637
46.1341
46.5044
46.8748
47.2452
47.6156
47.9859
48.3563
48.7267
49.0970
49.4674
49.8378
50.2081
50.5785
50.9489
51.3193
51.6896
52.0600
52.4304
52.8007
53.1711
53.5415
53.9119
54.2822
54.6526
55.0230
55.3933
55.7637
56.1341
56.5044
56.8748
57.2452
57.6156
57.9859
58.3563
58.7267
59.0970
59.4674
59.8378
60.2081
60.5785
60.9489
61.3193
61.6896
62.0600
62.4304
62.8007
63.1711
63.5415
63.9119
64.2822
64.6526
65.0230
65.3933
65.7637
66.1341
66.5044
66.8748
67.2452
67.6156
67.9859
68.3563
68.7267
69.0970
69.4674
69.8378
70.2081
70.5785
70.9489
71.3193
71.6896
72.0600
72.4304
72.8007
73.1711
73.5415
73.9119
74.2822
74.6526
75.0230
75.3933
75.7637
76.1341
76.5044
76.8748
77.2452
77.6156
77.9859
78.3563
78.7267
79.0970
79.4674
79.8378
80.2081
80.5785
80.9489
81.3193
81.6896
82.0600
82.4304
82.8007
83.1711
83.5415
83.9119
84.2822
84.6526
85.0230
85.3933
85.7637
86.1341
86.5044
86.8748
87.2452
87.6156
87.9859
88.3563
88.7267
89.0970
89.4674
89.8378
90.2081
90.5785
90.9489
91.3193
91.6896
92.0600
92.4304
92.8007
93.1711
93.5415
93.9119
94.2822
94.6526
95.0230
95.3933
95.7637
96.1341
96.5044
96.8748
97.2452
97.6156
97.9859
98.3563
98.7267
99.0970
99.4674
99.8378
100.2081
100.5785
100.9489
101.3193
101.6896
102.0600
102.4304
102.8007
103.1711
103.5415
103.9119
104.2822
104.6526
105.0230
105.3933
105.7637
106.1341
106.5044
106.8748
107.2452
107.6156
107.9859
108.3563
108.7267
109.0970
109.4674
109.8378
110.2081
110.5785
110.9489
111.3193
111.6896
112.0600
112.4304
112.8007
113.1711
113.5415
113.9119
114.2822
114.6526
115.0230
115.3933
115.7637
116.1341
116.5044
116.8748
117.2452
117.6156
117.9859
118.3563
118.7267
119.0970
119.4674
119.8378
120.2081
120.5785
120.9489
121.3193
121.6896
122.0600
122.4304
122.8007
123.1711
123.5415
123.9119
124.2822
124.6526
125.0230
125.3933
125.7637
126.1341
126.5044
126.8748
127.2452
127.6156
127.9859
128.3563
128.7267
129.0970
129.4674
129.8378
130.2081
130.5785
130.9489
131.3193
131.6896
132.0600
132.4304
132.8007
133.1711
133.5415
133.9119
134.2822
134.6526
135.0230
135.3933
135.7637
136.1341
136.5044
136.8748
137.2452
137.6156
137.9859
138.3563
138.7267
139.0970
139.4674
139.8378
140.2081
140.5785
140.9489
141.3193
141.6896
142.0600
142.4304
142.8007
143.1711
143.5415
143.9119
144.2822
144.6526
145.0230
145.3933
145.7637
146.1341
146.5044
146.8748
147.2452
147.6156
147.9859
148.3563
148.7267
149.0970
149.4674
149.8378
150.2081
150.5785
150.9489
151.3193
151.6896
152.0600
152.4304
152.8007
153.1711
153.5415
153.9119
154.2822
154.6526
155.0230
155.3933
155.7637
156.1341
156.5044
156.8748
157.2452
157.6156
157.9859
158.3563
158.7267
159.0970
159.4674
159.8378
160.2081
160.5785
160.9489
161.3193
161.6896
162.0600
162.4304
162.8007
163.1711
163.5415
163.9119
164.2822
164.6526
165.0230
165.3933
165.7637
166.1341
166.5044
166.8748
167.2452
167.6156
167.9859
168.3563
168.7267
169.0970
169.4674
169.8378
170.2081
170.5785
170.9489
171.3193
171.6896
172.0600
172.4304
172.8007
173.1711
173.5415
173.9119
174.2822
174.6526
175.0230
175.3933
175.7637
176.1341
176.5044
176.8748
177.2452
177.6156
177.9859
178.3563
178.7267
179.0970
179.4674
179.8378
180.2081
180.5785
180.9489
181.3193
181.6896
182.0600
182.4304
182.8007
183.1711
183.5415
183.9119
184.2822
184.6526
185.0230
185.3933
185.7637
186.1341
186.5044
186.8748
187.2452
187.6156
187.9859
188.3563
188.7267
189.0970
189.4674
189.8378
190.2081
190.5785
190.9489
191.3193
191.6896
192.0600
192.4304
192.8007
193.1711
193.5415
193.9119
194.2822
194.6526
195.0230
195.3933
195.7637
196.1341
196.5044
196.8748
197.2452
197.6156
197.9859
198.3563
198.7267
199.0970
199.4674
199.8378
200.2081
200.5785
200.9489
201.3193
201.6896
202.0600
202.4304
202.8007
203.1711
203.5415
203.9119
204.2822
204.6526
205.0230
205.3933
205.7637
206.1341
206.5044
206.8748
207.2452
207.6156
207.9859
208.3563
208.7267
209.0970
209.4674
209.8378
210.2081
210.5785
210.9489
211.3193
211.6896
212.0600
212.4304
212.8007
213.1711
213.5415
213.9119
214.2822
214.6526
215.0230
215.3933
215.7637
216.1341
216.5044
216.8748
217.2452
217.6156
217.9859
218.3563
218.7267
219.0970
219.4674
219.8378
220.2081
220.5785
220.9489
221.3193
221.6896
222.0600
222.4304
222.8007
223.1711
223.5415
223.9119
224.2822
224.6526
225.0230
225.3933
225.7637
226.1341
226.5044
226.8748
227.2452
227.6156
227.9859
228.3563
228.7267
229.0970
229.4674
229.8378
230.2081
230.5785
230.9489
231.3193
231.6896
232.0600
232.4304
232.8007
233.1711
233.5415
233.9119
234.2822
234.6526
235.0230
235.3933
235.7637
236.1341
236.5044
236.8748
