# Academic Ground Truth from ballroom
# Track ID: Albums-Latino_Latino-01
# Total Beats: 57
2.8200
3.3300
3.8000
4.2600
4.7600
5.2300
5.7000
6.1900
6.6600
7.1500
7.6200
8.1000
8.5700
9.0500
9.5300
10.0000
10.4800
10.9600
11.4400
11.9100
12.3900
12.8700
13.3500
13.8200
14.3000
14.7800
15.2500
15.7300
16.2100
16.6800
17.1600
17.6200
18.1200
18.6000
19.0700
19.5500
20.0300
20.5100
20.9800
21.4600
21.9300
22.4200
22.8900
23.3700
23.8400
24.3200
24.8000
25.2800
25.7600
26.2300
26.7100
27.1800
27.6600
28.1400
28.6200
29.1000
29.5700
