# Academic Ground Truth from ballroom
# Track ID: Albums-Chrisanne3-13
# Total Beats: 102
0.0700
0.3830
0.6930
0.9980
1.2920
1.5870
1.8780
2.1640
2.4530
2.7500
3.0570
3.3570
3.6570
3.9670
4.2770
4.5830
4.8730
5.1670
5.4570
5.7530
6.0530
6.3600
6.6670
6.9700
7.2700
7.5700
7.8700
8.1700
8.4700
8.7700
9.0700
9.3680
9.6520
9.9350
10.2130
10.5070
10.8000
11.1030
11.4000
11.6930
11.9830
12.2770
12.5700
12.8630
13.1670
13.4770
13.7770
14.0800
14.3800
14.6770
14.9670
15.2500
15.5470
15.8430
16.1430
16.4400
16.7330
17.0330
17.3370
17.6330
17.9270
18.2170
18.5130
18.8130
19.1170
19.4200
19.7170
20.0100
20.3030
20.5970
20.8930
21.1900
21.4900
21.7900
22.0900
22.3830
22.6770
22.9700
23.2700
23.5570
23.8430
24.1270
24.4200
24.7130
25.0100
25.3070
25.6000
25.8870
26.1770
26.4770
26.7830
27.0900
27.3900
27.6900
27.9970
28.3000
28.6030
28.9000
29.2000
29.4970
29.7930
30.0900
