# Academic Ground Truth from ballroom
# Track ID: Albums-Ballroom_Magic-16
# Total Beats: 102
0.0600
0.3570
0.6520
0.9440
1.2350
1.5280
1.8190
2.1030
2.3910
2.6870
2.9860
3.2820
3.5740
3.8710
4.1670
4.4590
4.7660
5.0690
5.3600
5.6570
5.9560
6.2490
6.5460
6.8450
7.1420
7.4340
7.7150
8.0080
8.3160
8.6120
8.9040
9.1980
9.4930
9.7880
10.0830
10.3740
10.6680
10.9590
11.2460
11.5350
11.8250
12.1180
12.4130
12.7080
13.0060
13.3090
13.6060
13.9020
14.2040
14.5050
14.7880
15.0790
15.3900
15.6870
15.9790
16.2760
16.5750
16.8720
17.1540
17.4450
17.7550
18.0580
18.3460
18.6390
18.9430
19.2410
19.5300
19.8200
20.1170
20.4120
20.7040
20.9910
21.2800
21.5770
21.8720
22.1570
22.4390
22.7230
23.0080
23.3090
23.6200
23.9270
24.2290
24.5300
24.8300
25.1230
25.4210
25.7170
26.0090
26.3030
26.5940
26.8880
27.1830
27.4780
27.7690
28.0630
28.3610
28.6570
28.9490
29.2400
29.5330
29.8330
