# Academic Ground Truth from ballroom
# Track ID: Albums-Chrisanne3-08
# Total Beats: 90
0.0700
0.4300
0.7600
1.1200
1.4200
1.7800
2.1400
2.4700
2.8000
3.1600
3.4800
3.8400
4.1700
4.5200
4.8600
5.1800
5.5300
5.8700
6.2200
6.5400
6.8500
7.2100
7.5700
7.9200
8.2700
8.6200
8.9800
9.3000
9.6400
9.9700
10.3000
10.6300
10.9800
11.3100
11.6300
11.9800
12.3100
12.6200
12.9600
13.2800
13.6300
14.0000
14.3200
14.6300
14.9400
15.2900
15.6300
15.9600
16.2800
16.6200
16.9800
17.3000
17.6400
17.9900
18.3100
18.6500
18.9900
19.3000
19.6300
19.9700
20.3200
20.6500
20.9900
21.3100
21.6500
21.9900
22.3200
22.6700
23.0000
23.3400
23.6600
24.0000
24.3200
24.6500
25.0100
25.3500
25.6700
26.0200
26.3500
26.6800
27.0100
27.3200
27.6700
28.0200
28.3400
28.6600
29.0100
29.3300
29.6500
29.9600
