# Academic Ground Truth from ballroom
# Track ID: Albums-Macumba-01
# Total Beats: 61
0.6600
1.1700
1.6400
2.1200
2.6100
3.0900
3.5900
4.0600
4.5400
5.0400
5.5100
5.9900
6.4800
6.9600
7.4600
7.9200
8.4100
8.8900
9.3700
9.8600
10.3400
10.8300
11.3100
11.7900
12.2700
12.7600
13.2400
13.7300
14.2100
14.7000
15.2000
15.6700
16.1500
16.6400
17.1200
17.6000
18.0800
18.5700
19.0500
19.5400
20.0300
20.5000
20.9900
21.4700
21.9600
22.4400
22.9200
23.4100
23.9000
24.3800
24.8600
25.3400
25.8300
26.3100
26.8000
27.2800
27.7600
28.2500
28.7300
29.2200
29.7000
