# Academic Ground Truth from ballroom
# Track ID: Albums-Step_By_Step-11
# Total Beats: 90
0.3500
0.7030
1.0400
1.3630
1.6870
2.0170
2.3400
2.6670
2.9930
3.3170
3.6400
3.9630
4.2930
4.6330
4.9670
5.3070
5.6400
5.9770
6.3130
6.6530
6.9930
7.3270
7.6600
7.9870
8.3170
8.6500
8.9900
9.3270
9.6600
9.9970
10.3270
10.6530
10.9830
11.3200
11.6570
11.9870
12.3170
12.6500
12.9870
13.3230
13.6600
14.0030
14.3430
14.6800
15.0070
15.3400
15.6730
16.0070
16.3400
16.6770
17.0200
17.3570
17.6900
18.0170
18.3400
18.6570
18.9800
19.3200
19.6670
20.0000
20.3230
20.6500
20.9830
21.3130
21.6470
21.9830
22.3200
22.6500
22.9770
23.3170
23.6570
23.9930
24.3230
24.6530
24.9900
25.3300
25.6700
25.9930
26.3200
26.6470
26.9800
27.3130
27.6500
27.9830
28.3170
28.6470
28.9830
29.3200
29.6570
29.9930
