# Academic Ground Truth from ballroom
# Track ID: Albums-AnaBelen_Veneo-15
# Total Beats: 60
0.4100
0.9100
1.3800
1.9300
2.4400
2.9200
3.4200
3.9400
4.4200
4.9300
5.4300
5.9300
6.4300
6.9300
7.4300
7.9400
8.4200
8.9300
9.4500
9.9300
10.4400
10.9200
11.4300
11.9400
12.4400
12.9400
13.4400
13.9400
14.4500
14.9700
15.4600
15.9500
16.4700
16.9600
17.4600
17.9400
18.4300
18.9500
19.4500
19.9400
20.4500
20.9600
21.4500
21.9500
22.4600
22.9600
23.4600
23.9700
24.4500
24.9600
25.4600
25.9700
26.4700
26.9800
27.4800
27.9800
28.4700
28.9700
29.4800
29.9200
