# Academic Ground Truth from ballroom
# Track ID: Albums-Commitments-10
# Total Beats: 78
1.1100
1.5100
1.8900
2.2700
2.6200
3.0000
3.3600
3.7400
4.1100
4.5000
4.8700
5.2500
5.6100
5.9700
6.3400
6.7200
7.0800
7.4700
7.8500
8.2300
8.6000
8.9700
9.3400
9.7100
10.0900
10.4600
10.8300
11.2000
11.5700
11.9400
12.3000
12.6800
13.0600
13.4300
13.8000
14.1800
14.5400
14.9200
15.2900
15.6700
16.0300
16.4100
16.7600
17.1400
17.5100
17.8900
18.2600
18.6200
19.0000
19.3700
19.7500
20.1200
20.5000
20.8700
21.2400
21.6100
21.9800
22.3600
22.7300
23.1100
23.4700
23.8500
24.2200
24.5800
24.9500
25.3300
25.7000
26.0700
26.4400
26.8100
27.1900
27.5500
27.9200
28.3000
28.6700
29.0400
29.4100
29.7900
