# Academic Ground Truth from ballroom
# Track ID: Albums-Chrisanne3-07
# Total Beats: 88
0.0500
0.3970
0.7400
1.0870
1.4330
1.7730
2.1070
2.4430
2.7930
3.1470
3.4930
3.8330
4.1730
4.5130
4.8570
5.2000
5.5500
5.8970
6.2400
6.5800
6.9200
7.2670
7.6170
7.9670
8.3130
8.6600
9.0070
9.3500
9.6930
10.0430
10.3970
10.7430
11.0830
11.4230
11.7730
12.1230
12.4670
12.8030
13.1430
13.4830
13.8270
14.1700
14.5200
14.8700
15.2200
15.5670
15.9170
16.2700
16.6270
16.9730
17.3170
17.6500
17.9830
18.3200
18.6630
19.0170
19.3670
19.7170
20.0600
20.4030
20.7500
21.0930
21.4370
21.7800
22.1300
22.4830
22.8330
23.1770
23.5170
23.8600
24.2100
24.5600
24.9070
25.2570
25.6030
25.9530
26.2970
26.6430
26.9830
27.3270
27.6700
28.0100
28.3430
28.6770
29.0170
29.3600
29.7000
30.0400
