# Academic Ground Truth from ballroom
# Track ID: Albums-Pais_Tropical-07
# Total Beats: 60
1.3000
1.7900
2.2700
2.7500
3.2400
3.7300
4.2100
4.7000
5.1800
5.6700
6.1500
6.6300
7.1200
7.5900
8.0900
8.5800
9.0600
9.5500
10.0300
10.5100
11.0000
11.4900
11.9700
12.4600
12.9400
13.4300
13.9100
14.4000
14.8800
15.3700
15.8500
16.3300
16.8200
17.3100
17.7900
18.2700
18.7600
19.2300
19.7300
20.2100
20.7000
21.1900
21.6700
22.1500
22.6400
23.1100
23.6100
24.0900
24.5800
25.0700
25.5500
26.0300
26.5200
26.9900
27.4900
27.9700
28.4700
28.9400
29.4300
29.9100
