# Academic Ground Truth from ballroom
# Track ID: Albums-Chrisanne3-15
# Total Beats: 102
0.0730
0.3840
0.6870
1.0000
1.3100
1.6270
1.9420
2.2640
2.5800
2.8980
3.2100
3.5250
3.8380
4.1510
4.4610
4.7670
5.0680
5.3680
5.6660
5.9700
6.2750
6.5700
6.8650
7.1580
7.4470
7.7380
8.0330
8.3240
8.6130
8.9020
9.1920
9.4820
9.7720
10.0640
10.3550
10.6460
10.9340
11.2220
11.5080
11.7980
12.0880
12.3810
12.6730
12.9650
13.2560
13.5470
13.8410
14.1380
14.4360
14.7320
15.0200
15.3030
15.5830
15.8630
16.1450
16.4310
16.7210
17.0130
17.3050
17.5960
17.8880
18.1780
18.4680
18.7560
19.0460
19.3360
19.6260
19.9110
20.1940
20.4750
20.7570
21.0440
21.3380
21.6390
21.9500
22.2680
22.5920
22.9140
23.2310
23.5400
23.8400
24.1350
24.4290
24.7250
25.0200
25.3140
25.6050
25.8950
26.1840
26.4750
26.7680
27.0610
27.3530
27.6470
27.9400
28.2320
28.5250
28.8170
29.1070
29.3960
29.6850
29.9740
