# Academic Ground Truth from ballroom
# Track ID: Albums-Pais_Tropical-06
# Total Beats: 61
0.7700
1.2500
1.7400
2.2300
2.7100
3.1900
3.6800
4.1600
4.6500
5.1300
5.6200
6.1000
6.5900
7.0700
7.5600
8.0400
8.5300
9.0100
9.5000
9.9800
10.4700
10.9500
11.4400
11.9200
12.4100
12.8900
13.3800
13.8600
14.3500
14.8300
15.3200
15.8100
16.2900
16.7800
17.2600
17.7400
18.2300
18.7200
19.2100
19.6800
20.1700
20.6600
21.1400
21.6200
22.1100
22.5900
23.0800
23.5600
24.0600
24.5400
25.0200
25.5000
25.9900
26.4800
26.9600
27.4400
27.9300
28.4200
28.9000
29.3900
29.8700
