# Academic Ground Truth from ballroom
# Track ID: Albums-Ballroom_Magic-10
# Total Beats: 90
0.0700
0.4300
0.7670
1.1060
1.4390
1.7660
2.1020
2.4410
2.7770
3.1020
3.4210
3.7470
4.0820
4.4210
4.7570
5.0890
5.4230
5.7580
6.0930
6.4280
6.7630
7.0980
7.4290
7.7660
8.1020
8.4440
8.7850
9.1120
9.4510
9.7870
10.1020
10.4340
10.7810
11.1170
11.4590
11.7930
12.1140
12.4510
12.7900
13.1170
13.4490
13.7860
14.1190
14.4630
14.8040
15.1280
15.4630
15.8010
16.1300
16.4700
16.8030
17.1140
17.4450
17.7920
18.1210
18.4540
18.7950
19.1220
19.4510
19.7900
20.1230
20.4640
20.8050
21.1250
21.4520
21.7940
22.1350
22.4650
22.7980
23.1360
23.4820
23.8210
24.1500
24.4930
24.8240
25.1480
25.4790
25.8100
26.1400
26.4730
26.8080
27.1430
27.4810
27.8140
28.1410
28.4670
28.8060
29.1490
29.4800
29.8100
