# Academic Ground Truth from ballroom
# Track ID: Albums-Mambo_Kings-11
# Total Beats: 58
0.2500
0.7970
1.3210
1.8310
2.3280
2.8270
3.3280
3.8320
4.3440
4.8660
5.3900
5.9020
6.4020
6.9110
7.4330
7.9470
8.4470
8.9530
9.4700
9.9910
10.5150
11.0350
11.5530
12.0670
12.5870
13.1070
13.6200
14.1370
14.6530
15.1730
15.6870
16.2000
16.7130
17.2300
17.7500
18.2700
18.7900
19.3100
19.8270
20.3500
20.8700
21.3900
21.9030
22.4200
22.9400
23.4600
23.9770
24.4930
25.0100
25.5330
26.0530
26.5800
27.0970
27.6130
28.1200
28.6400
29.1570
29.6700
