# Academic Ground Truth from ballroom
# Track ID: Albums-Chrisanne1-04
# Total Beats: 64
0.3100
0.7800
1.2500
1.7230
2.1870
2.6430
3.1030
3.5700
4.0470
4.5170
4.9930
5.4670
5.9330
6.4000
6.8600
7.3270
7.7870
8.2470
8.7070
9.1700
9.6400
10.1000
10.5530
11.0130
11.4920
11.9710
12.4360
12.8770
13.3210
13.7710
14.2240
14.6710
15.1300
15.6030
16.0970
16.5870
17.0770
17.5600
18.0370
18.5130
18.9900
19.4600
19.9200
20.3870
20.8670
21.3570
21.8400
22.3200
22.7970
23.2670
23.7450
24.2250
24.7020
25.1700
25.6400
26.1200
26.5970
27.0700
27.5470
28.0230
28.5030
28.9700
29.4330
29.8900
