# Academic Ground Truth from ballroom
# Track ID: Albums-GloriaEstefan_MiTierra-06
# Total Beats: 64
1.1600
1.6030
2.0530
2.5070
2.9700
3.4300
3.8830
4.3300
4.7730
5.2330
5.6900
6.1470
6.5900
7.0470
7.5030
7.9600
8.4100
8.8600
9.3070
9.7530
10.2000
10.6500
11.1000
11.5530
12.0070
12.4670
12.9200
13.3730
13.8170
14.2670
14.7130
15.1730
15.6300
16.0930
16.5370
16.9800
17.4230
17.8800
18.3370
18.7900
19.2470
19.7130
20.1700
20.6170
21.0530
21.5030
21.9570
22.4130
22.8670
23.3170
23.7670
24.2330
24.6990
25.1560
25.5890
26.0290
26.4820
26.9370
27.3890
27.8320
28.2800
28.7330
29.1870
29.6400
