# Academic Ground Truth from ballroom
# Track ID: Albums-Ballroom_Magic-17
# Total Beats: 100
0.0800
0.3800
0.6800
0.9700
1.2700
1.5800
1.8800
2.1800
2.4900
2.7800
3.0700
3.3700
3.6700
3.9600
4.2700
4.5700
4.8700
5.1700
5.4800
5.7700
6.0900
6.4000
6.6800
7.0000
7.3100
7.6200
7.9000
8.2000
8.5000
8.8100
9.1000
9.4000
9.7100
10.0100
10.3000
10.6100
10.9000
11.1900
11.5000
11.8000
12.1100
12.4100
12.7100
13.0000
13.3100
13.6200
13.9100
14.2100
14.4900
14.8100
15.1100
15.4100
15.7100
16.0200
16.3200
16.6200
16.9200
17.2300
17.5200
17.8300
18.1300
18.4200
18.7300
19.0300
19.3300
19.6300
19.9400
20.2200
20.5300
20.8200
21.1200
21.4100
21.7300
22.0400
22.3200
22.6400
22.9200
23.2300
23.5200
23.8200
24.1400
24.4500
24.7400
25.0400
25.3500
25.6500
25.9500
26.2500
26.5500
26.8500
27.1500
27.4400
27.7600
28.0500
28.3500
28.6400
28.9500
29.2500
29.5500
29.8300
