# Academic Ground Truth from ballroom
# Track ID: Albums-Latin_Jam2-12
# Total Beats: 87
0.4300
0.7670
1.1000
1.4500
1.7830
2.1330
2.4670
2.8170
3.1530
3.5030
3.8330
4.1800
4.5200
4.8730
5.2170
5.5630
5.8970
6.2400
6.5800
6.9300
7.2630
7.6070
7.9370
8.2870
8.6300
8.9830
9.3130
9.6500
9.9830
10.3370
10.6670
11.0170
11.3500
11.7070
12.0370
12.3830
12.7130
13.0670
13.4100
13.7600
14.0930
14.4370
14.7700
15.1200
15.4500
15.8000
16.1300
16.4830
16.8200
17.1730
17.5030
17.8500
18.1830
18.5370
18.8800
19.2300
19.5630
19.9030
20.2470
20.5970
20.9300
21.2700
21.6130
21.9670
22.3070
22.6470
22.9770
23.3200
23.6530
24.0030
24.3430
24.6930
25.0300
25.3730
25.7030
26.0530
26.3870
26.7400
27.0700
27.4200
27.7530
28.1070
28.4500
28.8000
29.1400
29.4800
29.8200
