# Academic Ground Truth from ballroom
# Track ID: Albums-Ballroom_Classics4-20
# Total Beats: 101
0.3000
0.5900
0.9000
1.1800
1.4800
1.7700
2.0700
2.3800
2.7000
2.9500
3.2200
3.5500
3.8600
4.1700
4.4600
4.7800
5.0700
5.3400
5.6200
5.9000
6.2300
6.5400
6.8400
7.1200
7.4100
7.7100
8.0000
8.2900
8.5900
8.8900
9.1800
9.4900
9.7800
10.0700
10.3700
10.6600
10.9500
11.2600
11.5400
11.8400
12.1400
12.4400
12.7400
13.0400
13.3600
13.6400
13.9300
14.2000
14.5100
14.8200
15.1200
15.3900
15.7200
16.0000
16.3200
16.6100
16.8900
17.1900
17.4900
17.7800
18.0900
18.3600
18.6800
18.9700
19.2600
19.5600
19.8700
20.1500
20.4600
20.7400
21.0300
21.3200
21.6100
21.9100
22.2200
22.5100
22.8000
23.1000
23.4000
23.7000
24.0000
24.3000
24.5800
24.8800
25.1700
25.4800
25.7700
26.0700
26.3600
26.6600
26.9600
27.2500
27.5500
27.8300
28.1300
28.4200
28.7200
29.0100
29.3200
29.6300
29.9200
