# Academic Ground Truth from ballroom
# Track ID: Albums-Latin_Jam5-04
# Total Beats: 87
0.5400
0.8700
1.2200
1.5600
1.9000
2.2400
2.5800
2.9200
3.2600
3.6000
3.9500
4.2900
4.6300
4.9700
5.3200
5.6600
6.0000
6.3400
6.6800
7.0200
7.3600
7.7100
8.0500
8.3900
8.7400
9.0700
9.4200
9.7600
10.1000
10.4400
10.7900
11.1200
11.4700
11.8000
12.1400
12.4900
12.8400
13.1700
13.5200
13.8600
14.2000
14.5400
14.8900
15.2300
15.5700
15.9000
16.2500
16.5900
16.9300
17.2800
17.6200
17.9500
18.3000
18.6400
18.9900
19.3200
19.6700
20.0100
20.3500
20.6900
21.0300
21.3800
21.7300
22.0600
22.4000
22.7400
23.0800
23.4200
23.7700
24.1100
24.4500
24.7900
25.1300
25.4700
25.8200
26.1600
26.5000
26.8400
27.1800
27.5300
27.8700
28.2100
28.5500
28.8900
29.2400
29.5700
29.9200
