# Academic Ground Truth from ballroom
# Track ID: Albums-Chrisanne2-11
# Total Beats: 101
0.0400
0.3720
0.6940
1.0000
1.2970
1.5890
1.8800
2.1610
2.4380
2.7220
3.0130
3.3000
3.5910
3.8860
4.1910
4.4950
4.7860
5.0810
5.3840
5.6870
5.9880
6.2890
6.5960
6.8970
7.1870
7.4750
7.7600
8.0530
8.3600
8.6800
9.0190
9.3450
9.6670
9.9590
10.2520
10.5360
10.8310
11.1220
11.4260
11.7290
12.0370
12.3390
12.6400
12.9410
13.2440
13.5480
13.8520
14.1540
14.4570
14.7630
15.0680
15.3710
15.6730
15.9730
16.2760
16.5740
16.8760
17.1740
17.4760
17.7630
18.0580
18.3510
18.6620
18.9730
19.2900
19.5990
19.9030
20.1890
20.4840
20.7790
21.0740
21.3680
21.6660
21.9740
22.2810
22.5720
22.8680
23.1570
23.4600
23.7620
24.0680
24.3700
24.6690
24.9690
25.2790
25.5920
25.8940
26.1890
26.4750
26.7720
27.0750
27.3700
27.6670
27.9570
28.2600
28.5560
28.8570
29.1650
29.4760
29.7840
30.0870
