# Academic Ground Truth from ballroom
# Track ID: Albums-Ballroom_Classics4-09
# Total Beats: 64
0.3600
0.8230
1.2910
1.7600
2.2430
2.7180
3.1760
3.6350
4.1050
4.5680
5.0390
5.5100
5.9670
6.4420
6.9140
7.3780
7.8660
8.3490
8.8200
9.2900
9.7570
10.2260
10.6890
11.1600
11.6370
12.1020
12.5710
13.0440
13.5150
13.9780
14.4430
14.9140
15.3850
15.8480
16.3090
16.7800
17.2500
17.7200
18.1970
18.6720
19.1440
19.5950
20.0520
20.5340
21.0180
21.5060
21.9890
22.4360
22.8850
23.3650
23.8320
24.2940
24.7610
25.2240
25.6910
26.1640
26.6380
27.1060
27.5650
28.0250
28.4920
28.9610
29.4240
29.8780
