# Academic Ground Truth from ballroom
# Track ID: Albums-StrictlyDancing_Tango-11
# Total Beats: 59
0.7198
1.1929
1.6800
2.1800
2.6600
3.1400
3.6200
4.1100
4.6000
5.0700
5.5600
6.0400
6.5200
6.9900
7.4700
7.9500
8.4800
8.9400
9.4600
9.9700
10.4600
10.9600
11.4500
11.9600
12.4600
12.9600
13.4600
13.9600
14.4600
14.9700
15.4700
15.9600
16.4600
16.9400
17.4500
17.9600
18.4900
18.9900
19.5500
20.0600
20.5600
21.0300
21.5300
22.0400
22.5200
23.0300
23.5200
24.0300
24.5400
25.0400
25.5400
26.0600
26.5469
27.0890
27.6114
28.0686
28.5453
29.0873
29.5510
