# Academic Ground Truth from ballroom
# Track ID: Albums-Ballroom_Magic-08
# Total Beats: 63
0.5600
1.0100
1.4500
1.9400
2.4100
2.8800
3.3300
3.8100
4.2900
4.7800
5.2400
5.7100
6.1800
6.6400
7.1200
7.6100
8.0800
8.5300
9.0000
9.4700
9.9500
10.4100
10.8800
11.3600
11.8300
12.3000
12.7500
13.2300
13.7000
14.1500
14.6500
15.1400
15.5800
16.0500
16.5100
16.9800
17.4700
17.9300
18.4000
18.8800
19.3400
19.8100
20.2700
20.7500
21.2300
21.6900
22.1500
22.6200
23.1000
23.5500
24.0300
24.5100
24.9900
25.4400
25.9100
26.3800
26.8500
27.3200
27.8000
28.2500
28.7400
29.2500
29.7200
