# Academic Ground Truth from ballroom
# Track ID: Albums-Ballroom_Classics4-11
# Total Beats: 87
0.3500
0.6980
1.0520
1.4000
1.7420
2.0780
2.4200
2.7600
3.1000
3.4460
3.7910
4.1370
4.4800
4.8350
5.1910
5.5430
5.8870
6.2340
6.5840
6.9300
7.2710
7.6180
7.9620
8.3080
8.6500
9.0000
9.3480
9.6910
10.0320
10.3710
10.7150
11.0590
11.4090
11.7560
12.1010
12.4370
12.7740
13.1160
13.4640
13.8160
14.1620
14.5060
14.8500
15.1930
15.5370
15.8780
16.2250
16.5750
16.9160
17.2600
17.6010
17.9480
18.2960
18.6430
18.9920
19.3390
19.6900
20.0380
20.3780
20.7190
21.0610
21.4080
21.7520
22.0940
22.4370
22.7820
23.1300
23.4700
23.8120
24.1500
24.5010
24.8460
25.1950
25.5360
25.8840
26.2260
26.5720
26.9160
27.2640
27.6100
27.9530
28.2910
28.6330
28.9770
29.3220
29.6600
29.9940
