# Academic Ground Truth from ballroom
# Track ID: Albums-GloriaEstefan_MiTierra-04
# Total Beats: 59
0.5950
1.0890
1.5830
2.0890
2.6090
3.1280
3.6570
4.1980
4.7360
5.2730
5.8050
6.3270
6.8420
7.3520
7.8500
8.3450
8.8838
9.3431
9.8293
10.3110
10.8263
11.3197
11.8320
12.3254
12.8298
13.3203
13.8231
14.3267
14.8419
15.3542
15.8433
16.3483
16.8513
17.3523
17.8583
18.3663
18.8663
19.3713
19.8753
20.3783
20.8803
21.3793
21.8763
22.3783
22.8783
23.3680
23.8763
24.3753
24.8763
25.3793
25.8823
26.3823
26.8833
27.3833
27.8853
28.3863
28.8883
29.3863
29.8893
