# Academic Ground Truth from ballroom
# Track ID: Albums-Ballroom_Classics4-08
# Total Beats: 63
0.5500
1.0000
1.4500
1.9000
2.3500
2.8444
3.3205
3.7994
4.2783
4.8094
5.2129
5.6773
6.1243
6.5887
7.0589
7.5436
8.0399
8.5014
8.9861
9.4244
9.9178
10.3532
10.8785
11.3255
11.8306
12.2834
12.7478
13.2122
13.6689
14.1339
14.6148
15.1236
15.5447
16.0356
16.5257
16.9803
17.4298
17.8921
18.3822
18.8698
19.3346
19.7994
20.2743
20.7416
21.2140
21.6559
22.1130
22.6108
23.0679
23.5606
24.0356
24.5029
24.9752
25.4502
25.9124
26.3949
26.8673
27.3321
27.7816
28.2641
28.7416
29.1860
29.6711
