# Academic Ground Truth from ballroom
# Track ID: Albums-Cafe_Paradiso-06
# Total Beats: 53
4.3900
4.8800
5.3700
5.8300
6.3400
6.8200
7.3100
7.8100
8.3000
8.7800
9.2700
9.7400
10.2400
10.7200
11.2200
11.7100
12.1800
12.6600
13.1600
13.6400
14.1300
14.6100
15.1100
15.5900
16.0800
16.5600
17.0600
17.5400
18.0400
18.5300
19.0200
19.5000
19.9700
20.4700
20.9600
21.4400
21.9300
22.4100
22.9200
23.3900
23.8800
24.3600
24.8500
25.3400
25.8300
26.3100
26.8300
27.2900
27.7800
28.2700
28.7700
29.2400
29.7400
