# Academic Ground Truth from ballroom
# Track ID: Albums-Chrisanne2-05
# Total Beats: 65
0.8000
1.2200
1.6600
2.1100
2.5500
3.0100
3.4900
3.9300
4.3700
4.8300
5.2900
5.7500
6.1900
6.6700
7.1000
7.5400
7.9800
8.4400
8.9000
9.3600
9.8100
10.2800
10.7500
11.2100
11.6400
12.1000
12.5700
13.0300
13.5000
13.9300
14.3900
14.8500
15.3000
15.7700
16.2200
16.6900
17.1400
17.6000
18.0700
18.5300
18.9700
19.4400
19.8900
20.3600
20.8300
21.2600
21.6800
22.1700
22.5900
23.0700
23.5200
23.9900
24.4300
24.9100
25.3600
25.8300
26.2700
26.7400
27.2000
27.6700
28.1300
28.5900
29.0600
29.5100
29.9600
