# Academic Ground Truth from ballroom
# Track ID: Albums-Latin_Jam5-07
# Total Beats: 62
0.1100
0.5500
1.0300
1.5200
2.0100
2.4900
2.9700
3.4600
3.9500
4.4300
4.9100
5.4000
5.8900
6.3700
6.8500
7.3400
7.8200
8.3100
8.8000
9.2800
9.7700
10.2500
10.7400
11.2200
11.7100
12.1900
12.6800
13.1600
13.6400
14.1300
14.6100
15.1000
15.5800
16.0700
16.5600
17.0400
17.5300
18.0100
18.5000
18.9800
19.4700
19.9500
20.4300
20.9200
21.4100
21.8900
22.3700
22.8600
23.3500
23.8300
24.3200
24.8000
25.2900
25.7700
26.2500
26.7400
27.2300
27.7100
28.1900
28.6800
29.1700
29.6500
