# Academic Ground Truth from ballroom
# Track ID: Albums-Macumba-02
# Total Beats: 60
1.4900
1.9700
2.4600
2.9400
3.4300
3.9100
4.4000
4.8800
5.3600
5.8500
6.3300
6.8200
7.3000
7.7800
8.2700
8.7500
9.2300
9.7200
10.2000
10.6900
11.1700
11.6500
12.1400
12.6200
13.1100
13.5900
14.0900
14.5600
15.0400
15.4900
15.9900
16.5000
16.9700
17.4500
17.9400
18.4200
18.9100
19.4000
19.8800
20.3600
20.8500
21.3300
21.8100
22.3000
22.7900
23.2600
23.7500
24.2300
24.7200
25.2000
25.6900
26.1700
26.6500
27.1400
27.6200
28.1100
28.5900
29.0700
29.5400
29.9900
