# Academic Ground Truth from ballroom
# Track ID: Albums-I_Like_It2-09
# Total Beats: 62
0.5224
1.0101
1.4200
1.9200
2.3700
2.8400
3.2800
3.7600
4.2300
4.6900
5.1400
5.6200
6.1000
6.5600
7.0400
7.5100
7.9800
8.4500
8.9100
9.3800
9.8500
10.3100
10.7700
11.2400
11.7000
12.1700
12.6300
13.1000
13.5700
14.0400
14.5300
15.0000
15.4700
15.9200
16.3800
16.8400
17.3200
17.7800
18.2600
18.7100
19.1800
19.6300
20.1300
20.6400
21.0800
21.5300
21.9900
22.4500
22.9200
23.3800
23.8300
24.3100
24.7900
25.2500
25.7200
26.2000
26.6600
27.1200
27.6300
28.0700
28.5400
29.0000
