# Academic Ground Truth from ballroom
# Track ID: Albums-StrictlyDancing_Tango-02
# Total Beats: 57
0.6589
1.2000
1.7300
2.2500
2.7600
3.2700
3.8000
4.3100
4.8200
5.3200
5.8400
6.3700
6.8900
7.3900
7.9300
8.4400
8.9600
9.4700
10.0000
10.5100
11.0300
11.5400
12.0500
12.5600
13.0800
13.6000
14.1200
14.6400
15.1400
15.6500
16.1600
16.6800
17.2200
17.7200
18.2500
18.7700
19.2800
19.8000
20.3200
20.8400
21.3500
21.8800
22.4000
22.9200
23.4200
23.9300
24.4600
25.0000
25.5000
26.0200
26.5400
27.0600
27.5800
28.1100
28.6100
29.1300
29.6200
