# Academic Ground Truth from ballroom
# Track ID: Albums-AnaBelen_Veneo-03
# Total Beats: 60
0.4100
0.9000
1.3940
1.8900
2.3880
2.8870
3.3880
3.8910
4.3940
4.8970
5.3980
5.8980
6.3990
6.9010
7.4030
7.9060
8.4080
8.9100
9.4110
9.9120
10.4140
10.9150
11.4170
11.9180
12.4200
12.9210
13.4220
13.9220
14.4230
14.9220
15.4220
15.9200
16.4200
16.9210
17.4240
17.9270
18.4310
18.9370
19.4440
19.9500
20.4550
20.9590
21.4620
21.9640
22.4650
22.9620
23.4530
23.9550
24.4610
24.9700
25.4700
25.9690
26.4680
26.9650
27.4630
27.9650
28.4670
28.9750
29.4590
29.9530
