# Academic Ground Truth from ballroom
# Track ID: Albums-Latin_Jam2-11
# Total Beats: 87
0.5300
0.8670
1.2000
1.5500
1.8830
2.2330
2.5670
2.9130
3.2470
3.5970
3.9300
4.2800
4.6130
4.9630
5.2970
5.6430
5.9800
6.3300
6.6630
7.0130
7.3570
7.7100
8.0400
8.3800
8.7130
9.0670
9.3970
9.7470
10.0800
10.4330
10.7630
11.1100
11.4430
11.7970
12.1300
12.4800
12.8130
13.1670
13.5000
13.8500
14.1800
14.5300
14.8600
15.2130
15.5470
15.8970
16.2270
16.5770
16.9130
17.2630
17.5970
17.9470
18.2830
18.6330
18.9630
19.3100
19.6430
19.9970
20.3300
20.6800
21.0130
21.3630
21.6970
22.0430
22.3800
22.7300
23.0630
23.4130
23.7470
24.1000
24.4300
24.7800
25.1130
25.4670
25.8000
26.1500
26.4830
26.8300
27.1600
27.5070
27.8430
28.1970
28.5370
28.8900
29.2230
29.5700
29.9200
