# Academic Ground Truth from ballroom
# Track ID: Albums-Latino_Latino-10
# Total Beats: 55
0.4300
0.9900
1.5400
2.0800
2.6820
3.2650
3.8280
4.4200
5.0070
5.5200
6.0400
6.5700
7.1100
7.6500
8.1900
8.7100
9.2400
9.7600
10.3000
10.8100
11.3200
11.8700
12.4000
12.9300
13.4700
13.9900
14.5300
15.0500
15.5600
16.1000
16.6300
17.1600
17.7000
18.2200
18.7700
19.2800
19.8200
20.3700
20.8900
21.4200
21.9600
22.4900
23.0200
23.5500
24.0900
24.6400
25.2080
25.7510
26.2940
26.8250
27.3500
27.8900
28.4100
28.9600
29.4800
