# Academic Ground Truth from ballroom
# Track ID: Albums-Fire-14
# Total Beats: 62
0.2400
0.7300
1.2100
1.6900
2.1800
2.6700
3.1500
3.6300
4.1200
4.6100
5.0900
5.5700
6.0600
6.5500
7.0300
7.5100
8.0000
8.4900
8.9700
9.4500
9.9400
10.4300
10.9100
11.3900
11.8800
12.3700
12.8500
13.3300
13.8200
14.3100
14.7900
15.2700
15.7700
16.2500
16.7300
17.2100
17.7100
18.1900
18.6700
19.1600
19.6500
20.1300
20.6100
21.0900
21.5800
22.0700
22.5600
23.0400
23.5200
24.0100
24.4900
24.9800
25.4600
25.9500
26.4400
26.9200
27.4100
27.8900
28.3700
28.8600
29.3500
29.8300
