# Academic Ground Truth from ballroom
# Track ID: Albums-Pais_Tropical-08
# Total Beats: 61
0.8500
1.3300
1.8200
2.3000
2.7900
3.2700
3.7600
4.2400
4.7300
5.2100
5.6900
6.1800
6.6700
7.1500
7.6400
8.1100
8.5900
9.0800
9.5800
10.0500
10.5400
11.0200
11.5100
11.9900
12.4800
12.9600
13.4600
13.9300
14.4200
14.9000
15.4000
15.8700
16.3700
16.8500
17.3400
17.8100
18.3100
18.7900
19.2800
19.7500
20.2500
20.7300
21.2200
21.7000
22.1900
22.6700
23.1500
23.6400
24.1200
24.6100
25.1000
25.5800
26.0600
26.5500
27.0400
27.5200
28.0000
28.4900
28.9800
29.4600
29.9500
