# Academic Ground Truth from ballroom
# Track ID: Albums-Ballroom_Classics4-13
# Total Beats: 87
0.2900
0.6280
0.9640
1.2980
1.6340
1.9750
2.3160
2.6680
3.0190
3.3710
3.7200
4.0760
4.4360
4.7950
5.1500
5.4960
5.8330
6.1770
6.5270
6.8800
7.2180
7.5500
7.8840
8.2180
8.5600
8.8960
9.2270
9.5520
9.8860
10.2270
10.5740
10.9170
11.2650
11.6200
11.9790
12.3360
12.6830
13.0300
13.3750
13.7250
14.0680
14.4180
14.7690
15.1210
15.4660
15.8040
16.1380
16.4750
16.8190
17.1640
17.5050
17.8450
18.1940
18.5430
18.8870
19.2240
19.5580
19.8910
20.2320
20.5740
20.9190
21.2670
21.6150
21.9700
22.3140
22.6580
22.9940
23.3360
23.6780
24.0210
24.3660
24.7110
25.0570
25.4040
25.7500
26.0970
26.4350
26.7720
27.1080
27.4400
27.7720
28.1020
28.4330
28.7630
29.0930
29.4230
29.7530
