# Academic Ground Truth from ballroom
# Track ID: Albums-AnaBelen_Veneo-11
# Total Beats: 104
0.5300
0.8190
1.1030
1.3800
1.6570
1.9390
2.2210
2.5030
2.7860
3.0630
3.3290
3.5910
3.8570
4.1270
4.4010
4.6830
4.9710
5.2590
5.5450
5.8280
6.1090
6.3910
6.6750
6.9610
7.2480
7.5350
7.8200
8.1050
8.3910
8.6770
8.9630
9.2490
9.5310
9.8120
10.0960
10.3820
10.6710
10.9600
11.2500
11.5400
11.8300
12.1210
12.4140
12.7030
12.9800
13.2530
13.5300
13.8120
14.1000
14.3910
14.6760
14.9560
15.2380
15.5220
15.8070
16.0920
16.3770
16.6620
16.9480
17.2360
17.5230
17.8070
18.0900
18.3740
18.6560
18.9370
19.2220
19.5100
19.7950
20.0780
20.3600
20.6440
20.9270
21.2110
21.4970
21.7850
22.0700
22.3540
22.6390
22.9260
23.2120
23.4970
23.7830
24.0700
24.3580
24.6460
24.9350
25.2250
25.5130
25.7970
26.0790
26.3610
26.6440
26.9270
27.2100
27.4950
27.7820
28.0700
28.3560
28.6440
28.9330
29.2190
29.5060
29.7960
