# Academic Ground Truth from ballroom
# Track ID: Albums-Pais_Tropical-15
# Total Beats: 83
1.2900
1.6430
1.9930
2.3470
2.6930
3.0430
3.3900
3.7400
4.0900
4.4430
4.7930
5.1470
5.4930
5.8430
6.1900
6.5400
6.8900
7.2430
7.5930
7.9430
8.2900
8.6430
8.9930
9.3430
9.6870
10.0400
10.3900
10.7470
11.0900
11.4400
11.7870
12.1370
12.4830
12.8300
13.1800
13.5330
13.8830
14.2370
14.5830
14.9370
15.2830
15.6370
15.9830
16.3300
16.6770
17.0270
17.3800
17.7270
18.0730
18.4200
18.7730
19.1230
19.4730
19.8200
20.1730
20.5230
20.8730
21.2200
21.5730
21.9230
22.2730
22.6200
22.9700
23.3200
23.6700
24.0200
24.3700
24.7200
25.0700
25.4200
25.7700
26.1200
26.4700
26.8200
27.1700
27.5170
27.8670
28.2170
28.5700
28.9170
29.2630
29.6100
29.9600
