# Academic Ground Truth from ballroom
# Track ID: Albums-Chrisanne3-04
# Total Beats: 66
0.7200
1.1870
1.6470
2.1000
2.5500
3.0000
3.4600
3.9230
4.3870
4.8370
5.2900
5.7430
6.2030
6.6600
7.1230
7.5900
8.0530
8.5030
8.9530
9.4000
9.8570
10.3100
10.7770
11.2400
11.7070
12.1630
12.6230
13.0770
13.5300
13.9700
14.4070
14.8370
15.2800
15.7200
16.1630
16.6000
17.0400
17.4870
17.9370
18.3870
18.8400
19.2970
19.7570
20.1970
20.6300
21.0800
21.5400
22.0070
22.4430
22.8970
23.3530
23.8130
24.2600
24.7000
25.1470
25.5930
26.0230
26.4770
26.9300
27.4030
27.8470
28.2870
28.7100
29.1370
29.5770
30.0400
