# Academic Ground Truth from ballroom
# Track ID: Albums-Macumba-03
# Total Beats: 58
1.9900
2.4700
2.9600
3.4400
3.9300
4.4100
4.8900
5.3800
5.8600
6.3500
6.8200
7.3100
7.8000
8.2800
8.7600
9.2500
9.7300
10.2200
10.7000
11.1800
11.6600
12.1600
12.6300
13.1200
13.6000
14.0900
14.5700
15.0500
15.5400
16.0200
16.5000
16.9900
17.4800
17.9600
18.4400
18.9200
19.4100
19.8900
20.3700
20.8600
21.3500
21.8300
22.3100
22.7900
23.2800
23.7700
24.2500
24.7300
25.2200
25.7000
26.1900
26.6500
27.1500
27.6300
28.1200
28.6000
29.0900
29.5700
