# Academic Ground Truth from ballroom
# Track ID: Albums-Pais_Tropical-16
# Total Beats: 86
0.0400
0.4300
0.7700
1.1200
1.4700
1.8200
2.1700
2.5200
2.8800
3.2200
3.5700
3.9200
4.2700
4.6200
4.9700
5.3200
5.7100
6.0600
6.4200
6.7600
7.1200
7.4700
7.8200
8.1700
8.5200
8.8700
9.2200
9.5700
9.9100
10.2700
10.6100
10.9600
11.3100
11.6700
12.0100
12.3700
12.7100
13.0600
13.4100
13.7600
14.1100
14.4600
14.8100
15.1600
15.5100
15.8600
16.2100
16.5600
16.9100
17.2600
17.6100
17.9600
18.3100
18.6600
19.0100
19.3600
19.7000
20.0600
20.4100
20.7600
21.1000
21.4500
21.8100
22.1600
22.5000
22.8700
23.2000
23.5500
23.9000
24.2500
24.6000
24.9500
25.3000
25.6500
26.0000
26.3500
26.7000
27.0600
27.4000
27.7500
28.1000
28.4500
28.8000
29.1500
29.5000
29.8400
