# Academic Ground Truth from ballroom
# Track ID: Albums-Mambo_Kings-03
# Total Beats: 57
0.3000
0.8100
1.3300
1.8600
2.3700
2.8800
3.4100
3.9200
4.4600
4.9900
5.5000
6.0200
6.5500
7.1200
7.6400
8.1600
8.6900
9.2100
9.7300
10.2400
10.7800
11.3100
11.8300
12.3300
12.8700
13.3800
13.9100
14.4200
14.9500
15.4600
16.0000
16.5100
17.0400
17.5500
18.0800
18.5900
19.1300
19.6400
20.1600
20.6900
21.2100
21.7200
22.2500
22.7600
23.2900
23.8100
24.3400
24.8500
25.3900
25.9000
26.4500
26.9600
27.4800
27.9900
28.5300
29.0400
29.5700
