# Academic Ground Truth from ballroom
# Track ID: Albums-Latin_Jam4-11
# Total Beats: 63
0.6700
1.1300
1.6000
2.0800
2.5400
3.0100
3.4800
3.9500
4.4200
4.8800
5.3500
5.8300
6.3000
6.7600
7.2300
7.7100
8.1900
8.6500
9.1200
9.6100
10.0600
10.5300
11.0000
11.4700
11.9300
12.4100
12.8700
13.3500
13.8100
14.2800
14.7600
15.2200
15.7100
16.1700
16.6300
17.1100
17.5700
18.0500
18.5100
18.9800
19.4500
19.9200
20.3900
20.8700
21.3300
21.8000
22.2700
22.7400
23.2100
23.6900
24.1500
24.6300
25.0900
25.5600
26.0300
26.5000
26.9700
27.4500
27.9100
28.4000
28.8500
29.3200
29.7900
