# Academic Ground Truth from ballroom
# Track ID: Albums-Mambo_Kings-12
# Total Beats: 56
0.2900
0.8530
1.4200
1.9800
2.5430
3.1000
3.6630
4.2270
4.7930
5.3600
5.9230
6.4870
7.0500
7.6070
8.1670
8.7270
9.2830
9.8300
10.3670
10.8930
11.4170
11.9370
12.4600
12.9830
13.5070
14.0370
14.5670
15.0970
15.6200
16.1370
16.6630
17.1930
17.7130
18.2230
18.7300
19.2500
19.7700
20.2900
20.8100
21.3330
21.8500
22.3630
22.8700
23.3870
23.9000
24.4200
24.9330
25.4570
25.9670
26.4800
26.9930
27.5170
28.0400
28.5600
29.0800
29.6000
