# Academic Ground Truth from ballroom
# Track ID: Albums-Step_By_Step-05
# Total Beats: 64
0.3512
0.7982
1.2423
1.7125
2.1900
2.6600
3.1400
3.6200
4.0700
4.5400
5.0400
5.4800
5.9300
6.3700
6.9100
7.3900
7.8200
8.3200
8.7800
9.2200
9.7100
10.1800
10.6500
11.1100
11.5800
12.0500
12.5100
13.0000
13.4800
13.9400
14.4300
14.8900
15.3700
15.8300
16.3000
16.7500
17.2300
17.6900
18.1500
18.6200
19.0900
19.5500
20.0200
20.4700
20.9500
21.4000
21.8600
22.3400
22.8100
23.2800
23.7400
24.2000
24.6900
25.1500
25.6100
26.0800
26.5500
27.0200
27.4700
27.9300
28.4300
28.9000
29.3900
29.8600
