# Academic Ground Truth from ballroom
# Track ID: Albums-Cafe_Paradiso-05
# Total Beats: 63
0.3000
0.7800
1.2600
1.7300
2.2000
2.6900
3.1600
3.6400
4.1200
4.6000
5.0800
5.5500
6.0200
6.5100
6.9900
7.4600
7.9400
8.4100
8.8900
9.3700
9.8400
10.3200
10.8000
11.2700
11.7500
12.2300
12.7100
13.1900
13.6600
14.1400
14.6200
15.0900
15.5700
16.0500
16.5300
17.0000
17.4800
17.9600
18.4300
18.9100
19.3900
19.8700
20.3400
20.8200
21.3000
21.7700
22.2500
22.7300
23.2100
23.6800
24.1600
24.6400
25.1200
25.5900
26.0700
26.5500
27.0200
27.5000
27.9700
28.4600
28.9300
29.4100
29.8900
