# Academic Ground Truth from ballroom
# Track ID: Albums-Chrisanne3-09
# Total Beats: 90
0.0700
0.4030
0.7400
1.0800
1.4130
1.7530
2.0930
2.4330
2.7630
3.0970
3.4270
3.7600
4.0870
4.4170
4.7570
5.1030
5.4500
5.7900
6.1270
6.4630
6.8000
7.1330
7.4700
7.8130
8.1570
8.4930
8.8330
9.1700
9.5130
9.8370
10.1730
10.5100
10.8600
11.2030
11.5430
11.8830
12.2230
12.5570
12.8900
13.2270
13.5630
13.8930
14.2200
14.5570
14.9000
15.2400
15.5770
15.9130
16.2530
16.5830
16.9100
17.2330
17.5700
17.9070
18.2500
18.5830
18.9030
19.2330
19.5630
19.8900
20.2000
20.5300
20.8830
21.2430
21.5800
21.9170
22.2400
22.5830
22.9270
23.2770
23.6200
23.9670
24.3100
24.6500
24.9900
25.3330
25.6700
26.0030
26.3400
26.6770
27.0030
27.3330
27.6630
27.9930
28.3200
28.6470
28.9800
29.3130
29.6470
29.9700
