# Academic Ground Truth from ballroom
# Track ID: Albums-Chrisanne1-13
# Total Beats: 101
0.4200
0.7200
1.0200
1.3200
1.6300
1.9200
2.2300
2.5400
2.8400
3.1400
3.4400
3.7400
4.0400
4.3500
4.6600
4.9500
5.2500
5.5400
5.8300
6.1400
6.4400
6.7200
7.0200
7.3200
7.6000
7.8900
8.1700
8.4700
8.7500
9.0300
9.3200
9.6200
9.9200
10.2200
10.5100
10.8000
11.0900
11.3800
11.6600
11.9500
12.2300
12.5300
12.8100
13.1200
13.4200
13.7200
14.0200
14.3300
14.6300
14.9100
15.1900
15.5000
15.7800
16.0600
16.3600
16.6500
16.9600
17.2500
17.5400
17.8500
18.1200
18.4100
18.6900
19.0000
19.3000
19.5900
19.8800
20.1700
20.4600
20.7600
21.0400
21.3300
21.6300
21.9400
22.2100
22.4900
22.8000
23.1100
23.4000
23.6800
23.9900
24.3000
24.6000
24.9100
25.1900
25.4700
25.7700
26.0600
26.3500
26.6600
26.9500
27.2500
27.5400
27.8300
28.1200
28.4200
28.7200
28.9900
29.2800
29.5900
29.8800
