# Academic Ground Truth from ballroom
# Track ID: Albums-Ballroom_Classics4-14
# Total Beats: 87
0.3600
0.7200
1.0600
1.4100
1.7600
2.0800
2.4400
2.7700
3.0800
3.4500
3.8000
4.1600
4.5100
4.8600
5.2100
5.5400
5.8800
6.2300
6.5600
6.9100
7.2400
7.5900
7.9400
8.2700
8.6200
8.9500
9.3000
9.6400
10.0000
10.3200
10.6700
11.0300
11.3800
11.7200
12.0700
12.4200
12.7700
13.0900
13.4400
13.7900
14.1100
14.4500
14.8200
15.1600
15.5100
15.8500
16.2000
16.5400
16.8700
17.2100
17.5600
17.8800
18.2500
18.6000
18.9400
19.2600
19.6300
20.0100
20.3500
20.6900
21.0400
21.3900
21.7600
22.1000
22.4100
22.7800
23.1000
23.4600
23.8000
24.1400
24.4700
24.8100
25.1500
25.5000
25.8400
26.1600
26.5200
26.8700
27.2200
27.5700
27.9100
28.2800
28.5900
28.9700
29.2900
29.6300
29.9500
