# Academic Ground Truth from ballroom
# Track ID: Albums-Ballroom_Classics4-10
# Total Beats: 64
0.3700
0.8360
1.2990
1.7570
2.2230
2.6940
3.1690
3.6430
4.1140
4.5850
5.0360
5.4960
5.9640
6.4500
6.9310
7.4080
7.8900
8.3640
8.8370
9.3000
9.7670
10.2310
10.7000
11.1660
11.6370
12.1090
12.5750
13.0410
13.5030
13.9710
14.4370
14.9060
15.3760
15.8480
16.3210
16.7900
17.2600
17.7240
18.1890
18.6570
19.1310
19.6060
20.0730
20.5340
20.9970
21.4580
21.9250
22.3910
22.8690
23.3460
23.8250
24.2960
24.7740
25.2500
25.7250
26.1950
26.6660
27.1340
27.6000
28.0650
28.5310
28.9910
29.4440
29.8950
