# Academic Ground Truth from ballroom
# Track ID: Albums-Cafe_Paradiso-16
# Total Beats: 71
5.4200
5.7900
6.1300
6.4800
6.8400
7.2000
7.5500
7.9000
8.2400
8.5900
8.9400
9.3000
9.6500
10.0000
10.3500
10.7000
11.0500
11.3900
11.7300
12.0800
12.4400
12.7900
13.1400
13.4900
13.8200
14.1900
14.5400
14.8900
15.2400
15.5900
15.9100
16.2800
16.6300
16.9800
17.3200
17.6800
18.0300
18.3800
18.7200
19.0800
19.4200
19.7700
20.1200
20.4700
20.8200
21.1700
21.5200
21.8700
22.2200
22.5700
22.9200
23.2700
23.6200
23.9700
24.3200
24.6700
25.0200
25.3700
25.7100
26.0600
26.4200
26.7600
27.1200
27.4700
27.8100
28.1600
28.5200
28.8600
29.2100
29.5600
29.9100
