# Academic Ground Truth from ballroom
# Track ID: Albums-Latin_Jam-13
# Total Beats: 64
0.0600
0.5300
0.9900
1.4600
1.9300
2.4000
2.8600
3.3400
3.8200
4.2900
4.7500
5.2200
5.6900
6.1600
6.6200
7.0900
7.5700
8.0500
8.5100
8.9800
9.4500
9.9200
10.4000
10.8500
11.3300
11.8000
12.2700
12.7400
13.2100
13.6800
14.1500
14.6100
15.0900
15.5600
16.0300
16.5000
16.9700
17.4400
17.9100
18.3700
18.8500
19.3200
19.7900
20.2600
20.7300
21.2000
21.6500
22.1400
22.6000
23.0800
23.5500
24.0200
24.4900
24.9600
25.4300
25.8900
26.3700
26.8400
27.3100
27.7800
28.2500
28.7200
29.1900
29.6500
