# Academic Ground Truth from ballroom
# Track ID: Albums-Pais_Tropical-13
# Total Beats: 84
0.0600
0.4300
0.8030
1.1820
1.5610
1.9340
2.3000
2.6410
2.9500
3.3000
3.6600
4.0200
4.3800
4.7300
5.1000
5.4500
5.8100
6.1700
6.5300
6.8800
7.2400
7.6000
7.9500
8.3200
8.6700
9.0300
9.3900
9.7400
10.1100
10.4700
10.8300
11.1800
11.5400
11.8900
12.2500
12.6100
12.9700
13.3300
13.6800
14.0400
14.4000
14.7600
15.1200
15.4700
15.8300
16.1900
16.5500
16.9100
17.2700
17.6200
17.9800
18.3400
18.7000
19.0500
19.4100
19.7700
20.1300
20.4800
20.8500
21.2000
21.5700
21.9200
22.2800
22.6300
22.9900
23.3500
23.7100
24.0700
24.4300
24.7800
25.1400
25.5000
25.8600
26.2100
26.5700
26.9300
27.2900
27.6500
28.0100
28.3600
28.7300
29.0800
29.4400
29.7900
