# Academic Ground Truth from ballroom
# Track ID: Albums-Macumba-16
# Total Beats: 83
0.4600
0.8170
1.1730
1.5270
1.8830
2.2370
2.5970
2.9530
3.3170
3.6770
4.0370
4.3900
4.7430
5.1000
5.4600
5.8170
6.1730
6.5300
6.8900
7.2470
7.6000
7.9570
8.3130
8.6700
9.0270
9.3900
9.7530
10.1070
10.4570
10.8030
11.1670
11.5230
11.8830
12.2270
12.5900
12.9500
13.3170
13.6700
14.0300
14.3870
14.7400
15.0970
15.4530
15.8130
16.1700
16.5270
16.8830
17.2400
17.6030
17.9700
18.3300
18.6830
19.0330
19.3830
19.7400
20.0930
20.4570
20.8170
21.1770
21.5300
21.8830
22.2330
22.5970
22.9530
23.3170
23.6770
24.0400
24.3970
24.7470
25.0970
25.4530
25.8100
26.1700
26.5300
26.8900
27.2470
27.6000
27.9500
28.3100
28.6730
29.0370
29.3930
29.7500
