# Academic Ground Truth from ballroom
# Track ID: Albums-Commitments-08
# Total Beats: 80
0.5100
0.8770
1.2430
1.6170
1.9930
2.3730
2.7470
3.1130
3.4800
3.8500
4.2200
4.5900
4.9630
5.3370
5.7070
6.0730
6.4430
6.8130
7.1830
7.5530
7.9270
8.3000
8.6700
9.0400
9.4100
9.7800
10.1500
10.5200
10.8930
11.2670
11.6370
12.0070
12.3770
12.7500
13.1200
13.4870
13.8570
14.2270
14.6000
14.9670
15.3330
15.7030
16.0700
16.4400
16.7900
17.1570
17.5130
17.8900
18.2600
18.6370
19.0070
19.3730
19.7430
20.1170
20.4870
20.8530
21.2270
21.6000
21.9730
22.3370
22.7100
23.0800
23.4570
23.8230
24.1970
24.5670
24.9400
25.3100
25.6830
26.0530
26.4270
26.7970
27.1700
27.5400
27.9100
28.2830
28.6570
29.0270
29.3930
29.7630
