# Academic Ground Truth from ballroom
# Track ID: Albums-Ballroom_Classics4-06
# Total Beats: 64
0.3300
0.7980
1.2680
1.7390
2.2070
2.6730
3.1420
3.6130
4.0870
4.5560
5.0230
5.4880
5.9570
6.4280
6.8970
7.3710
7.8430
8.3160
8.7810
9.2500
9.7200
10.1920
10.6630
11.1310
11.6010
12.0660
12.5350
13.0000
13.4650
13.9270
14.3980
14.8730
15.3500
15.8210
16.2880
16.7520
17.2200
17.6880
18.1620
18.6300
19.1040
19.5750
20.0480
20.5170
20.9890
21.4650
21.9370
22.4020
22.8500
23.3120
23.7780
24.2580
24.7230
25.1960
25.6660
26.1440
26.6200
27.0990
27.5790
28.0480
28.5140
28.9500
29.4000
29.8550
