# Academic Ground Truth from ballroom
# Track ID: Albums-StrictlyDancing_Tango-05
# Total Beats: 58
0.4400
0.9700
1.4700
1.9600
2.5210
3.0110
3.5270
4.0420
4.5260
5.0200
5.5200
6.0600
6.6100
7.1000
7.5800
8.0300
8.5300
9.0400
9.5700
10.0900
10.5700
11.0700
11.6200
12.1400
12.6600
13.1900
13.6700
14.1900
14.7100
15.2100
15.7300
16.2600
16.7700
17.2700
17.7900
18.3300
18.8400
19.3400
19.8800
20.3900
20.9100
21.4400
21.9400
22.4500
22.9500
23.4700
23.9800
24.5100
25.0300
25.5600
26.0600
26.5700
27.1000
27.6400
28.1400
28.6500
29.1700
29.6800
