# Academic Ground Truth from ballroom
# Track ID: Albums-Latin_Jam5-02
# Total Beats: 61
0.7800
1.2800
1.7500
2.2500
2.7200
3.2200
3.6900
4.1800
4.6600
5.1600
5.6400
6.1300
6.6100
7.1000
7.5800
8.0700
8.5400
9.0400
9.5200
10.0100
10.4900
10.9600
11.4600
11.9400
12.4200
12.9200
13.3900
13.8900
14.3700
14.8500
15.3400
15.8200
16.3000
16.7900
17.2700
17.7700
18.2500
18.7300
19.2100
19.7000
20.1800
20.6700
21.1500
21.6500
22.1300
22.6100
23.0900
23.5800
24.0600
24.5500
25.0300
25.5200
26.0100
26.4900
26.9700
27.4500
27.9400
28.4300
28.9200
29.4100
29.8800
