# Academic Ground Truth from ballroom
# Track ID: Albums-StrictlyDancing_Tango-01
# Total Beats: 56
0.3400
0.8770
1.4000
1.9170
2.4400
2.9670
3.4900
4.0130
4.5370
5.0630
5.5830
6.1000
6.6170
7.1600
7.7100
8.2530
8.7700
9.3000
9.8500
10.4000
10.9300
11.4470
11.9730
12.4930
13.0200
13.5600
14.1200
14.6770
15.2270
15.7670
16.3130
16.8500
17.3870
17.9170
18.4570
18.9870
19.5070
20.0200
20.5470
21.0630
21.5830
22.1070
22.6430
23.1770
23.7000
24.2230
24.7430
25.2870
25.8200
26.3770
26.9170
27.4730
28.0200
28.5570
29.0930
29.6130
