# Academic Ground Truth from ballroom
# Track ID: Albums-Chrisanne1-12
# Total Beats: 100
0.0670
0.3540
0.6410
0.9290
1.2220
1.5190
1.8180
2.1160
2.4170
2.7220
3.0290
3.3360
3.6410
3.9430
4.2430
4.5440
4.8460
5.1500
5.4550
5.7590
6.0600
6.3590
6.6570
6.9550
7.2540
7.5560
7.8620
8.1690
8.4720
8.7750
9.0770
9.3780
9.6670
9.9510
10.2380
10.5430
10.8440
11.1520
11.4360
11.7280
12.0140
12.3010
12.5980
12.8910
13.1990
13.4920
13.7840
14.0770
14.3730
14.6730
14.9680
15.2670
15.5640
15.8650
16.1620
16.4570
16.7510
17.0490
17.3560
17.6630
17.9710
18.2750
18.5770
18.8780
19.1840
19.4990
19.8170
20.1300
20.4330
20.7220
21.0170
21.3240
21.6320
21.9430
22.2530
22.5680
22.8720
23.1680
23.4560
23.7480
24.0430
24.3530
24.6640
24.9680
25.2570
25.5420
25.8250
26.1280
26.4710
26.8320
27.1790
27.4960
27.7900
28.0790
28.3490
28.6340
28.9230
29.2290
29.5290
29.8360
