# Academic Ground Truth from ballroom
# Track ID: Albums-Macumba-15
# Total Beats: 88
0.3000
0.6600
1.0070
1.3400
1.6800
2.0270
2.3770
2.7170
3.0570
3.3930
3.7370
4.0700
4.4100
4.7470
5.0900
5.4270
5.7670
6.1070
6.4500
6.7900
7.1300
7.4700
7.8130
8.1570
8.4970
8.8370
9.1700
9.5070
9.8470
10.1900
10.5400
10.8800
11.2230
11.5600
11.9030
12.2430
12.5870
12.9270
13.2700
13.6070
13.9470
14.2870
14.6300
14.9670
15.3070
15.6470
15.9930
16.3470
16.6970
17.0370
17.3700
17.7000
18.0330
18.3600
18.7000
19.0430
19.4000
19.7470
20.1000
20.4330
20.7770
21.1070
21.4570
21.8000
22.1400
22.4730
22.8200
23.1700
23.5100
23.8400
24.1830
24.5270
24.8700
25.2000
25.5430
25.8770
26.2230
26.5600
26.9070
27.2430
27.5900
27.9270
28.2730
28.6070
28.9570
29.2900
29.6400
29.9900
