# Academic Ground Truth from ballroom
# Track ID: Albums-Fire-08
# Total Beats: 62
0.8400
1.3200
1.8030
2.2900
2.7770
3.2600
3.7400
4.2270
4.7130
5.2030
5.6830
6.1700
6.6530
7.1400
7.6200
8.1070
8.5930
9.0830
9.5630
10.0500
10.5330
11.0200
11.5030
11.9900
12.4770
12.9630
13.4470
13.9330
14.4130
14.9030
15.3870
15.8770
16.3570
16.8430
17.3270
17.8130
18.2970
18.7870
19.2700
19.7570
20.2370
20.7230
21.2070
21.6900
22.1600
22.6430
23.1270
23.6230
24.1100
24.5970
25.0800
25.5630
26.0500
26.5400
27.0230
27.5070
27.9900
28.4670
28.9500
29.4330
29.9230
30.4000
