# Academic Ground Truth from ballroom
# Track ID: Albums-Chrisanne3-05
# Total Beats: 66
0.0800
0.5670
1.0570
1.5370
2.0200
2.4870
2.9600
3.4430
3.9300
4.4000
4.8730
5.3430
5.8130
6.2490
6.6320
7.0070
7.3990
7.8440
8.2980
8.7570
9.2160
9.6710
10.1180
10.5670
11.0200
11.4790
11.9330
12.3840
12.8340
13.2860
13.7390
14.1960
14.6420
15.0910
15.5340
15.9810
16.4260
16.8760
17.3280
17.7790
18.2300
18.6790
19.1310
19.5760
20.0190
20.4670
20.9300
21.3940
21.8560
22.3160
22.7800
23.2480
23.7060
24.1600
24.6180
25.0790
25.5410
25.9930
26.4350
26.8860
27.3330
27.7930
28.2530
28.7120
29.1710
29.6258
