# Academic Ground Truth from ballroom
# Track ID: Albums-Step_By_Step-16
# Total Beats: 100
0.2210
0.4960
0.7740
1.0570
1.3430
1.6270
1.9150
2.2060
2.4990
2.7900
3.0800
3.3700
3.6590
3.9480
4.2380
4.5290
4.8200
5.1110
5.4030
5.6980
5.9940
6.2900
6.5850
6.8810
7.1780
7.4750
7.7700
8.0670
8.3650
8.6640
8.9620
9.2600
9.5590
9.8580
10.1570
10.4550
10.7500
11.0450
11.3400
11.6350
11.9280
12.2190
12.5090
12.7960
13.0820
13.3660
13.6500
13.9360
14.2240
14.5130
14.8040
15.0960
15.3910
15.6860
15.9800
16.2750
16.5700
16.8660
17.1620
17.4580
17.7550
18.0540
18.3510
18.6490
18.9460
19.2450
19.5450
19.8450
20.1440
20.4420
20.7400
21.0360
21.3330
21.6300
21.9250
22.2180
22.5120
22.8060
23.1010
23.3950
23.6860
23.9770
24.2690
24.5620
24.8530
25.1430
25.4320
25.7220
26.0130
26.3030
26.5930
26.8830
27.1760
27.4700
27.7630
28.0550
28.3480
28.6420
28.9350
29.2280
