# Academic Ground Truth from ballroom
# Track ID: Albums-Latin_Jam3-01
# Total Beats: 62
0.0842
0.5718
1.0594
1.5354
2.0200
2.5000
2.9800
3.4600
3.9500
4.4300
4.9200
5.4000
5.8800
6.3700
6.8500
7.3300
7.8200
8.3000
8.7800
9.2700
9.7400
10.2400
10.7200
11.2000
11.6900
12.1700
12.6600
13.1400
13.6200
14.1100
14.5900
15.0700
15.5600
16.0400
16.5200
17.0000
17.5000
17.9800
18.4600
18.9500
19.4300
19.9100
20.3900
20.8800
21.3700
21.8500
22.3300
22.8100
23.3000
23.7800
24.2700
24.7500
25.2400
25.7200
26.2000
26.6800
27.1700
27.6500
28.1300
28.6200
29.1100
29.5900
