# Academic Ground Truth from ballroom
# Track ID: Albums-Cafe_Paradiso-07
# Total Beats: 62
0.0600
0.5400
1.0300
1.5100
2.0000
2.4800
2.9700
3.4600
3.9400
4.4200
4.9100
5.3900
5.8800
6.3600
6.8400
7.3300
7.8200
8.3000
8.7900
9.2700
9.7600
10.2400
10.7300
11.2100
11.7000
12.1800
12.6700
13.1500
13.6400
14.1200
14.6200
15.1400
15.5800
16.0600
16.5500
17.0300
17.5200
18.0000
18.4900
18.9700
19.4500
19.9400
20.4300
20.9100
21.3900
21.8800
22.3700
22.8500
23.3400
23.8200
24.3100
24.7900
25.2800
25.7700
26.2500
26.7300
27.2200
27.7000
28.1900
28.6700
29.1600
29.6400
