# Academic Ground Truth from ballroom
# Track ID: Albums-Fire-12
# Total Beats: 89
0.4000
0.7320
1.0660
1.4000
1.7340
2.0680
2.4020
2.7380
3.0740
3.4060
3.7400
4.0760
4.4080
4.7400
5.0760
5.4120
5.7460
6.0800
6.4140
6.7480
7.0780
7.4100
7.7440
8.0800
8.4140
8.7500
9.0860
9.4200
9.7540
10.0880
10.4240
10.7560
11.0900
11.4220
11.7560
12.0880
12.4240
12.7560
13.0900
13.4220
13.7560
14.0880
14.4240
14.7580
15.0940
15.4300
15.7660
16.0980
16.4320
16.7640
17.0960
17.4280
17.7640
18.0980
18.4340
18.7680
19.1040
19.4380
19.7740
20.1080
20.4440
20.7780
21.1140
21.4460
21.7820
22.1140
22.4480
22.7800
23.1160
23.4480
23.7840
24.1160
24.4500
24.7820
25.1180
25.4500
25.7860
26.1200
26.4560
26.7880
27.1240
27.4580
27.7940
28.1280
28.4640
28.7980
29.1340
29.4680
29.8040
