# Academic Ground Truth from ballroom
# Track ID: Albums-Step_By_Step-08
# Total Beats: 64
0.3500
0.8400
1.3170
1.7870
2.2470
2.7200
3.1830
3.6600
4.1270
4.6070
5.0730
5.5470
6.0130
6.4800
6.9430
7.4170
7.8900
8.3630
8.8300
9.3030
9.7700
10.2400
10.6900
11.1600
11.6270
12.1100
12.5670
13.0200
13.4730
13.9330
14.4030
14.8830
15.3730
15.8500
16.3230
16.8000
17.2730
17.7370
18.1870
18.6470
19.1070
19.5770
20.0500
20.5200
20.9770
21.4370
21.9070
22.3800
22.8470
23.3170
23.8070
24.2830
24.7400
25.1830
25.6400
26.1130
26.5870
27.0600
27.5230
27.9970
28.4630
28.9330
29.3870
29.8430
