# Academic Ground Truth from ballroom
# Track ID: Albums-Chrisanne1-08
# Total Beats: 82
2.1100
2.4640
2.8180
3.1720
3.5260
3.8800
4.2300
4.5800
4.9300
5.2800
5.6360
5.9920
6.3480
6.7040
7.0590
7.4110
7.7590
8.1070
8.4550
8.8040
9.1500
9.5000
9.8540
10.2010
10.5400
10.8760
11.2160
11.5500
11.8900
12.2270
12.5660
12.8960
13.2280
13.5620
13.9010
14.2410
14.5790
14.9110
15.2430
15.5720
15.8970
16.2290
16.5670
16.8930
17.2260
17.5620
17.8960
18.2300
18.5760
18.9080
19.2420
19.5780
19.9040
20.2300
20.5610
20.8830
21.2060
21.5380
21.8650
22.1920
22.5320
22.8610
23.1890
23.5210
23.8530
24.1850
24.5240
24.8520
25.1800
25.5140
25.8390
26.1750
26.5150
26.8480
27.1830
27.5170
27.8410
28.1710
28.5070
28.8420
29.1760
29.5190
