# Academic Ground Truth from ballroom
# Track ID: Albums-Ballroom_Magic-15
# Total Beats: 104
0.0400
0.3270
0.6160
0.9020
1.1870
1.4720
1.7610
2.0470
2.3320
2.6210
2.9070
3.1920
3.4840
3.7780
4.0690
4.3630
4.6540
4.9410
5.2270
5.5190
5.8130
6.0980
6.3860
6.6790
6.9660
7.2520
7.5410
7.8340
8.1250
8.4110
8.6970
8.9860
9.2750
9.5580
9.8430
10.1310
10.4170
10.7090
11.0030
11.2910
11.5770
11.8590
12.1460
12.4370
12.7270
13.0320
13.3380
13.6270
13.9120
14.1940
14.4750
14.7620
15.0520
15.3450
15.6360
15.9220
16.2070
16.4960
16.7790
17.0660
17.3550
17.6560
17.9620
18.2570
18.5550
18.8400
19.1260
19.4150
19.6950
19.9820
20.2670
20.5490
20.8300
21.1100
21.4030
21.7010
21.9970
22.2920
22.5770
22.8660
23.1550
23.4450
23.7350
24.0220
24.3070
24.5890
24.8700
25.1630
25.4610
25.7500
26.0370
26.3290
26.6230
26.9180
27.2130
27.5010
27.7870
28.0720
28.3570
28.6490
28.9430
29.2310
29.5170
29.7970
