# Academic Ground Truth from ballroom
# Track ID: Albums-StrictlyDancing_Tango-06
# Total Beats: 59
0.4200
0.9837
1.5122
2.0400
2.5600
3.0600
3.5600
4.0800
4.5800
5.0800
5.6000
6.1000
6.5878
7.1000
7.5800
8.1000
8.6000
9.1000
9.6200
10.1200
10.6200
11.1400
11.6600
12.1600
12.6800
13.1800
13.6800
14.2000
14.7143
15.2224
15.7200
16.2200
16.7388
17.2633
17.8122
18.3200
18.8200
19.3200
19.8200
20.3200
20.8200
21.3400
21.8400
22.3400
22.8600
23.3600
23.8600
24.3800
24.8800
25.3800
25.9000
26.4000
26.9000
27.4000
27.8800
28.3800
28.9000
29.4000
29.9000
