# Academic Ground Truth from ballroom
# Track ID: Albums-StrictlyDancing_Tango-07
# Total Beats: 61
0.4200
0.9000
1.4100
1.9000
2.3800
2.8800
3.3500
3.8400
4.3300
4.8200
5.2900
5.7500
6.2200
6.7200
7.2300
7.7500
8.2400
8.7400
9.2400
9.7400
10.2300
10.7300
11.2400
11.7400
12.2400
12.7500
13.2500
13.7500
14.2500
14.7600
15.2600
15.7400
16.2200
16.7100
17.2100
17.7000
18.1800
18.6700
19.1600
19.6500
20.1500
20.6500
21.1500
21.6500
22.1400
22.6500
23.1500
23.6200
24.1000
24.6000
25.0900
25.5700
26.0600
26.5500
27.0400
27.5200
28.0200
28.5200
29.0200
29.5200
29.9700
