# Academic Ground Truth from ballroom
# Track ID: Albums-Ballroom_Classics4-19
# Total Beats: 101
0.3000
0.5900
0.8800
1.1800
1.4800
1.7600
2.0600
2.3600
2.6600
2.9600
3.2600
3.5400
3.8400
4.1200
4.4200
4.7200
5.0200
5.3100
5.6100
5.9000
6.2000
6.5000
6.7900
7.0900
7.3800
7.6800
7.9700
8.2600
8.5500
8.8400
9.1400
9.4400
9.7200
10.0200
10.3200
10.6100
10.9100
11.1900
11.4900
11.7800
12.0800
12.3600
12.6700
12.9600
13.2600
13.5500
13.8500
14.1500
14.4500
14.7500
15.0500
15.3500
15.6500
15.9500
16.2500
16.5400
16.8200
17.1200
17.4100
17.7000
18.0100
18.3000
18.5900
18.8900
19.1900
19.4800
19.7700
20.0600
20.3600
20.6600
20.9600
21.2600
21.5600
21.8500
22.1500
22.4300
22.7300
23.0300
23.3300
23.6200
23.9200
24.2200
24.5200
24.8200
25.1200
25.4200
25.7100
26.0100
26.3000
26.5900
26.8800
27.1700
27.4600
27.7500
28.0500
28.3300
28.6300
28.9200
29.2100
29.5100
29.8100
