# Academic Ground Truth from ballroom
# Track ID: Albums-StrictlyDancing_Tango-09
# Total Beats: 61
0.8600
1.3500
1.8400
2.3200
2.7800
3.2300
3.7200
4.2000
4.6800
5.1500
5.6200
6.1000
6.5700
7.0400
7.5100
7.9900
8.4700
8.9500
9.4400
9.9100
10.3900
10.8800
11.3500
11.8300
12.3000
12.7700
13.2600
13.7300
14.2000
14.6700
15.1400
15.6000
16.0600
16.5100
16.9800
17.4700
17.9500
18.4100
18.9000
19.3700
19.8400
20.2900
20.7800
21.2500
21.7200
22.1900
22.6700
23.1600
23.6500
24.1200
24.6100
25.1100
25.5700
26.0506
26.5404
27.0694
27.5200
28.0163
28.5257
29.0090
29.4792
