# Academic Ground Truth from ballroom
# Track ID: Albums-StrictlyDancing_Tango-12
# Total Beats: 61
0.0871
0.5892
1.0710
1.6000
2.0900
2.5800
3.0500
3.5200
4.0400
4.5300
4.9800
5.5400
6.0400
6.5400
7.0100
7.4800
7.9700
8.4500
8.9400
9.4400
9.9300
10.4300
10.9000
11.4000
11.8800
12.3800
12.8600
13.3600
13.8600
14.3500
14.8400
15.3300
15.8300
16.3400
16.7900
17.3500
17.8600
18.3500
18.8400
19.3200
19.8100
20.3000
20.8100
21.3100
21.8000
22.2900
22.7900
23.2800
23.7600
24.2600
24.7600
25.2500
25.7500
26.2500
26.7300
27.2300
27.7100
28.2000
28.7100
29.1900
29.7000
