# Academic Ground Truth from ballroom
# Track ID: Albums-Fire-09
# Total Beats: 61
0.8400
1.3200
1.8020
2.2900
2.7780
3.2600
3.7400
4.2230
4.7170
5.2020
5.6870
6.1650
6.6570
7.1400
7.6200
8.1030
8.5970
9.0820
9.5670
10.0450
10.5370
11.0200
11.5020
11.9900
12.4780
12.9620
13.4480
13.9320
14.4170
14.8970
15.3930
15.8730
16.3580
16.8420
17.3280
17.8120
18.2980
18.7830
19.2750
19.7530
20.2380
20.7220
21.2080
21.6900
22.1650
22.6320
23.1330
23.6220
24.1100
24.5980
25.0800
25.5620
26.0500
26.5400
27.0270
27.5030
27.9900
28.4730
28.9400
29.4370
29.9270
