# Academic Ground Truth from ballroom
# Track ID: Albums-I_Like_It2-01
# Total Beats: 75
0.3512
0.7800
1.2100
1.6700
2.0900
2.5700
2.9800
3.4700
3.8800
4.3600
4.7600
5.2300
5.6600
6.1400
6.5500
7.0000
7.4500
7.9100
8.3500
8.8000
9.2400
9.6900
10.1300
10.5900
11.0400
11.4800
11.9300
12.3800
12.8100
13.2600
13.7000
14.1600
14.6100
15.0400
15.5000
15.9400
16.3900
16.8300
17.2800
17.7200
18.1700
18.6200
19.0600
19.5100
19.9600
20.4000
20.8500
21.2800
21.7300
22.1600
22.6100
23.0600
23.5000
23.9500
24.3900
24.8400
25.2800
25.7400
26.1800
26.6200
27.0700
27.5200
27.9600
28.4000
28.8400
29.2900
29.7400
30.1888
30.6373
31.0944
31.5298
31.9724
32.4180
32.8766
33.3163
