# Academic Ground Truth from ballroom
# Track ID: Albums-StrictlyDancing_Tango-10
# Total Beats: 57
1.6900
2.2000
2.7100
3.2100
3.6900
4.1800
4.6700
5.1600
5.6600
6.1300
6.6200
7.1000
7.6000
8.0800
8.5700
9.0700
9.5600
10.0400
10.5300
11.0100
11.4900
11.9500
12.4400
12.9400
13.4300
13.9100
14.3900
14.8700
15.3500
15.8300
16.3100
16.8000
17.3200
17.8200
18.3200
18.8300
19.3500
19.8500
20.3600
20.8500
21.4000
21.9000
22.4100
22.9300
23.4600
23.9800
24.4800
24.9600
25.5100
26.0300
26.5400
27.0400
27.5700
28.0950
28.5700
29.0600
29.5900
