# Academic Ground Truth from ballroom
# Track ID: Albums-Cafe_Paradiso-08
# Total Beats: 62
0.0400
0.5300
1.0000
1.4600
1.9300
2.4300
2.9500
3.4400
3.9300
4.4100
4.9000
5.3900
5.8700
6.3500
6.8300
7.3200
7.8000
8.2800
8.7900
9.2600
9.7300
10.2200
10.7200
11.2000
11.6800
12.1800
12.6700
13.1400
13.6100
14.1000
14.5900
15.0700
15.5600
16.0400
16.5300
17.0100
17.5000
17.9800
18.4700
18.9400
19.4200
19.9000
20.4000
20.8800
21.3800
21.8500
22.3500
22.8300
23.3100
23.8000
24.2900
24.7700
25.2500
25.7300
26.2300
26.7100
27.2000
27.6800
28.1700
28.6400
29.1300
29.6200
