# Academic Ground Truth from ballroom
# Track ID: Albums-Latin_Jam4-06
# Total Beats: 63
0.6500
1.1200
1.5900
2.0700
2.5400
3.0000
3.4700
3.9500
4.4100
4.8800
5.3500
5.8300
6.2900
6.7600
7.2300
7.7000
8.1800
8.6400
9.1100
9.5800
10.0500
10.5200
10.9900
11.4600
11.9300
12.4000
12.8700
13.3400
13.8100
14.2800
14.7600
15.2400
15.6900
16.1600
16.6300
17.1100
17.5700
18.0400
18.5200
18.9800
19.4500
19.9200
20.3900
20.8600
21.3300
21.7900
22.2700
22.7400
23.2200
23.6800
24.1500
24.6300
25.0900
25.5600
26.0300
26.5000
26.9700
27.4400
27.9100
28.3800
28.8500
29.3100
29.7800
