# Academic Ground Truth from ballroom
# Track ID: Albums-Fire-07
# Total Beats: 86
0.7500
1.1000
1.4400
1.7870
2.1330
2.4870
2.8230
3.1600
3.4930
3.8430
4.1930
4.5400
4.8700
5.2000
5.5330
5.8800
6.2370
6.5900
6.9370
7.2770
7.6170
7.9400
8.2700
8.6130
8.9770
9.3330
9.6770
10.0130
10.3500
10.6870
11.0230
11.3630
11.7100
12.0570
12.3970
12.7370
13.0730
13.4170
13.7530
14.1000
14.4430
14.7930
15.1270
15.4670
15.8030
16.1530
16.4900
16.8370
17.1830
17.5330
17.8670
18.2000
18.5370
18.8870
19.2270
19.5700
19.9100
20.2570
20.5930
20.9300
21.2670
21.6170
21.9570
22.2970
22.6370
22.9830
23.3330
23.6730
24.0170
24.3530
24.6900
25.0270
25.3730
25.7300
26.0730
26.4170
26.7500
27.0930
27.4200
27.7670
28.1100
28.4600
28.7870
29.1300
29.4770
29.8270
