# Academic Ground Truth from ballroom
# Track ID: Albums-Latin_Jam3-12
# Total Beats: 87
0.5700
0.9200
1.2800
1.6100
1.9200
2.2600
2.6100
2.9500
3.2900
3.6300
3.9700
4.3100
4.6500
4.9900
5.3300
5.6700
6.0100
6.3500
6.6900
7.0300
7.3700
7.7100
8.0600
8.3900
8.7400
9.0800
9.4200
9.7600
10.1000
10.4400
10.7900
11.1200
11.4500
11.8000
12.1400
12.4800
12.8300
13.1700
13.5100
13.8500
14.1900
14.5300
14.8800
15.2100
15.5600
15.8900
16.2400
16.5700
16.9200
17.2600
17.6000
17.9400
18.2800
18.6100
18.9500
19.3000
19.6400
19.9800
20.3300
20.6600
21.0100
21.3400
21.6800
22.0300
22.3700
22.7100
23.0500
23.3900
23.7300
24.0700
24.4100
24.7500
25.1000
25.4300
25.7800
26.1100
26.4600
26.8000
27.1300
27.4800
27.8200
28.1600
28.5000
28.8400
29.1800
29.5200
29.8600
