# Academic Ground Truth from ballroom
# Track ID: Albums-Chrisanne1-05
# Total Beats: 65
0.2400
0.7400
1.2100
1.6700
2.1500
2.6300
3.1100
3.5800
4.0500
4.5300
4.9900
5.4400
5.9200
6.3900
6.8500
7.3200
7.7700
8.2500
8.7100
9.1700
9.6300
10.1000
10.5600
11.0300
11.4800
11.9400
12.3800
12.8500
13.3000
13.7500
14.2000
14.6400
15.1200
15.5900
16.0500
16.5100
16.9500
17.4100
17.8700
18.3300
18.7800
19.2400
19.7100
20.1600
20.6100
21.0700
21.5100
21.9700
22.4300
22.8800
23.3500
23.7800
24.2400
24.7000
25.1500
25.6000
26.0600
26.5100
26.9700
27.4100
27.8600
28.3500
28.7900
29.2310
29.6838
