# Academic Ground Truth from ballroom
# Track ID: Albums-Cafe_Paradiso-14
# Total Beats: 84
0.8400
1.1970
1.5570
1.9070
2.2700
2.6200
2.9730
3.3270
3.6800
4.0270
4.3770
4.7230
5.0700
5.4130
5.7600
6.1100
6.4600
6.8100
7.1630
7.5170
7.8670
8.2100
8.5570
8.9030
9.2500
9.5900
9.9370
10.2830
10.6370
10.9830
11.3400
11.6870
12.0430
12.3830
12.7400
13.0870
13.4470
13.7900
14.1430
14.4900
14.8430
15.1830
15.5370
15.8830
16.2400
16.5830
16.9370
17.2870
17.6370
17.9800
18.3300
18.6800
19.0370
19.3800
19.7330
20.0800
20.4370
20.7830
21.1370
21.4770
21.8200
22.1600
22.5200
22.8830
23.2430
23.5930
23.9400
24.2900
24.6400
24.9900
25.3400
25.6900
26.0370
26.3800
26.7270
27.0700
27.4170
27.7630
28.1170
28.4670
28.8130
29.1570
29.5030
29.8500
