# Academic Ground Truth from ballroom
# Track ID: Albums-Latin_Jam2-05
# Total Beats: 64
0.1700
0.6600
1.1200
1.5500
2.0200
2.5000
2.9700
3.4400
3.9200
4.3900
4.8600
5.3400
5.8100
6.2900
6.7600
7.2300
7.7100
8.1800
8.6500
9.1300
9.6000
10.0800
10.5500
11.0200
11.4900
11.9700
12.4400
12.9100
13.3900
13.8600
14.3400
14.8100
15.2800
15.7500
16.2300
16.7000
17.1700
17.6500
18.1200
18.5900
19.0700
19.5400
20.0100
20.4900
20.9600
21.4400
21.9100
22.3800
22.8600
23.3300
23.8000
24.2800
24.7500
25.2300
25.7000
26.1700
26.6500
27.1200
27.5900
28.0600
28.5400
29.0100
29.4900
29.9600
