# Academic Ground Truth from ballroom
# Track ID: Albums-Ballroom_Magic-11
# Total Beats: 90
0.0400
0.3730
0.7140
1.0480
1.3860
1.7150
2.0350
2.3620
2.6970
3.0390
3.3800
3.7200
4.0600
4.3900
4.7170
5.0490
5.3760
5.7020
6.0310
6.3700
6.7130
7.0480
7.3760
7.7050
8.0380
8.3760
8.7150
9.0450
9.3880
9.7260
10.0420
10.3710
10.7170
11.0560
11.3920
11.7310
12.0600
12.3930
12.7280
13.0530
13.3810
13.7270
14.0690
14.4060
14.7490
15.0900
15.4170
15.7260
16.0390
16.3660
16.6990
17.0300
17.3700
17.7100
18.0370
18.3760
18.7220
19.0570
19.3920
19.7310
20.0640
20.3980
20.7360
21.0690
21.4060
21.7450
22.0720
22.4040
22.7410
23.0700
23.4070
23.7320
24.0470
24.3790
24.7160
25.0450
25.3850
25.7280
26.0560
26.3920
26.7340
27.0710
27.4100
27.7500
28.0800
28.4130
28.7540
29.0880
29.4190
29.7490
