# Academic Ground Truth from ballroom
# Track ID: Albums-Latin_Jam3-03
# Total Beats: 62
0.0800
0.5700
1.0500
1.5300
2.0100
2.5000
2.9900
3.4700
3.9500
4.4300
4.9200
5.4000
5.8800
6.3700
6.8600
7.3300
7.8200
8.3000
8.7900
9.2700
9.7500
10.2400
10.7200
11.2000
11.6900
12.1700
12.6500
13.1400
13.6200
14.1100
14.5900
15.0700
15.5600
16.0400
16.5200
17.0100
17.4900
17.9700
18.4600
18.9400
19.4300
19.9100
20.3900
20.8800
21.3600
21.8400
22.3300
22.8100
23.3000
23.7800
24.2600
24.7400
25.2300
25.7100
26.1900
26.6800
27.1700
27.6500
28.1300
28.6100
29.1000
29.5800
