# Academic Ground Truth from ballroom
# Track ID: Albums-Ballroom_Classics4-18
# Total Beats: 99
0.5718
0.8853
1.1726
1.4687
1.7600
2.0570
2.3520
2.6540
2.9580
3.2590
3.5560
3.8590
4.1700
4.4730
4.7740
5.0780
5.3830
5.6840
5.9810
6.2800
6.5830
6.8880
7.1890
7.4860
7.7890
8.0900
8.3830
8.6780
8.9730
9.2680
9.5660
9.8720
10.1740
10.4680
10.7660
11.0690
11.3730
11.6780
11.9830
12.2880
12.5890
12.8900
13.1900
13.4900
13.7830
14.0780
14.3790
14.6800
14.9800
15.2800
15.5830
15.8810
16.1740
16.4650
16.7620
17.0640
17.3550
17.6520
17.9640
18.2780
18.5860
18.8850
19.1820
19.4810
19.7770
20.0760
20.3790
20.6800
20.9800
21.2800
21.5770
21.8720
22.1740
22.4780
22.7830
23.0880
23.3890
23.6860
23.9820
24.2810
24.5800
24.8800
25.1800
25.4800
25.7800
26.0800
26.3800
26.6830
26.9880
27.2951
27.5991
27.9017
28.2050
28.5134
28.8102
29.1149
29.4197
29.7085
30.0060
