# Academic Ground Truth from ballroom
# Track ID: Albums-Cafe_Paradiso-15
# Total Beats: 75
3.8300
4.2000
4.5500
4.9000
5.2400
5.5800
5.9200
6.2800
6.6200
6.9700
7.3200
7.6700
8.0100
8.3700
8.7300
9.0900
9.4500
9.7900
10.1200
10.4800
10.8100
11.1800
11.5500
11.8900
12.2700
12.6200
12.9400
13.2800
13.6400
13.9800
14.3200
14.6700
15.0200
15.3700
15.7200
16.0800
16.4000
16.7700
17.1200
17.4600
17.8100
18.1600
18.5100
18.8500
19.2100
19.5600
19.9100
20.2600
20.6000
20.9700
21.3200
21.6500
21.9900
22.3700
22.7100
23.0600
23.3800
23.7400
24.0900
24.4300
24.7700
25.1300
25.4800
25.8300
26.1900
26.5400
26.8900
27.2600
27.6200
27.9600
28.3100
28.6600
29.0200
29.3500
29.7000
