# Academic Ground Truth from ballroom
# Track ID: Albums-Latin_Jam5-11
# Total Beats: 61
0.5600
1.0500
1.5300
2.0100
2.5000
2.9800
3.4700
3.9500
4.4400
4.9300
5.4100
5.8900
6.3800
6.8600
7.3300
7.8400
8.3200
8.8100
9.2900
9.7700
10.2600
10.7400
11.2300
11.7100
12.2000
12.6900
13.1700
13.6500
14.1400
14.6200
15.1000
15.6000
16.0800
16.5700
17.0500
17.5300
18.0200
18.5100
18.9900
19.4800
19.9600
20.4500
20.9300
21.4100
21.9000
22.3800
22.8700
23.3500
23.8400
24.3300
24.8100
25.2900
25.7800
26.2700
26.7500
27.2300
27.7200
28.2100
28.6900
29.1700
29.6600
