# Academic Ground Truth from ballroom
# Track ID: Albums-Pais_Tropical-14
# Total Beats: 85
0.0600
0.4100
0.7630
1.1300
1.4900
1.8530
2.2170
2.5830
2.9500
3.3070
3.6570
4.0030
4.3500
4.7100
5.0670
5.4200
5.7700
6.1230
6.4870
6.8400
7.2030
7.5570
7.9200
8.2730
8.6370
8.9900
9.3500
9.7030
10.0670
10.4200
10.7830
11.1370
11.5000
11.8570
12.2200
12.5770
12.9330
13.2870
13.6470
14.0030
14.3630
14.7170
15.0770
15.4300
15.7930
16.1500
16.5130
16.8730
17.2330
17.5900
17.9430
18.2970
18.6570
19.0130
19.3730
19.7270
20.0870
20.4470
20.8070
21.1630
21.5200
21.8770
22.2370
22.6000
22.9600
23.3130
23.6670
24.0200
24.3800
24.7330
25.0970
25.4530
25.8170
26.1730
26.5330
26.8870
27.2470
27.6070
27.9700
28.3300
28.6870
29.0470
29.4030
29.7700
30.1400
