# Academic Ground Truth from ballroom
# Track ID: Albums-Step_By_Step-17
# Total Beats: 101
0.4400
0.7330
1.0200
1.2900
1.5700
1.8470
2.1430
2.4330
2.7330
3.0170
3.3070
3.5930
3.8870
4.1730
4.4670
4.7600
5.0600
5.3570
5.6600
5.9570
6.2500
6.5430
6.8370
7.1330
7.4270
7.7200
8.0130
8.3070
8.6000
8.8900
9.1870
9.4900
9.7870
10.0730
10.3630
10.6570
10.9600
11.2530
11.5570
11.8530
12.1470
12.4330
12.7230
13.0170
13.3100
13.5900
13.8670
14.1530
14.4500
14.7500
15.0500
15.3530
15.6530
15.9470
16.2400
16.5400
16.8330
17.1270
17.4170
17.7130
18.0100
18.3100
18.6030
18.8970
19.1870
19.4770
19.7700
20.0630
20.3630
20.6570
20.9530
21.2530
21.5570
21.8500
22.1400
22.4300
22.7230
23.0100
23.3070
23.6000
23.9000
24.1930
24.4930
24.7930
25.0870
25.3800
25.6730
25.9670
26.2600
26.5570
26.8470
27.1430
27.4300
27.7300
28.0130
28.3030
28.5870
28.8930
29.1970
29.5030
29.7970
