# Academic Ground Truth from ballroom
# Track ID: Albums-Step_By_Step-15
# Total Beats: 101
0.3300
0.6200
0.9300
1.2100
1.5200
1.8000
2.1200
2.4000
2.6800
2.9500
3.2400
3.5500
3.8600
4.1400
4.4400
4.7500
5.0100
5.3100
5.6200
5.9300
6.1900
6.4800
6.7900
7.0700
7.3600
7.6500
7.9600
8.2500
8.5600
8.8500
9.1600
9.4500
9.7400
10.0700
10.3200
10.6300
10.9200
11.2200
11.5200
11.8200
12.1100
12.4100
12.6900
12.9900
13.2800
13.5900
13.8900
14.1800
14.4700
14.7700
15.0600
15.3600
15.6600
15.9500
16.2600
16.5500
16.8400
17.1200
17.4100
17.7100
17.9900
18.3000
18.5700
18.8900
19.2100
19.4800
19.7600
20.0500
20.3600
20.6400
20.9300
21.2300
21.5200
21.8100
22.1000
22.4000
22.7000
22.9900
23.3100
23.5900
23.8700
24.1700
24.4700
24.7700
25.0700
25.3500
25.6600
25.9400
26.2200
26.5100
26.8300
27.1100
27.3800
27.6900
28.0000
28.2900
28.5600
28.8700
29.1600
29.4500
29.7400
