# Academic Ground Truth from ballroom
# Track ID: Albums-Chrisanne2-06
# Total Beats: 65
0.0600
0.5370
1.0100
1.4800
1.9400
2.4000
2.8700
3.3370
3.8000
4.2470
4.7030
5.1700
5.6470
6.1130
6.5830
7.0500
7.5170
7.9730
8.4300
8.8900
9.3500
9.8130
10.2800
10.7470
11.2070
11.6700
12.1370
12.6070
13.0670
13.5270
13.9870
14.4470
14.9030
15.3630
15.8270
16.2930
16.7600
17.2270
17.6900
18.1500
18.6100
19.0700
19.5330
20.0000
20.4670
20.9300
21.3870
21.8430
22.2970
22.7570
23.2130
23.6770
24.1370
24.6070
25.0800
25.5600
26.0300
26.5000
26.9700
27.4500
27.9270
28.4030
28.8700
29.3430
29.8200
