# Academic Ground Truth from ballroom
# Track ID: Albums-Latin_Jam2-04
# Total Beats: 57
3.2900
3.7700
4.2300
4.7100
5.1700
5.6500
6.1100
6.5900
7.0500
7.5200
7.9900
8.4600
8.9300
9.4100
9.8700
10.3400
10.8100
11.2900
11.7500
12.2300
12.6900
13.1700
13.6300
14.1100
14.5700
15.0400
15.5100
15.9800
16.4500
16.9200
17.3900
17.8700
18.3300
18.8000
19.2700
19.7400
20.2100
20.6700
21.1500
21.6200
22.0900
22.5600
23.0300
23.5000
23.9700
24.4400
24.9100
25.3800
25.8400
26.3200
26.7900
27.2600
27.7300
28.2000
28.6700
29.1400
29.6100
