# Academic Ground Truth from ballroom
# Track ID: Albums-Fire-01
# Total Beats: 62
0.0400
0.5100
0.9800
1.4500
1.9100
2.3800
2.9300
3.4100
3.9200
4.3800
4.8300
5.3300
5.8000
6.2900
6.8100
7.3000
7.7800
8.2700
8.7500
9.2300
9.7200
10.2100
10.6900
11.1700
11.6600
12.1500
12.6300
13.1100
13.6000
14.0800
14.5700
15.0500
15.5400
16.0200
16.5100
16.9900
17.4800
17.9600
18.4500
18.9300
19.4200
19.9000
20.3900
20.8700
21.3600
21.8400
22.3300
22.8100
23.3000
23.7900
24.2700
24.7600
25.2500
25.7300
26.2100
26.6900
27.1800
27.6700
28.1500
28.6300
29.1200
29.6100
