# Academic Ground Truth from ballroom
# Track ID: Albums-StrictlyDancing_Tango-08
# Total Beats: 61
0.6400
1.1130
1.6000
2.0870
2.5830
3.0600
3.5430
4.0370
4.5230
4.9930
5.4630
5.9500
6.4600
6.9470
7.4430
7.9430
8.4470
8.9330
9.4130
9.8970
10.3870
10.8600
11.3430
11.8300
12.3170
12.8130
13.3130
13.8200
14.3130
14.7970
15.2800
15.7700
16.2630
16.7600
17.2470
17.7300
18.2100
18.6900
19.1700
19.6470
20.1230
20.6030
21.0830
21.5670
22.0400
22.5100
22.9830
23.4600
23.9430
24.4200
24.9000
25.3730
25.8430
26.3100
26.7800
27.2570
27.7330
28.2270
28.7000
29.1870
29.6600
