# Academic Ground Truth from ballroom
# Track ID: Albums-Ballroom_Magic-06
# Total Beats: 64
0.0900
0.5600
1.0400
1.5200
1.9900
2.4600
2.9200
3.4000
3.8700
4.3400
4.8000
5.2800
5.7500
6.2300
6.6800
7.1600
7.6300
8.1000
8.5600
9.0200
9.4900
9.9400
10.4100
10.8900
11.3600
11.8300
12.2900
12.7600
13.2400
13.7300
14.1900
14.6700
15.1300
15.5900
16.0500
16.5100
16.9900
17.4600
17.9300
18.3900
18.8700
19.3400
19.8100
20.2900
20.7600
21.2400
21.7000
22.1500
22.6400
23.1100
23.5800
24.0600
24.5300
25.0000
25.4600
25.9400
26.4100
26.8900
27.3500
27.8300
28.3000
28.7800
29.2400
29.7100
