# Academic Ground Truth from ballroom
# Track ID: Albums-Macumba-04
# Total Beats: 62
0.2800
0.7700
1.2500
1.7300
2.2200
2.7000
3.1900
3.6700
4.1500
4.6400
5.1200
5.6000
6.0900
6.5700
7.0600
7.5400
8.0300
8.5100
8.9900
9.4800
9.9600
10.4500
10.9300
11.4100
11.9000
12.3900
12.8600
13.3400
13.8300
14.3200
14.8000
15.2900
15.7700
16.2500
16.7400
17.2200
17.7100
18.1900
18.6700
19.1500
19.6400
20.1200
20.6100
21.0800
21.5700
22.0600
22.5400
23.0300
23.5100
23.9900
24.4700
24.9600
25.4500
25.9300
26.4200
26.9000
27.3800
27.8600
28.3500
28.8300
29.3200
29.8000
