# Academic Ground Truth from ballroom
# Track ID: Albums-Step_By_Step-06
# Total Beats: 64
0.3400
0.8000
1.2800
1.7600
2.2100
2.6800
3.2000
3.6600
4.1200
4.5700
5.0100
5.4700
5.9500
6.4000
6.8600
7.3100
7.8000
8.2700
8.7200
9.2000
9.6600
10.1100
10.6200
11.0900
11.5600
12.0100
12.4700
12.9500
13.4100
13.9300
14.3800
14.8500
15.3500
15.8200
16.2700
16.7300
17.1600
17.6200
18.1600
18.6400
19.0800
19.5500
20.0100
20.4800
20.9300
21.4000
21.9000
22.3800
22.8700
23.3200
23.7600
24.2300
24.6800
25.1600
25.6500
26.0900
26.5400
27.0200
27.5000
27.9300
28.4500
28.8900
29.3600
29.8000
