# Academic Ground Truth from ballroom
# Track ID: Albums-Chrisanne1-07
# Total Beats: 90
0.0200
0.3500
0.6840
1.0140
1.3520
1.6860
2.0120
2.3360
2.6670
2.9920
3.3200
3.6460
3.9680
4.2950
4.6180
4.9460
5.2780
5.6160
5.9460
6.2880
6.6320
6.9780
7.3270
7.6880
8.0480
8.4000
8.7570
9.1110
9.4520
9.7870
10.1220
10.4600
10.7880
11.1260
11.4600
11.7880
12.1200
12.4560
12.7820
13.1200
13.4580
13.7800
14.1140
14.4540
14.7800
15.1160
15.4600
15.7880
16.1180
16.4620
16.8000
17.1400
17.4860
17.8200
18.1560
18.4920
18.8270
19.1620
19.5000
19.8360
20.1700
20.5010
20.8330
21.1710
21.4980
21.8300
22.1600
22.4870
22.8130
23.1430
23.4710
23.7950
24.1210
24.4460
24.7780
25.1160
25.4600
25.8020
26.1460
26.4820
26.8080
27.1420
27.4800
27.8100
28.1420
28.4840
28.8170
29.1700
29.4600
29.8200
