# Academic Ground Truth from ballroom
# Track ID: Albums-Step_By_Step-09
# Total Beats: 89
0.4640
0.7870
1.1090
1.4290
1.7460
2.0680
2.3970
2.7330
3.0680
3.4040
3.7320
4.0580
4.3820
4.7080
5.0350
5.3640
5.6950
6.0290
6.3640
6.6970
7.0290
7.3610
7.6940
8.0300
8.3680
8.7060
9.0400
9.3720
9.7020
10.0340
10.3670
10.7020
11.0360
11.3700
11.7020
12.0340
12.3650
12.6970
13.0290
13.3620
13.6960
14.0290
14.3620
14.6940
15.0250
15.3550
15.6850
16.0170
16.3480
16.6810
17.0140
17.3500
17.6840
18.0180
18.3540
18.6900
19.0240
19.3580
19.6920
20.0250
20.3580
20.6920
21.0280
21.3620
21.6970
22.0320
22.3670
22.7000
23.0330
23.3630
23.6910
24.0180
24.3490
24.6810
25.0170
25.3530
25.6880
26.0220
26.3560
26.6900
27.0230
27.3580
27.6920
28.0280
28.3640
28.7000
29.0360
29.3720
29.7070
