# Academic Ground Truth from ballroom
# Track ID: Albums-Latino_Latino-04
# Total Beats: 58
0.4500
0.9700
1.5100
1.9700
2.4600
3.0300
3.5300
4.0600
4.5300
5.0700
5.6000
6.1100
6.6300
7.1600
7.6700
8.1700
8.7000
9.2100
9.7400
10.2300
10.7600
11.2700
11.7700
12.2800
12.8000
13.3000
13.8100
14.3100
14.8200
15.3500
15.8700
16.3400
16.8700
17.3700
17.8900
18.3900
18.8900
19.4000
19.9100
20.4200
20.9300
21.4400
21.9600
22.4700
22.9800
23.4800
24.0000
24.5200
25.0200
25.5700
26.0500
26.5500
27.0700
27.5900
28.0900
28.6000
29.1100
29.6500
