# Academic Ground Truth from ballroom
# Track ID: Albums-Ballroom_Classics4-07
# Total Beats: 64
0.4240
0.8830
1.3420
1.8140
2.2820
2.7430
3.2060
3.6770
4.1480
4.6190
5.0780
5.5360
5.9990
6.4600
6.9200
7.3880
7.8510
8.3220
8.7980
9.2720
9.7410
10.2130
10.6770
11.1460
11.6130
12.0800
12.5470
13.0190
13.4870
13.9560
14.4250
14.8930
15.3570
15.8270
16.2970
16.7660
17.2330
17.7050
18.1770
18.6520
19.1260
19.5990
20.0700
20.5450
21.0120
21.4800
21.9500
22.4190
22.8850
23.3500
23.8160
24.2860
24.7520
25.2160
25.6790
26.1470
26.6120
27.0790
27.5420
28.0090
28.4720
28.9370
29.4000
29.8730
