# Academic Ground Truth from ballroom
# Track ID: Albums-I_Like_It2-02
# Total Beats: 59
0.7800
1.2800
1.7800
2.2500
2.7500
3.2400
3.7300
4.2200
4.7300
5.2400
5.7500
6.2400
6.7300
7.2300
7.7400
8.2200
8.7200
9.2100
9.7300
10.1900
10.6800
11.1800
11.6900
12.1700
12.6800
13.1700
13.6900
14.1600
14.6600
15.1500
15.6500
16.1700
16.6600
17.1500
17.6500
18.1400
18.6200
19.1300
19.6300
20.1200
20.6200
21.1200
21.6100
22.1100
22.6000
23.0800
23.5900
24.0800
24.5800
25.0700
25.5900
26.0500
26.5600
27.0500
27.5700
28.0600
28.5500
29.0500
29.5600
