# Academic Ground Truth from ballroom
# Track ID: Albums-Chrisanne3-14
# Total Beats: 101
0.1000
0.3600
0.6600
0.9900
1.2800
1.5700
1.8400
2.1400
2.4200
2.7100
3.0100
3.3000
3.6000
3.8800
4.1700
4.4600
4.7600
5.0600
5.3600
5.6500
5.9600
6.2300
6.5200
6.8200
7.1100
7.4200
7.7200
8.0100
8.2900
8.5900
8.8700
9.1700
9.4700
9.8100
10.1100
10.3900
10.6700
10.9900
11.2700
11.5600
11.8600
12.1700
12.4600
12.7500
13.0600
13.3600
13.6500
13.9500
14.2600
14.5500
14.8500
15.1400
15.4600
15.7400
15.9900
16.3300
16.6200
16.9000
17.2000
17.5000
17.8200
18.1300
18.4500
18.7300
19.0700
19.3800
19.6800
19.9700
20.2800
20.5700
20.8700
21.1600
21.4500
21.7800
22.0900
22.3800
22.6900
22.9900
23.2900
23.6200
23.9200
24.2200
24.5200
24.8300
25.1400
25.4400
25.7500
26.0500
26.3600
26.6500
26.9500
27.2500
27.5400
27.8500
28.1600
28.4600
28.7500
29.0500
29.3400
29.6300
29.9400
