# Academic Ground Truth from ballroom
# Track ID: Albums-Ballroom_Classics4-12
# Total Beats: 86
0.3300
0.7100
1.0300
1.3700
1.7400
2.0700
2.4100
2.7400
3.1000
3.4500
3.7600
4.1100
4.4900
4.8500
5.2000
5.5400
5.8700
6.2300
6.5400
6.8700
7.2300
7.5500
7.8900
8.2500
8.6000
8.9400
9.2900
9.6300
9.9900
10.3200
10.6700
11.0200
11.3900
11.7200
12.0500
12.4000
12.7800
13.1100
13.4400
13.8100
14.1300
14.5200
14.8300
15.1800
15.5300
15.8700
16.2200
16.5700
16.9000
17.2200
17.5700
17.9500
18.2900
18.6500
18.9700
19.3300
19.6800
20.0500
20.3800
20.7300
21.0400
21.4100
21.7600
22.1100
22.4500
22.8100
23.1500
23.4900
23.8500
24.1900
24.5400
24.8600
25.1900
25.5300
25.8900
26.2400
26.5900
26.9600
27.3000
27.6400
27.9800
28.3200
28.6400
29.0000
29.3600
29.6900
