# Academic Ground Truth from ballroom
# Track ID: Albums-Latin_Jam-01
# Total Beats: 60
1.6800
2.1500
2.6200
3.1000
3.5500
4.0200
4.5000
4.9700
5.4400
5.9200
6.3900
6.8600
7.3400
7.8100
8.2900
8.7600
9.2300
9.7000
10.1800
10.6500
11.1300
11.6000
12.0800
12.5500
13.0200
13.5000
13.9700
14.4400
14.9100
15.3900
15.8600
16.3300
16.8100
17.2800
17.7600
18.2300
18.7000
19.1800
19.6500
20.1300
20.6000
21.0700
21.5500
22.0200
22.4900
22.9700
23.4400
23.9100
24.3800
24.8600
25.3400
25.8000
26.2900
26.7600
27.2300
27.7000
28.1800
28.6500
29.1300
29.6000
