# Academic Ground Truth from ballroom
# Track ID: Albums-Macumba-14
# Total Beats: 86
0.3900
0.7400
1.0900
1.4400
1.7900
2.1300
2.4800
2.8300
3.1800
3.5300
3.8800
4.2300
4.5800
4.9400
5.3000
5.6200
5.9800
6.3200
6.6700
7.0300
7.3600
7.7200
8.0600
8.4200
8.7600
9.1200
9.4600
9.8100
10.1600
10.5100
10.8500
11.2100
11.5500
11.9100
12.2600
12.6000
12.9500
13.3000
13.6400
14.0000
14.3500
14.6900
15.0500
15.3900
15.7300
16.0800
16.4200
16.7800
17.1300
17.4800
17.8300
18.1800
18.5300
18.8900
19.2300
19.5800
19.9300
20.2800
20.6300
20.9800
21.3200
21.6600
22.0000
22.3400
22.6800
23.0500
23.4100
23.7600
24.1100
24.4700
24.8100
25.1600
25.5100
25.8600
26.2100
26.5600
26.9000
27.2500
27.6000
27.9500
28.3000
28.6500
28.9900
29.3400
29.6800
30.0000
