# Academic Ground Truth from ballroom
# Track ID: Albums-Latin_Jam-12
# Total Beats: 88
0.1683
0.4789
0.7808
1.1100
1.4500
1.7800
2.1100
2.4700
2.8200
3.1700
3.5000
3.8500
4.1900
4.5300
4.8700
5.2200
5.5600
5.9000
6.2200
6.5800
6.9200
7.2600
7.6000
7.9600
8.2900
8.6300
8.9700
9.3100
9.6600
10.0000
10.3300
10.6800
11.0200
11.3600
11.7000
12.0500
12.3900
12.7400
13.0700
13.4200
13.7600
14.1000
14.4300
14.7800
15.1300
15.4700
15.8100
16.1500
16.4900
16.8300
17.1800
17.5200
17.8700
18.1900
18.5300
18.8800
19.2200
19.5700
19.9000
20.2500
20.5900
20.9300
21.2700
21.6600
21.9600
22.3000
22.6400
22.9800
23.3200
23.6600
24.0100
24.3800
24.6900
25.0300
25.3700
25.7200
26.0600
26.4000
26.7400
27.0800
27.4200
27.7700
28.1100
28.4500
28.7900
29.1300
29.4800
29.8200
