# Academic Ground Truth from ballroom
# Track ID: Albums-StrictlyDancing_Tango-14
# Total Beats: 64
0.1900
0.6600
1.1170
1.5830
2.0500
2.5230
2.9800
3.4570
3.9200
4.3900
4.8570
5.3400
5.8100
6.2800
6.7400
7.2100
7.6670
8.1270
8.5800
9.0430
9.5070
9.9700
10.4270
10.8930
11.3600
11.8370
12.3100
12.7800
13.2400
13.7090
14.1850
14.6720
15.1360
15.6100
16.0730
16.5430
16.9930
17.4530
17.9100
18.3770
18.8400
19.3100
19.7800
20.2530
20.7300
21.2130
21.6900
22.1600
22.6100
23.0700
23.5430
24.0270
24.5000
24.9600
25.4330
25.9030
26.3800
26.8470
27.3170
27.7800
28.2490
28.7102
29.1755
29.6408
