# Academic Ground Truth from ballroom
# Track ID: Albums-Ballroom_Magic-09
# Total Beats: 89
0.0500
0.4030
0.7410
1.0740
1.4080
1.7430
2.0910
2.4400
2.7770
3.1160
3.4620
3.8010
4.1300
4.4700
4.8170
5.1620
5.5140
5.8510
6.1770
6.5090
6.8460
7.1850
7.5180
7.8590
8.2000
8.5370
8.8820
9.2240
9.5610
9.9000
10.2430
10.5940
10.9380
11.2730
11.6140
11.9580
12.3030
12.6440
12.9710
13.3000
13.6370
13.9690
14.2960
14.6190
14.9600
15.3130
15.6680
16.0230
16.3580
16.6990
17.0460
17.3820
17.7170
18.0520
18.3810
18.7000
19.0400
19.3900
19.7230
20.0680
20.4190
20.7530
21.0980
21.4530
21.8040
22.1510
22.4770
22.8060
23.1450
23.4750
23.8120
24.1610
24.4970
24.8390
25.1930
25.5340
25.8780
26.2230
26.5540
26.8950
27.2420
27.5810
27.9200
28.2570
28.5960
28.9420
29.2810
29.6100
29.9400
