# Academic Ground Truth from ballroom
# Track ID: Albums-Step_By_Step-07
# Total Beats: 63
0.5689
1.0500
1.5200
1.9800
2.4600
2.9100
3.3600
3.8400
4.2900
4.7400
5.1800
5.6500
6.1300
6.5800
7.0500
7.5100
7.9900
8.4700
8.9300
9.4100
9.8800
10.3600
10.8100
11.2800
11.7500
12.2300
12.6800
13.1500
13.6300
14.0800
14.5800
15.0400
15.5200
16.0000
16.5000
16.9700
17.4400
17.8900
18.3500
18.8000
19.2800
19.7700
20.2200
20.6600
21.1300
21.6000
22.0800
22.5300
23.0000
23.4900
23.9900
24.4400
24.8900
25.3800
25.8400
26.3100
26.7800
27.2500
27.7300
28.2100
28.6600
29.1300
29.5900
