# Academic Ground Truth from ballroom
# Track ID: Albums-Step_By_Step-10
# Total Beats: 89
0.4000
0.7300
1.0530
1.3770
1.7030
2.0330
2.3530
2.6870
3.0230
3.3570
3.6830
4.0230
4.3630
4.7070
5.0300
5.3730
5.7130
6.0500
6.3770
6.7000
7.0330
7.3670
7.6970
8.0300
8.3630
8.6900
9.0170
9.3370
9.6770
10.0130
10.3630
10.6970
11.0330
11.3500
11.6900
12.0300
12.3800
12.7200
13.0570
13.4000
13.7300
14.0600
14.3800
14.7070
15.0470
15.3870
15.7400
16.0700
16.4070
16.7270
17.0530
17.3800
17.7130
18.0570
18.3970
18.7370
19.0670
19.3970
19.7270
20.0600
20.3970
20.7330
21.0700
21.4000
21.7300
22.0570
22.3930
22.7300
23.0630
23.3970
23.7270
24.0630
24.4000
24.7300
25.0600
25.3870
25.7270
26.0600
26.3900
26.7200
27.0530
27.3900
27.7270
28.0600
28.3900
28.7200
29.0470
29.3730
29.6900
