# Academic Ground Truth from ballroom
# Track ID: Albums-Chrisanne1-14
# Total Beats: 100
0.0840
0.3820
0.6810
0.9870
1.2970
1.6090
1.9090
2.2090
2.5130
2.8220
3.1350
3.4490
3.7660
4.0820
4.4000
4.7160
5.0280
5.3330
5.6270
5.9210
6.2170
6.5230
6.8330
7.1430
7.4470
7.7440
8.0410
8.3400
8.6420
8.9460
9.2550
9.5660
9.8720
10.1740
10.4790
10.7890
11.1000
11.4040
11.7000
11.9940
12.2910
12.5960
12.9050
13.2160
13.5200
13.8190
14.1140
14.4080
14.6980
14.9850
15.2750
15.5810
15.8830
16.1880
16.4810
16.7790
17.0770
17.3760
17.6730
17.9640
18.2540
18.5530
18.8600
19.1700
19.4690
19.7620
20.0490
20.3420
20.6310
20.9290
21.2240
21.5270
21.8230
22.1150
22.3980
22.6800
22.9630
23.2550
23.5580
23.8690
24.1780
24.4810
24.7780
25.0700
25.3570
25.6370
25.9150
26.1970
26.4920
26.7960
27.1040
27.4090
27.7140
28.0170
28.3200
28.6240
28.9310
29.2390
29.5430
29.8440
