# Academic Ground Truth from ballroom
# Track ID: Albums-Chrisanne3-06
# Total Beats: 64
0.2728
0.7401
1.2200
1.7100
2.1600
2.6400
3.1200
3.5800
4.0400
4.5100
4.9900
5.4500
5.9100
6.3700
6.8400
7.3200
7.8200
8.2700
8.7500
9.2200
9.6800
10.1500
10.6200
11.1000
11.5800
12.0200
12.4500
12.9400
13.4100
13.8800
14.3400
14.8000
15.2600
15.7100
16.1700
16.6500
17.1100
17.5800
18.0500
18.5500
19.0000
19.4600
19.9200
20.4100
20.8800
21.3700
21.8600
22.3200
22.7800
23.2600
23.7200
24.2200
24.6700
25.1200
25.6100
26.0800
26.5600
27.0400
27.5200
28.0000
28.4600
28.9700
29.4200
29.8900
