# Academic Ground Truth from ballroom
# Track ID: Albums-Latin_Jam-04
# Total Beats: 64
0.0500
0.5200
0.9900
1.4500
1.9200
2.3900
2.8600
3.3400
3.8100
4.2800
4.7400
5.2100
5.7000
6.1500
6.6200
7.0900
7.5600
8.0400
8.5100
8.9700
9.4400
9.9200
10.3900
10.8400
11.3200
11.8000
12.2700
12.7300
13.2100
13.6700
14.1500
14.6000
15.0800
15.5600
16.0200
16.4900
16.9600
17.4300
17.9100
18.3600
18.8400
19.3100
19.7800
20.2500
20.7200
21.1900
21.6600
22.1300
22.5900
23.0700
23.5400
24.0100
24.4800
24.9500
25.4200
25.8800
26.3600
26.8300
27.3000
27.7700
28.2400
28.7100
29.1800
29.6500
