# Academic Ground Truth from ballroom
# Track ID: Albums-Chrisanne2-07
# Total Beats: 87
0.0600
0.4200
0.7700
1.1300
1.4800
1.8400
2.1700
2.5300
2.8800
3.2100
3.5500
3.9000
4.2300
4.5600
4.9000
5.2600
5.6100
5.9500
6.2800
6.6000
6.9700
7.3100
7.6400
8.0200
8.3400
8.7000
9.0400
9.3700
9.7200
10.1000
10.4300
10.7900
11.1300
11.4600
11.8300
12.1800
12.5200
12.8500
13.2100
13.5500
13.9000
14.2400
14.5700
14.9200
15.2500
15.6100
15.9400
16.3000
16.6400
16.9900
17.3200
17.6600
18.0300
18.3500
18.7000
19.0500
19.4100
19.7400
20.0700
20.4200
20.7700
21.1200
21.5000
21.8300
22.1800
22.5200
22.8700
23.1800
23.5300
23.8600
24.2100
24.5700
24.9200
25.2700
25.6400
25.9600
26.3200
26.6700
27.0100
27.3600
27.7000
28.0400
28.3800
28.7400
29.0800
29.4400
29.7600
