# Academic Ground Truth from ballroom
# Track ID: Albums-StrictlyDancing_Tango-15
# Total Beats: 65
0.5900
1.0300
1.4800
1.9700
2.4200
2.8700
3.3000
3.7600
4.2000
4.6900
5.1300
5.6300
6.1100
6.5700
7.0400
7.5000
7.9700
8.4400
8.9300
9.4100
9.8600
10.3300
10.8100
11.2800
11.7500
12.2100
12.6600
13.1300
13.5800
14.0200
14.5000
14.9600
15.4000
15.8600
16.3100
16.7600
17.2100
17.6500
18.1100
18.5900
19.0400
19.4900
19.9300
20.4000
20.8400
21.3100
21.7900
22.2100
22.6700
23.1100
23.5900
24.0400
24.4700
24.9100
25.3700
25.8300
26.2800
26.7500
27.1900
27.6400
28.0900
28.5100
28.9800
29.4600
29.9100
