# Academic Ground Truth from ballroom
# Track ID: Albums-Chrisanne2-04
# Total Beats: 66
0.5500
1.0100
1.4800
1.9200
2.3600
2.8200
3.2600
3.7300
4.1600
4.6100
5.0600
5.5300
5.9500
6.4100
6.8700
7.3000
7.7300
8.1900
8.6400
9.0700
9.5200
9.9800
10.4400
10.8900
11.3500
11.8200
12.2500
12.7000
13.1300
13.5800
14.0300
14.4600
14.8800
15.3300
15.7700
16.2100
16.6400
17.0900
17.5400
17.9800
18.4200
18.8600
19.3100
19.7700
20.2200
20.7100
21.1600
21.6100
22.0300
22.4900
22.9500
23.4000
23.8500
24.2900
24.7700
25.2200
25.6900
26.1000
26.5500
26.9900
27.4300
27.8800
28.3200
28.7500
29.2100
29.6400
