# Academic Ground Truth from ballroom
# Track ID: Albums-Latin_Jam3-02
# Total Beats: 63
0.1000
0.5800
1.0700
1.5400
2.0100
2.5200
2.9800
3.4900
3.9500
4.4100
4.9100
5.3900
5.8800
6.3500
6.8500
7.3300
7.8100
8.3000
8.8000
9.2600
9.7500
10.2400
10.7200
11.2100
11.7000
12.1800
12.6600
13.1500
13.6400
14.1200
14.6000
15.0800
15.5700
16.0500
16.5400
17.0200
17.5100
17.9800
18.4600
18.9500
19.4400
19.9200
20.4100
20.8900
21.3700
21.8600
22.3400
22.8100
23.3100
23.7900
24.2800
24.7600
25.2400
25.7200
26.2100
26.6900
27.1700
27.6600
28.1500
28.6200
29.1100
29.5900
30.0000
