# Academic Ground Truth from ballroom
# Track ID: Albums-Step_By_Step-18
# Total Beats: 102
0.3300
0.6370
0.9400
1.2330
1.5290
1.8160
2.1120
2.4100
2.7180
3.0140
3.3040
3.5920
3.8830
4.1800
4.4680
4.7590
5.0590
5.3640
5.6650
5.9580
6.2490
6.5440
6.8440
7.1370
7.4300
7.7170
8.0230
8.3110
8.6120
8.8980
9.2000
9.4830
9.7730
10.0670
10.3770
10.6730
10.9700
11.2530
11.5570
11.8570
12.1570
12.4400
12.7370
13.0330
13.3330
13.6170
13.9030
14.1930
14.4870
14.7800
15.0750
15.3720
15.6680
15.9630
16.2660
16.5670
16.8640
17.1480
17.4370
17.7300
18.0270
18.3170
18.6100
18.9000
19.2030
19.4970
19.8000
20.0930
20.3930
20.6830
20.9830
21.2830
21.5770
21.8570
22.1400
22.4300
22.7270
23.0170
23.3170
23.6130
23.9130
24.2030
24.4990
24.7860
25.0830
25.3830
25.6830
25.9820
26.2630
26.5450
26.8300
27.1250
27.4250
27.7250
28.0300
28.3270
28.6170
28.8970
29.1900
29.4800
29.7730
30.0600
