# Academic Ground Truth from ballroom
# Track ID: Albums-Latin_Jam5-09
# Total Beats: 88
0.0900
0.4400
0.7800
1.1200
1.4600
1.8000
2.1400
2.4800
2.8300
3.1700
3.5100
3.8500
4.1900
4.5300
4.8700
5.2200
5.5600
5.9000
6.2500
6.5800
6.9300
7.2700
7.6100
7.9500
8.2900
8.6300
8.9800
9.3200
9.6600
10.0000
10.3500
10.6800
11.0300
11.3700
11.7100
12.0500
12.3900
12.7400
13.0800
13.4200
13.7600
14.1000
14.4400
14.7900
15.1300
15.4700
15.8100
16.1500
16.4900
16.8300
17.1800
17.5200
17.8600
18.2000
18.5400
18.8800
19.2300
19.5700
19.9100
20.2500
20.5900
20.9300
21.2800
21.6200
21.9600
22.3000
22.6400
22.9800
23.3300
23.6700
24.0100
24.3500
24.6900
25.0400
25.3800
25.7200
26.0600
26.4000
26.7400
27.0900
27.4300
27.7700
28.1100
28.4500
28.8000
29.1300
29.4800
29.8200
