# Academic Ground Truth from ballroom
# Track ID: Albums-Latin_Jam3-11
# Total Beats: 88
0.1000
0.4400
0.7800
1.1200
1.4600
1.8000
2.1500
2.4900
2.8300
3.1700
3.5100
3.8500
4.1900
4.5300
4.8700
5.2100
5.5500
5.8900
6.2300
6.5700
6.9200
7.2500
7.6000
7.9400
8.2800
8.6200
8.9600
9.3000
9.6400
9.9800
10.3200
10.6800
11.0200
11.3700
11.7100
12.0300
12.3600
12.7100
13.0500
13.3900
13.7300
14.0700
14.4100
14.7500
15.1000
15.4300
15.7700
16.1100
16.4600
16.7900
17.1300
17.4800
17.8200
18.1600
18.5000
18.8400
19.1800
19.5200
19.8600
20.2000
20.5500
20.8800
21.2300
21.5700
21.9100
22.2500
22.5900
22.9300
23.2700
23.6100
23.9500
24.2900
24.6300
24.9700
25.3100
25.6500
25.9900
26.3400
26.6800
27.0200
27.3600
27.7000
28.0500
28.3800
28.7200
29.0600
29.4000
29.7400
