# Academic Ground Truth from ballroom
# Track ID: Albums-Chrisanne1-06
# Total Beats: 64
0.0700
0.5300
1.0000
1.4800
1.9500
2.4300
2.9000
3.3700
3.8300
4.3300
4.7900
5.2600
5.7300
6.1900
6.6800
7.1400
7.6100
8.1000
8.5700
9.0300
9.4800
9.9100
10.4000
10.8600
11.3400
11.8000
12.3000
12.8100
13.2600
13.7300
14.2000
14.6800
15.1600
15.6400
16.1000
16.5600
17.0200
17.4600
17.9200
18.4000
18.8500
19.2800
19.7300
20.2400
20.7600
21.2300
21.7000
22.1800
22.6400
23.1200
23.5800
24.0400
24.4900
24.9800
25.4500
25.8800
26.3600
26.8400
27.2900
27.7300
28.2500
28.7300
29.2100
29.7000
