# Academic Ground Truth from ballroom
# Track ID: Albums-StrictlyDancing_Tango-13
# Total Beats: 61
0.1700
0.7000
1.1700
1.6400
2.2000
2.7000
3.2000
3.7100
4.2100
4.6900
5.1800
5.6700
6.1800
6.6700
7.1700
7.6600
8.1600
8.6400
9.1500
9.6400
10.1500
10.6300
11.1300
11.6200
12.1000
12.5800
13.0800
13.5800
14.0700
14.5600
15.0400
15.5200
16.0200
16.5000
16.9900
17.4800
17.9700
18.4700
18.9700
19.4600
19.9500
20.4300
20.9200
21.4000
21.9000
22.3800
22.8700
23.3700
23.8500
24.3300
24.8300
25.3100
25.8100
26.3000
26.7900
27.2700
27.7600
28.2200
28.7100
29.2100
29.7000
