# Academic Ground Truth from ballroom
# Track ID: Albums-StrictlyDancing_Tango-04
# Total Beats: 59
0.4100
0.9170
1.4170
1.9130
2.4070
2.9000
3.3900
3.8800
4.3700
4.8600
5.3500
5.8400
6.3300
6.8230
7.3230
7.8330
8.3500
8.8630
9.3570
9.8670
10.3800
10.9070
11.3930
11.8930
12.4030
12.9300
13.4430
13.9500
14.4530
14.9500
15.4500
15.9570
16.4700
16.9770
17.4770
17.9830
18.4870
19.0000
19.5100
20.0230
20.5330
21.0400
21.5500
22.0570
22.5600
23.0600
23.5630
24.0730
24.5870
25.0930
25.6030
26.1100
26.6200
27.1200
27.6100
28.1170
28.6230
29.1430
29.6470
