# Academic Ground Truth from ballroom
# Track ID: Albums-Latino_Latino-09
# Total Beats: 69
0.5400
0.9570
1.3670
1.7770
2.2040
2.6360
3.0730
3.5020
3.9400
4.3800
4.8100
5.2400
5.6500
6.0700
6.4830
6.9170
7.3500
7.7770
8.1970
8.6130
9.0370
9.4630
9.8830
10.2970
10.7170
11.1370
11.5600
11.9870
12.4230
12.8570
13.2830
13.7030
14.1330
14.5570
14.9870
15.4100
15.8370
16.2630
16.6970
17.1270
17.5530
17.9900
18.4300
18.8700
19.3000
19.7300
20.1600
20.5930
21.0270
21.4600
21.8930
22.3300
22.7700
23.1970
23.6200
24.0430
24.4670
24.8900
25.3100
25.7430
26.1730
26.6030
27.0300
27.4630
27.8900
28.3230
28.7470
29.1770
29.5970
