# Academic Ground Truth from ballroom
# Track ID: Albums-Chrisanne2-12
# Total Beats: 102
0.2000
0.4900
0.7900
1.0700
1.3400
1.6400
1.9300
2.2300
2.5100
2.8000
3.0800
3.3600
3.6200
3.9000
4.1800
4.4700
4.7700
5.0800
5.3700
5.6600
5.9500
6.2400
6.5200
6.8200
7.1200
7.4200
7.7200
8.0100
8.3000
8.6000
8.8900
9.2000
9.4900
9.7700
10.0700
10.3600
10.6600
10.9500
11.2500
11.5500
11.8400
12.1400
12.4400
12.7500
13.0500
13.3300
13.6000
13.8900
14.1900
14.4900
14.7900
15.0900
15.3800
15.6800
15.9700
16.2600
16.5600
16.8600
17.1500
17.4400
17.7400
18.0300
18.3200
18.6200
18.9200
19.2100
19.4900
19.8000
20.0900
20.3900
20.6700
20.9600
21.2600
21.5600
21.8500
22.1500
22.4300
22.7300
23.0200
23.3200
23.6200
23.9200
24.2100
24.5000
24.8100
25.1100
25.4100
25.7000
26.0000
26.2900
26.5700
26.8600
27.1600
27.4600
27.7600
28.0400
28.3400
28.6300
28.9300
29.2200
29.5100
29.8100
