# Academic Ground Truth from ballroom
# Track ID: Albums-Pais_Tropical-05
# Total Beats: 59
1.5600
2.0400
2.5200
3.0100
3.5000
3.9800
4.4600
4.9500
5.4400
5.9200
6.4000
6.8900
7.3700
7.8600
8.3500
8.8300
9.3200
9.8000
10.2900
10.7700
11.2500
11.7400
12.2200
12.7100
13.1900
13.6800
14.1600
14.6500
15.1400
15.6200
16.1100
16.5900
17.0800
17.5600
18.0500
18.5300
19.0100
19.5000
19.9900
20.4700
20.9500
21.4400
21.9300
22.4100
22.8900
23.3700
23.8600
24.3500
24.8300
25.3200
25.8100
26.2900
26.7700
27.2500
27.7500
28.2300
28.7200
29.2000
29.6900
