# Academic Ground Truth from ballroom
# Track ID: Albums-Latin_Jam4-10
# Total Beats: 88
0.0700
0.4200
0.7600
1.0900
1.4400
1.7800
2.1200
2.4500
2.8000
3.1500
3.4900
3.8200
4.1700
4.4900
4.8500
5.1800
5.5400
5.8900
6.2300
6.5600
6.9100
7.2500
7.5900
7.9200
8.2700
8.6000
8.9600
9.2800
9.6400
9.9900
10.3200
10.6700
11.0100
11.3500
11.6900
12.0300
12.3800
12.7200
13.0600
13.3900
13.7500
14.0700
14.4200
14.7500
15.1100
15.4500
15.7900
16.1300
16.4700
16.8200
17.1600
17.5000
17.8400
18.1900
18.5300
18.8600
19.2100
19.5400
19.9000
20.2200
20.5700
20.9200
21.2600
21.6000
21.9500
22.2900
22.6300
22.9700
23.3100
23.6500
23.9900
24.3300
24.6700
25.0200
25.3600
25.7000
26.0500
26.3800
26.7300
27.0700
27.4200
27.7500
28.1000
28.4300
28.7800
29.1200
29.4600
29.8000
