# Academic Ground Truth from ballroom
# Track ID: Albums-Latin_Jam2-06
# Total Beats: 64
0.0700
0.5400
1.0000
1.4700
1.9500
2.4100
2.8800
3.3500
3.8200
4.2900
4.7600
5.2300
5.7000
6.1700
6.6400
7.1100
7.5800
8.0600
8.5300
9.0000
9.4700
9.9400
10.4000
10.8700
11.3400
11.8100
12.2800
12.7500
13.2300
13.6900
14.1600
14.6300
15.1000
15.5700
16.0400
16.5100
16.9800
17.4500
17.9200
18.3900
18.8600
19.3400
19.8000
20.2700
20.7400
21.2100
21.6800
22.1500
22.6200
23.0900
23.5700
24.0300
24.5100
24.9700
25.4400
25.9100
26.3800
26.8500
27.3200
27.7900
28.2600
28.7200
29.2000
29.6700
