# Academic Ground Truth from ballroom
# Track ID: Albums-Ballroom_Magic-07
# Total Beats: 64
0.3370
0.7870
1.2420
1.7090
2.1680
2.6370
3.1140
3.5860
4.0550
4.5230
4.9850
5.4410
5.9110
6.3770
6.8460
7.3140
7.7940
8.2640
8.7360
9.2060
9.6820
10.1480
10.6180
11.0800
11.5580
12.0240
12.4960
12.9660
13.4460
13.9080
14.3780
14.8440
15.3160
15.7820
16.2520
16.7180
17.1900
17.6560
18.1260
18.5900
19.0700
19.5400
20.0120
20.4820
20.9540
21.4140
21.8820
22.3460
22.8080
23.2760
23.7420
24.2060
24.6740
25.1440
25.6120
26.0820
26.5520
27.0240
27.4960
27.9660
28.4360
28.9100
29.3820
29.8520
