# Academic Ground Truth from ballroom
# Track ID: Albums-StrictlyDancing_Tango-03
# Total Beats: 56
1.0700
1.6300
2.1800
2.7100
3.2300
3.7400
4.2600
4.7900
5.3300
5.8500
6.3700
6.8900
7.4200
7.9400
8.4600
8.9900
9.5100
10.0100
10.5300
11.0400
11.5600
12.0800
12.5900
13.1000
13.6200
14.1200
14.6700
15.2100
15.7300
16.2500
16.7600
17.2800
17.8100
18.3000
18.8400
19.3500
19.8700
20.4000
20.9000
21.4300
21.9400
22.4600
22.9700
23.5000
24.0200
24.5300
25.0700
25.5800
26.1000
26.6100
27.1400
27.6500
28.1700
28.6900
29.2100
29.7400
