# Academic Ground Truth from ballroom
# Track ID: Albums-Latin_Jam-11
# Total Beats: 89
0.0500
0.3800
0.7200
1.0630
1.4130
1.7600
2.1070
2.4500
2.7900
3.1300
3.4700
3.8100
4.1530
4.4900
4.8300
5.1700
5.5200
5.8630
6.2030
6.5400
6.8830
7.2300
7.5700
7.9100
8.2500
8.6000
8.9430
9.2800
9.6170
9.9530
10.2830
10.6170
10.9600
11.3130
11.6630
12.0070
12.3500
12.6900
13.0300
13.3700
13.7130
14.0570
14.4000
14.7400
15.0800
15.4200
15.7600
16.1000
16.4430
16.7870
17.1300
17.4700
17.8130
18.1570
18.5000
18.8400
19.1800
19.5200
19.8630
20.2070
20.5500
20.8900
21.2300
21.5700
21.9130
22.2570
22.6000
22.9400
23.2800
23.6200
23.9630
24.3070
24.6530
24.9930
25.3330
25.6700
26.0130
26.3570
26.7000
27.0400
27.3800
27.7200
28.0630
28.4070
28.7500
29.0900
29.4300
29.7800
30.1400
