# Academic Ground Truth from ballroom
# Track ID: Albums-AnaBelen_Veneo-13
# Total Beats: 63
1.6100
2.0700
2.5200
2.9700
3.4200
3.8700
4.3300
4.7800
5.2477
5.6889
6.1100
6.5800
7.0400
7.4800
7.9400
8.3900
8.8500
9.2900
9.7300
10.2000
10.6500
11.1100
11.5600
12.0100
12.4700
12.9200
13.3700
13.8200
14.2700
14.7300
15.1800
15.6300
16.0800
16.5400
16.9900
17.4400
17.8800
18.3500
18.7900
19.2400
19.6800
20.1500
20.6100
21.0700
21.5000
21.9600
22.4200
22.8700
23.3200
23.7700
24.2300
24.6800
25.1200
25.5800
26.0300
26.4900
26.9400
27.3900
27.8400
28.2900
28.7400
29.1900
29.6500
