# Academic Ground Truth from ballroom
# Track ID: Albums-Latin_Jam4-05
# Total Beats: 87
0.4880
0.8500
1.2020
1.5330
1.8710
2.2140
2.5700
2.9150
3.2540
3.5850
3.9150
4.2500
4.5900
4.9330
5.2770
5.6200
5.9600
6.3000
6.6400
6.9800
7.3230
7.6670
8.0100
8.3500
8.6900
9.0300
9.3730
9.7170
10.0600
10.4030
10.7470
11.0900
11.4300
11.7700
12.1100
12.4530
12.7930
13.1370
13.4770
13.8200
14.1600
14.5000
14.8430
15.1870
15.5300
15.8730
16.2130
16.5570
16.8970
17.2400
17.5800
17.9200
18.2600
18.6000
18.9430
19.2870
19.6300
19.9700
20.3100
20.6500
20.9900
21.3330
21.6770
22.0200
22.3600
22.7000
23.0400
23.3830
23.7270
24.0700
24.4100
24.7500
25.0900
25.4330
25.7770
26.1200
26.4600
26.8000
27.1400
27.4830
27.8270
28.1700
28.5100
28.8530
29.1970
29.5400
29.8800
