# Academic Ground Truth from ballroom
# Track ID: Albums-Latin_Jam2-13
# Total Beats: 63
0.2500
0.7300
1.2000
1.6800
2.1000
2.5700
3.0500
3.5200
4.0000
4.4700
4.9400
5.4100
5.8900
6.3600
6.8300
7.3100
7.7800
8.2500
8.7300
9.2000
9.6700
10.1500
10.6200
11.1000
11.5700
12.0400
12.5200
12.9900
13.4600
13.9400
14.4100
14.8800
15.3600
15.8300
16.3000
16.7800
17.2500
17.7200
18.2000
18.6700
19.1500
19.6200
20.0900
20.5600
21.0400
21.5100
21.9800
22.4600
22.9300
23.4000
23.8800
24.3500
24.8300
25.3000
25.7700
26.2500
26.7200
27.1900
27.6700
28.1400
28.6100
29.0900
29.5600
