# Academic Ground Truth from ballroom
# Track ID: Albums-Latino_Latino-05
# Total Beats: 55
0.5400
1.0970
1.6530
2.2000
2.7500
3.3000
3.8470
4.3830
4.9070
5.4300
5.9770
6.5170
7.0670
7.6070
8.1530
8.6870
9.2200
9.7530
10.2870
10.8200
11.3530
11.8970
12.4400
12.9700
13.5130
14.0500
14.6030
15.1430
15.6830
16.2200
16.7500
17.3230
17.8970
18.4700
19.0000
19.5370
20.0700
20.6070
21.1300
21.6630
22.1870
22.7170
23.2300
23.7570
24.2900
24.8370
25.3770
25.9130
26.4430
26.9730
27.5000
28.0470
28.5830
29.1200
29.6400
