# Academic Ground Truth from ballroom
# Track ID: Albums-Latin_Jam4-01
# Total Beats: 60
1.1100
1.5800
2.0600
2.5700
3.0500
3.5400
4.0200
4.5100
4.9900
5.4800
5.9600
6.4400
6.9400
7.4200
7.9000
8.3900
8.8800
9.3600
9.8400
10.3300
10.8100
11.3000
11.7800
12.2700
12.7600
13.2400
13.7200
14.2100
14.6900
15.1800
15.6600
16.1500
16.6300
17.0900
17.5800
18.0900
18.5700
19.0600
19.5400
20.0300
20.5100
21.0000
21.4800
21.9700
22.4500
22.9400
23.4200
23.9100
24.3900
24.8800
25.3500
25.8500
26.3300
26.8200
27.3000
27.7900
28.2700
28.7600
29.2400
29.7300
