# Academic Ground Truth from ballroom
# Track ID: Albums-Latin_Jam-07
# Total Beats: 60
1.2100
1.6900
2.1800
2.6600
3.1500
3.6300
4.1200
4.6000
5.0900
5.5700
6.0600
6.5400
7.0300
7.5100
8.0000
8.4800
8.9700
9.4500
9.9400
10.4200
10.9100
11.3900
11.8800
12.3600
12.8500
13.3300
13.8200
14.3000
14.7900
15.2700
15.7600
16.2400
16.7300
17.2100
17.7000
18.1800
18.6700
19.1500
19.6400
20.1200
20.6100
21.0900
21.5800
22.0600
22.5500
23.0300
23.5200
24.0000
24.4900
24.9700
25.4600
25.9400
26.4300
26.9100
27.4000
27.8800
28.3700
28.8500
29.3400
29.8200
