# Academic Ground Truth from ballroom
# Track ID: Media-105707
# Total Beats: 63
0.6800
1.1500
1.6200
2.0900
2.5600
3.0500
3.4900
3.9700
4.4500
4.9000
5.3700
5.8400
6.3100
6.7700
7.2400
7.7100
8.1800
8.6500
9.1300
9.5900
10.0700
10.5300
11.0000
11.4700
11.9400
12.4100
12.8800
13.3400
13.8200
14.2800
14.7500
15.2300
15.6900
16.1600
16.6300
17.0900
17.5700
18.0200
18.5000
18.9700
19.4500
19.9100
20.3700
20.8400
21.3100
21.7800
22.2600
22.7200
23.1900
23.6600
24.1400
24.5900
25.0900
25.5200
26.0200
26.4300
26.9300
27.4100
27.8600
28.3167
28.8000
29.3200
29.7700
