# Academic Ground Truth from ballroom
# Track ID: Media-105306
# Total Beats: 63
0.0200
0.5200
1.0700
1.5500
2.0500
2.5500
3.0500
3.5200
4.0300
4.5300
5.0300
5.5400
6.0400
6.5500
7.0500
7.5600
8.0700
8.5300
9.0100
9.4800
9.9700
10.4200
10.8800
11.3400
11.8400
12.2900
12.7600
13.2300
13.7100
14.1700
14.6400
15.1000
15.5800
16.0300
16.4900
16.9400
17.4200
17.8700
18.3300
18.7900
19.2600
19.7100
20.2100
20.6800
21.1400
21.6100
22.1000
22.5800
23.0800
23.5500
24.0100
24.4700
24.9600
25.4400
25.8900
26.3400
26.8300
27.2700
27.7400
28.1900
28.6800
29.1200
29.5900
