# Academic Ground Truth from ballroom
# Track ID: Media-103507
# Total Beats: 61
0.5700
1.0700
1.5800
2.0800
2.5800
3.0800
3.5800
4.0500
4.5600
5.0400
5.5500
6.0400
6.5400
7.0300
7.5300
8.0100
8.5200
9.0100
9.5100
9.9900
10.4900
10.9800
11.4800
11.9700
12.4600
12.9500
13.4300
13.9100
14.4000
14.8800
15.3700
15.8400
16.3000
16.8000
17.3000
17.7800
18.2700
18.7700
19.2500
19.7300
20.2200
20.7200
21.2000
21.7000
22.1900
22.6800
23.1700
23.6500
24.1300
24.6200
25.1200
25.6000
26.1000
26.5800
27.0700
27.5500
28.0400
28.4900
29.0200
29.5200
30.0000
