# Academic Ground Truth from ballroom
# Track ID: Media-104418
# Total Beats: 103
0.0700
0.3600
0.6500
0.9430
1.2300
1.5230
1.8270
2.1230
2.4200
2.7030
2.9970
3.2870
3.5800
3.8730
4.1600
4.4470
4.7330
5.0300
5.3270
5.6200
5.9070
6.1970
6.4830
6.7770
7.0700
7.3670
7.6630
7.9530
8.2400
8.5330
8.8330
9.1400
9.4430
9.7430
10.0370
10.3230
10.6100
10.9070
11.2000
11.4970
11.7900
12.0830
12.3630
12.6500
12.9400
13.2400
13.5330
13.8230
14.1130
14.3970
14.6830
14.9730
15.2700
15.5670
15.8530
16.1370
16.4200
16.7070
16.9970
17.2870
17.5830
17.8770
18.1670
18.4570
18.7500
19.0430
19.3330
19.6200
19.9100
20.2000
20.5000
20.7870
21.0730
21.3470
21.6330
21.9200
22.2070
22.4870
22.7670
23.0570
23.3470
23.6430
23.9270
24.2070
24.4900
24.7900
25.1030
25.4100
25.7030
25.9900
26.2800
26.5700
26.8630
27.1530
27.4500
27.7500
28.0430
28.3300
28.6100
28.8930
29.1730
29.4670
29.7700
