# Academic Ground Truth from ballroom
# Track ID: Media-105111
# Total Beats: 89
0.0300
0.3500
0.6700
0.9900
1.3100
1.6300
1.9500
2.2700
2.5900
2.9100
3.2300
3.5500
3.8700
4.1900
4.5100
4.8300
5.1500
5.4700
5.7900
6.1100
6.4300
6.7500
7.1000
7.4200
7.7700
8.1600
8.5100
8.8200
9.1700
9.5300
9.8400
10.2300
10.5700
10.9400
11.2600
11.5700
11.9300
12.2500
12.6200
12.9900
13.3500
13.7200
14.0300
14.4000
14.7700
15.1100
15.4400
15.7700
16.1500
16.5200
16.8600
17.1600
17.5200
17.8800
18.2000
18.5500
18.8900
19.2100
19.5600
19.8900
20.2100
20.5600
20.9200
21.2300
21.5900
21.9400
22.2500
22.6000
22.9400
23.2500
23.6300
23.9400
24.2600
24.6200
24.9400
25.2800
25.6400
25.9800
26.3400
26.6800
27.0000
27.3300
27.6800
28.0100
28.3700
28.7300
29.0600
29.3700
29.7300
