# Academic Ground Truth from ballroom
# Track ID: Media-104915
# Total Beats: 85
5.1500
5.4670
5.7630
6.0600
6.3470
6.6470
6.9530
7.2600
7.5630
7.8570
8.1470
8.4330
8.7270
9.0200
9.3130
9.6070
9.9030
10.2000
10.5000
10.7930
11.0870
11.3830
11.6770
11.9700
12.2600
12.5530
12.8500
13.1370
13.4300
13.7270
14.0200
14.3170
14.5970
14.8870
15.1630
15.4600
15.7530
16.0630
16.3600
16.6600
16.9400
17.2370
17.5300
17.8370
18.1330
18.4300
18.7200
19.0100
19.3000
19.5970
19.8900
20.1900
20.4870
20.7830
21.0670
21.3530
21.6430
21.9370
22.2270
22.5130
22.8070
23.1030
23.3970
23.6930
23.9830
24.2800
24.5670
24.8670
25.1630
25.4630
25.7570
26.0500
26.3330
26.6270
26.9230
27.2300
27.5300
27.8300
28.1330
28.4330
28.7300
29.0230
29.3170
29.6130
29.9130
