# Academic Ground Truth from ballroom
# Track ID: Media-103610
# Total Beats: 56
0.2100
0.7820
1.3540
1.9260
2.5000
3.0720
3.6420
4.2140
4.7780
5.3500
5.9220
6.4960
7.0720
7.6540
8.2240
8.7960
9.3660
9.9340
10.5040
11.0780
11.6520
12.2260
12.7980
13.3700
13.9420
14.5120
15.0840
15.6560
16.2300
16.8020
17.3740
17.9460
18.5160
19.0880
19.6600
20.2320
20.8060
21.3820
21.9520
22.5240
23.0980
23.6680
24.2400
24.8140
25.3860
25.9540
26.5280
27.1000
27.6600
28.2320
28.8000
29.3620
29.9240
30.4900
31.0600
31.6200
