# Academic Ground Truth from ballroom
# Track ID: Media-103604
# Total Beats: 63
0.0500
0.5500
1.0300
1.4900
1.9800
2.4600
2.9500
3.4100
3.9000
4.3800
4.8600
5.3500
5.8300
6.3100
6.7900
7.2700
7.7500
8.2300
8.7100
9.1900
9.6700
10.1400
10.6300
11.1100
11.5900
12.0700
12.5600
13.0400
13.5100
13.9900
14.4800
14.9600
15.4500
15.9100
16.4000
16.8700
17.3500
17.8300
18.3200
18.8000
19.2800
19.7600
20.2400
20.7100
21.1900
21.6900
22.1500
22.6400
23.1300
23.6100
24.0800
24.5700
25.0500
25.5300
26.0100
26.4800
26.9600
27.4500
27.9300
28.4300
28.9000
29.3800
29.8700
