# Academic Ground Truth from ballroom
# Track ID: Media-103403
# Total Beats: 61
0.0600
0.5400
1.0000
1.5100
1.9900
2.5000
2.9600
3.4400
3.9200
4.4100
4.8900
5.3800
5.8600
6.3500
6.8300
7.3100
7.8000
8.3000
8.7700
9.2500
9.7300
10.2200
10.7000
11.1900
11.6700
12.1600
12.6400
13.1200
13.6100
14.0900
14.5700
15.0500
15.5400
16.0200
16.5100
16.9900
17.4800
17.9600
18.4500
18.9200
19.4200
19.9000
20.3800
20.8600
21.3500
21.8300
22.3100
22.8000
23.2800
23.7700
24.2500
24.7400
25.2200
25.7100
26.2000
26.6800
27.1600
27.6400
28.1200
28.6100
29.0800
