# Academic Ground Truth from ballroom
# Track ID: Media-103819
# Total Beats: 66
0.0500
0.4900
0.9600
1.4200
1.8800
2.3200
2.7900
3.2300
3.7000
4.1300
4.6100
5.0600
5.5200
5.9700
6.4300
6.8800
7.3400
7.7900
8.2500
8.6900
9.1300
9.6100
10.0900
10.5200
10.9900
11.4200
11.9000
12.3400
12.8100
13.2500
13.7100
14.1600
14.6200
15.0700
15.5300
15.9900
16.4500
16.9100
17.3700
17.8000
18.2600
18.7100
19.1900
19.6300
20.0800
20.5300
20.9900
21.4500
21.8800
22.3600
22.8000
23.2800
23.7400
24.1700
24.6400
25.1100
25.5600
26.0100
26.4700
26.9100
27.3800
27.8200
28.2900
28.7300
29.1900
29.6300
