# Academic Ground Truth from ballroom
# Track ID: Media-105706
# Total Beats: 63
0.4800
0.9600
1.4400
1.9270
2.4000
2.8700
3.3330
3.7930
4.2470
4.7070
5.1770
5.6500
6.1130
6.5830
7.0530
7.5270
7.9800
8.4530
8.9270
9.4130
9.8800
10.3430
10.8130
11.2770
11.7500
12.2130
12.6900
13.1570
13.6270
14.0830
14.5500
15.0200
15.4930
15.9530
16.4130
16.8800
17.3470
17.8100
18.2670
18.7470
19.2300
19.7070
20.1770
20.6430
21.1270
21.5900
22.0630
22.5230
22.9970
23.4600
23.9270
24.3930
24.8600
25.3300
25.7970
26.2670
26.7330
27.2030
27.6700
28.1400
28.6100
29.0800
29.5500
