# Academic Ground Truth from ballroom
# Track ID: Media-104116
# Total Beats: 68
0.0500
0.4900
0.9300
1.3800
1.8200
2.2600
2.7100
3.1400
3.5800
4.0200
4.4700
4.9100
5.3500
5.7900
6.2300
6.6700
7.1100
7.5500
7.9900
8.4300
8.8700
9.3100
9.7500
10.1800
10.6300
11.0700
11.5200
11.9600
12.4000
12.8300
13.2800
13.7100
14.1600
14.6000
15.0400
15.4800
15.9200
16.3600
16.8000
17.2400
17.6900
18.1200
18.5600
19.0000
19.4400
19.8800
20.3300
20.7600
21.2000
21.6500
22.0900
22.5200
22.9600
23.4000
23.8500
24.2900
24.7300
25.1700
25.6100
26.0500
26.4800
26.9300
27.3700
27.8100
28.2500
28.6900
29.1300
29.5500
