# Academic Ground Truth from ballroom
# Track ID: Media-100610
# Total Beats: 89
0.0700
0.4070
0.7470
1.0770
1.4170
1.7530
2.1000
2.4370
2.7770
3.1170
3.4570
3.7970
4.1330
4.4700
4.8070
5.1470
5.4930
5.8370
6.1730
6.4930
6.8270
7.1630
7.5200
7.8630
8.2070
8.5400
8.8800
9.2200
9.5630
9.9000
10.2400
10.5730
10.9130
11.2530
11.6000
11.9400
12.2770
12.6130
12.9500
13.2870
13.6270
13.9670
14.3070
14.6430
14.9800
15.3170
15.6400
15.9770
16.3130
16.6530
16.9930
17.3400
17.6870
18.0270
18.3630
18.7070
19.0470
19.3830
19.7270
20.0700
20.4200
20.7570
21.0930
21.4200
21.7600
22.0970
22.4370
22.7770
23.1170
23.4570
23.7970
24.1370
24.4730
24.8000
25.1400
25.4830
25.8330
26.1700
26.5000
26.8300
27.1670
27.5000
27.8330
28.1730
28.5200
28.8600
29.2000
29.5430
29.8900
