# Academic Ground Truth from ballroom
# Track ID: Media-104211
# Total Beats: 88
0.3900
0.7300
1.0700
1.3930
1.7300
2.0670
2.4130
2.7600
3.1000
3.4270
3.7500
4.0870
4.4330
4.7800
5.1200
5.4530
5.7870
6.1270
6.4700
6.8130
7.1530
7.4970
7.8370
8.1730
8.5170
8.8500
9.1900
9.5200
9.8630
10.2030
10.5530
10.9130
11.2530
11.5870
11.9270
12.2670
12.6100
12.9470
13.2830
13.6230
13.9630
14.3030
14.6370
14.9500
15.2870
15.6300
15.9900
16.3300
16.6730
17.0170
17.3570
17.6900
18.0130
18.3530
18.7030
19.0570
19.3970
19.7200
20.0530
20.3900
20.7300
21.0770
21.4170
21.7600
22.1030
22.4430
22.7830
23.1200
23.4570
23.7930
24.1270
24.4670
24.8070
25.1530
25.4900
25.8300
26.1670
26.5100
26.8500
27.1900
27.5270
27.8670
28.1930
28.5370
28.8630
29.1870
29.5200
29.8800
