# Academic Ground Truth from ballroom
# Track ID: Media-104406
# Total Beats: 92
0.0400
0.3800
0.7100
1.0370
1.3600
1.6930
2.0170
2.3430
2.6700
3.0000
3.3170
3.6300
3.9470
4.2700
4.5930
4.9200
5.2470
5.5700
5.8900
6.2070
6.5230
6.8430
7.1670
7.4970
7.8230
8.1500
8.4800
8.8100
9.1400
9.4600
9.7870
10.1070
10.4430
10.7670
11.0970
11.4170
11.7470
12.0730
12.3930
12.7130
13.0330
13.3570
13.6830
14.0100
14.3400
14.6630
14.9870
15.3100
15.6400
15.9870
16.3170
16.6370
16.9330
17.2600
17.5900
17.9300
18.2530
18.5730
18.8970
19.2200
19.5570
19.8900
20.2230
20.5470
20.8770
21.2070
21.5470
21.8730
22.1970
22.5070
22.8300
23.1530
23.4870
23.8200
24.1600
24.4870
24.8100
25.1330
25.4670
25.7970
26.1200
26.4500
26.7770
27.1100
27.4330
27.7670
28.1000
28.4370
28.7700
29.1000
29.4230
29.7400
