# Academic Ground Truth from ballroom
# Track ID: Media-103401
# Total Beats: 61
0.5900
1.0800
1.5700
2.0500
2.5300
3.0200
3.5000
3.9800
4.4700
4.9400
5.4400
5.9200
6.4000
6.8900
7.3700
7.8500
8.3400
8.8100
9.3100
9.7900
10.2700
10.7600
11.2400
11.7200
12.2100
12.6800
13.1800
13.6600
14.1400
14.6300
15.1200
15.6000
16.0800
16.5600
17.0500
17.5300
18.0100
18.5000
18.9800
19.4700
19.9600
20.4300
20.9200
21.4000
21.8800
22.3700
22.8600
23.3400
23.8200
24.3000
24.7900
25.2700
25.7600
26.2400
26.7300
27.2100
27.6900
28.1800
28.6600
29.1400
29.6300
