# Academic Ground Truth from ballroom
# Track ID: Media-103802
# Total Beats: 62
0.0600
0.5400
1.0400
1.5430
2.0370
2.5230
3.0130
3.4800
3.9430
4.4100
4.8930
5.3770
5.8630
6.3470
6.8300
7.3170
7.8030
8.2930
8.7770
9.2630
9.7500
10.2370
10.7230
11.2070
11.6900
12.1730
12.6570
13.1400
13.6230
14.1100
14.5970
15.0830
15.5670
16.0500
16.5330
17.0170
17.5030
17.9870
18.4700
18.9570
19.4430
19.9300
20.4130
20.8970
21.3830
21.8670
22.3530
22.8370
23.3200
23.8030
24.2870
24.7730
25.2570
25.7430
26.2270
26.7130
27.1970
27.6830
28.1670
28.6500
29.1330
29.6130
