# Academic Ground Truth from ballroom
# Track ID: Media-105120
# Total Beats: 102
0.1500
0.4460
0.7400
1.0380
1.3340
1.6300
1.9220
2.2160
2.5080
2.8040
3.0980
3.3960
3.6920
3.9860
4.2760
4.5720
4.8740
5.1740
5.4760
5.7760
6.0740
6.3640
6.6580
6.9520
7.2540
7.5480
7.8440
8.1360
8.4280
8.7160
9.0080
9.2980
9.5960
9.8880
10.1760
10.4680
10.7600
11.0440
11.3310
11.6220
11.9170
12.2150
12.5210
12.8310
13.1420
13.4430
13.7390
14.0290
14.3180
14.6060
14.9020
15.2000
15.5020
15.8000
16.0960
16.3880
16.6860
16.9780
17.2740
17.5680
17.8620
18.1500
18.4420
18.7340
19.0320
19.3280
19.6280
19.9240
20.2220
20.5140
20.8120
21.1040
21.4020
21.6980
21.9960
22.2920
22.5960
22.8960
23.1860
23.4800
23.7720
24.0600
24.3500
24.6480
24.9480
25.2460
25.5420
25.8380
26.1360
26.4260
26.7200
27.0140
27.3080
27.6000
27.8960
28.1900
28.4860
28.7800
29.0760
29.3720
29.6700
29.9660
