# Academic Ground Truth from ballroom
# Track ID: Media-104711
# Total Beats: 79
3.0100
3.3600
3.7100
4.0900
4.4400
4.7900
5.1700
5.5200
5.8840
6.2200
6.5520
6.8790
7.2000
7.5500
7.9000
8.2500
8.6000
8.9110
9.2550
9.6180
9.9700
10.2900
10.6500
10.9700
11.2800
11.6500
11.9800
12.3400
12.7100
13.0600
13.4000
13.7290
14.0300
14.3600
14.7100
15.0600
15.4100
15.7600
16.1100
16.4100
16.7600
17.1200
17.4900
17.8400
18.1500
18.5500
18.9000
19.2500
19.5600
19.9300
20.2900
20.6100
20.9700
21.3100
21.6600
22.0100
22.3600
22.7300
23.0800
23.3900
23.7300
24.0700
24.4200
24.7690
25.1100
25.4600
25.7900
26.1600
26.5200
26.8700
27.2200
27.5400
27.9200
28.2700
28.6200
28.9600
29.3000
29.6500
29.9500
