# Academic Ground Truth from ballroom
# Track ID: Media-106016
# Total Beats: 88
0.4550
0.7940
1.1340
1.4720
1.8140
2.1590
2.5090
2.8530
3.2020
3.5540
3.9040
4.2540
4.6050
4.9510
5.2940
5.6390
5.9810
6.3260
6.6720
7.0210
7.3660
7.7190
8.0680
8.4190
8.7680
9.1150
9.4580
9.8060
10.1510
10.4960
10.8420
11.1890
11.5360
11.8850
12.2340
12.5850
12.9360
13.2850
13.6320
13.9820
14.3320
14.6840
15.0320
15.3810
15.7290
16.0810
16.4280
16.7760
17.1250
17.4740
17.8240
18.1720
18.5210
18.8750
19.2310
19.5830
19.9340
20.2840
20.6370
20.9890
21.3340
21.6770
22.0190
22.3680
22.7150
23.0620
23.4090
23.7580
24.1080
24.4620
24.8110
25.1590
25.5080
25.8560
26.2050
26.5540
26.9020
27.2510
27.5990
27.9490
28.2990
28.6490
28.9990
29.3450
29.6950
30.0440
30.3910
30.7390
