# Academic Ground Truth from ballroom
# Track ID: Media-103404
# Total Beats: 62
0.0700
0.5600
1.0500
1.5300
2.0100
2.5000
2.9800
3.4700
3.9500
4.4300
4.9100
5.4000
5.8800
6.3700
6.8500
7.3400
7.8200
8.3100
8.7900
9.2700
9.7500
10.2400
10.7200
11.2100
11.6900
12.1700
12.6600
13.1400
13.6300
14.1100
14.6000
15.0800
15.5600
16.0500
16.5300
17.0100
17.5000
17.9800
18.4700
18.9500
19.4400
19.9100
20.4000
20.8800
21.3700
21.8600
22.3400
22.8300
23.3100
23.7900
24.2800
24.7600
25.2400
25.7200
26.2100
26.6900
27.1800
27.6600
28.1400
28.6300
29.1100
29.5900
