# Academic Ground Truth from ballroom
# Track ID: Media-105905
# Total Beats: 65
0.2808
0.7200
1.1720
1.6300
2.0840
2.5380
2.9920
3.4480
3.8980
4.3520
4.8060
5.2600
5.7160
6.1740
6.6320
7.0900
7.5540
8.0180
8.4720
8.9400
9.4000
9.8680
10.3320
10.8100
11.2740
11.7440
12.2080
12.6720
13.1320
13.5900
14.0500
14.5020
14.9580
15.4140
15.8740
16.3280
16.7840
17.2460
17.7100
18.1720
18.6360
19.0960
19.5520
20.0040
20.4580
20.9180
21.3840
21.8460
22.3140
22.7800
23.2480
23.7160
24.1840
24.6580
25.1400
25.6160
26.0920
26.5740
27.0460
27.5140
27.9840
28.4520
28.9120
29.3720
29.8300
