# Academic Ground Truth from ballroom
# Track ID: Media-104216
# Total Beats: 100
0.1400
0.4370
0.7330
1.0300
1.3330
1.6370
1.9430
2.2500
2.5530
2.8530
3.1470
3.4430
3.7370
4.0370
4.3330
4.6330
4.9370
5.2430
5.5500
5.8500
6.1500
6.4500
6.7570
7.0570
7.3630
7.6600
7.9630
8.2570
8.5570
8.8570
9.1600
9.4530
9.7530
10.0500
10.3530
10.6570
10.9570
11.2570
11.5630
11.8730
12.1870
12.4730
12.7630
13.0500
13.3500
13.6500
13.9570
14.2600
14.5630
14.8570
15.1530
15.4500
15.7530
16.0570
16.3630
16.6600
16.9570
17.2500
17.5530
17.8530
18.1570
18.4570
18.7600
19.0600
19.3600
19.6570
19.9570
20.2530
20.5600
20.8570
21.1630
21.4570
21.7630
22.0570
22.3570
22.6530
22.9500
23.2570
23.5530
23.8570
24.1530
24.4530
24.7530
25.0500
25.3500
25.6500
25.9530
26.2530
26.5570
26.8530
27.1530
27.4500
27.7500
28.0500
28.3570
28.6570
28.9570
29.2500
29.5500
29.8500
