# Academic Ground Truth from ballroom
# Track ID: Media-104710
# Total Beats: 68
0.0464
0.5108
0.9839
1.4100
1.8500
2.2800
2.7300
3.2000
3.6200
4.0500
4.5000
4.9700
5.4000
5.8300
6.2700
6.7200
7.2000
7.6300
8.1000
8.5500
9.0000
9.4300
9.8900
10.3600
10.7700
11.2000
11.6600
12.1200
12.5500
12.9700
13.4300
13.8800
14.3300
14.7500
15.2100
15.6700
16.0900
16.5200
16.9800
17.4300
17.8800
18.3000
18.7500
19.2200
19.6500
20.0800
20.5200
21.0100
21.4300
21.8500
22.2900
22.7200
23.2100
23.6400
24.0800
24.5500
24.9800
25.4000
25.8700
26.3200
26.7500
27.1600
27.6200
28.0700
28.5100
28.9500
29.3900
29.8700
