# Academic Ground Truth from ballroom
# Track ID: Media-105413
# Total Beats: 80
0.0300
0.3900
0.7900
1.1400
1.5100
1.9000
2.2600
2.6500
3.0000
3.4100
3.7800
4.1700
4.5300
4.9200
5.2800
5.6400
6.0100
6.4000
6.7900
7.1500
7.5400
7.9100
8.2800
8.6600
9.0400
9.4000
9.8000
10.1700
10.5400
10.9200
11.3000
11.6400
12.0100
12.4100
12.7900
13.1600
13.5400
13.9100
14.2900
14.6600
15.0400
15.4100
15.7900
16.1600
16.5300
16.9000
17.2900
17.6600
18.0400
18.4100
18.7900
19.1600
19.5400
19.9200
20.3100
20.6700
21.0600
21.4200
21.7900
22.1700
22.5500
22.9200
23.3000
23.6600
24.0600
24.4200
24.8000
25.1700
25.5600
25.9200
26.3000
26.6700
27.0500
27.4200
27.8100
28.1700
28.5500
28.9300
29.3100
29.6600
