# Academic Ground Truth from ballroom
# Track ID: Media-103413
# Total Beats: 58
2.0200
2.5000
2.9900
3.4600
3.9500
4.4400
4.9200
5.4000
5.8900
6.3800
6.8600
7.3500
7.8200
8.3100
8.7900
9.2700
9.7600
10.2500
10.7300
11.2200
11.6900
12.1800
12.6600
13.1400
13.6300
14.1200
14.6000
15.0900
15.5700
16.0500
16.5300
17.0100
17.5000
17.9900
18.4700
18.9600
19.4400
19.9200
20.4100
20.8800
21.3700
21.8600
22.3400
22.8300
23.3100
23.7900
24.2800
24.7600
25.2500
25.7300
26.2100
26.7000
27.1800
27.6600
28.1500
28.6200
29.1200
29.6100
