# Academic Ground Truth from ballroom
# Track ID: Media-103515
# Total Beats: 79
0.4500
0.8500
1.2400
1.6200
2.0100
2.3800
2.7700
3.1400
3.5200
3.9000
4.2900
4.6600
5.0400
5.4100
5.7900
6.1700
6.5300
6.9200
7.3000
7.6600
8.0500
8.4100
8.7900
9.1700
9.5400
9.9100
10.3000
10.6700
11.0600
11.4100
11.8000
12.1700
12.5400
12.9100
13.2800
13.6500
14.0300
14.4000
14.7800
15.1400
15.5300
15.9000
16.2800
16.6400
17.0300
17.3900
17.7800
18.1500
18.5200
18.8900
19.2700
19.6500
20.0200
20.3800
20.7600
21.1200
21.5100
21.9000
22.2900
22.6600
23.0400
23.4100
23.7900
24.1700
24.5400
24.9100
25.2800
25.6600
26.0300
26.4000
26.7600
27.1500
27.5300
27.9000
28.2800
28.6600
29.0200
29.4000
29.7800
