# Academic Ground Truth from ballroom
# Track ID: Media-103613
# Total Beats: 72
5.4700
5.8120
6.1500
6.4940
6.8400
7.1840
7.5300
7.8800
8.2240
8.5660
8.9080
9.2520
9.5980
9.9420
10.2880
10.6340
10.9780
11.3200
11.6620
12.0060
12.3520
12.6960
13.0420
13.3900
13.7360
14.0800
14.4260
14.7700
15.1160
15.4600
15.8060
16.1500
16.4940
16.8380
17.1800
17.5240
17.8660
18.2100
18.5520
18.8980
19.2380
19.5860
19.9370
20.2890
20.6390
20.9910
21.3360
21.6750
22.0150
22.3550
22.6900
23.0340
23.3800
23.7240
24.0680
24.4180
24.7640
25.1080
25.4520
25.7940
26.1360
26.4780
26.8220
27.1680
27.5160
27.8620
28.2080
28.5540
28.9000
29.2440
29.5860
29.9260
