# Academic Ground Truth from ballroom
# Track ID: Media-103803
# Total Beats: 63
0.0300
0.5200
1.0000
1.4800
1.9700
2.4500
2.9400
3.4200
3.9000
4.3900
4.8700
5.3500
5.8400
6.3000
6.7700
7.2500
7.7300
8.2200
8.7000
9.1800
9.6700
10.1400
10.6400
11.1100
11.6100
12.0900
12.5700
13.0500
13.5400
14.0200
14.5200
14.9900
15.4800
15.9500
16.4500
16.9300
17.4100
17.9000
18.3800
18.8600
19.3500
19.8300
20.3200
20.8000
21.2900
21.7600
22.2400
22.7200
23.2200
23.6900
24.1900
24.6500
25.1500
25.6400
26.1200
26.6000
27.0900
27.5700
28.0500
28.5400
29.0200
29.5100
29.9900
