# Academic Ground Truth from ballroom
# Track ID: Media-104218
# Total Beats: 103
0.0700
0.3570
0.6470
0.9370
1.2430
1.5400
1.8370
2.1270
2.4270
2.7170
3.0030
3.2930
3.5930
3.8970
4.1900
4.4830
4.7630
5.0570
5.3500
5.6570
5.9570
6.2500
6.5470
6.8400
7.1400
7.4330
7.7270
8.0230
8.3200
8.6130
8.9000
9.1930
9.4900
9.7870
10.0800
10.3700
10.6630
10.9570
11.2500
11.5430
11.8400
12.1330
12.4300
12.7230
13.0200
13.3130
13.6030
13.9000
14.1930
14.4930
14.7870
15.0830
15.3770
15.6670
15.9570
16.2470
16.5430
16.8400
17.1400
17.4300
17.7230
18.0100
18.3030
18.5930
18.8900
19.1870
19.4870
19.7800
20.0730
20.3570
20.6430
20.9370
21.2400
21.5430
21.8430
22.1430
22.4400
22.7300
23.0170
23.3100
23.6030
23.8900
24.1800
24.4770
24.7800
25.0670
25.3500
25.6230
25.9030
26.1900
26.4730
26.7570
27.0230
27.3130
27.6100
27.9170
28.2170
28.5230
28.8270
29.1300
29.4170
29.7030
29.9800
