# Academic Ground Truth from ballroom
# Track ID: Media-103907
# Total Beats: 56
3.1500
3.6370
4.1230
4.6030
5.0900
5.5700
6.0600
6.5400
7.0270
7.5030
7.9930
8.4770
8.9670
9.4530
9.9400
10.4270
10.9070
11.3870
11.8670
12.3470
12.8270
13.3130
13.8000
14.2970
14.7800
15.2670
15.7470
16.2300
16.7100
17.1900
17.6670
18.1530
18.6370
19.1270
19.6070
20.0930
20.5730
21.0600
21.5400
22.0300
22.5130
23.0030
23.4900
23.9730
24.4500
24.9300
25.4130
25.9030
26.3830
26.8670
27.3500
27.8370
28.3170
28.8030
29.2900
29.7800
