# Academic Ground Truth from ballroom
# Track ID: Media-105816
# Total Beats: 102
0.0100
0.2940
0.5830
0.8690
1.1610
1.4510
1.7470
2.0370
2.3330
2.6240
2.9160
3.2040
3.5010
3.7940
4.0910
4.3860
4.6840
4.9810
5.2800
5.5710
5.8670
6.1590
6.4500
6.7400
7.0310
7.3210
7.6130
7.9010
8.1940
8.4890
8.7890
9.0870
9.3890
9.6890
9.9910
10.2930
10.5930
10.8870
11.1840
11.4760
11.7710
12.0630
12.3540
12.6460
12.9400
13.2310
13.5270
13.8200
14.1160
14.4110
14.7090
15.0030
15.3000
15.5970
15.8940
16.1890
16.4830
16.7740
17.0670
17.3570
17.6470
17.9370
18.2300
18.5230
18.8190
19.1130
19.4100
19.7060
20.0000
20.2930
20.5870
20.8790
21.1740
21.4690
21.7630
22.0590
22.3560
22.6510
22.9500
23.2430
23.5370
23.8300
24.1260
24.4190
24.7130
25.0060
25.3010
25.5940
25.8900
26.1810
26.4760
26.7690
27.0610
27.3540
27.6500
27.9440
28.2430
28.5390
28.8370
29.1340
29.4330
29.7310
