# Academic Ground Truth from ballroom
# Track ID: Media-105914
# Total Beats: 95
1.2900
1.6000
1.9100
2.2130
2.5170
2.8200
3.1330
3.4400
3.7470
4.0500
4.3600
4.6670
4.9700
5.2700
5.5770
5.8830
6.1930
6.4970
6.8030
7.1070
7.4130
7.7170
8.0230
8.3300
8.6400
8.9500
9.2570
9.5630
9.8670
10.1670
10.4630
10.7600
11.0600
11.3600
11.6630
11.9700
12.2770
12.5800
12.8800
13.1830
13.4830
13.7870
14.0900
14.3970
14.6970
14.9970
15.3000
15.6000
15.9030
16.2070
16.5170
16.8230
17.1300
17.4370
17.7430
18.0470
18.3530
18.6600
18.9670
19.2710
19.5640
19.8540
20.1470
20.4530
20.7630
21.0700
21.3730
21.6830
22.0010
22.3110
22.6110
22.9020
23.2120
23.5330
23.8510
24.1500
24.4440
24.7370
25.0340
25.3330
25.6400
25.9440
26.2430
26.5440
26.8430
27.1400
27.4400
27.7470
28.0570
28.3570
28.6600
28.9670
29.2770
29.5800
29.8800
