# Academic Ground Truth from ballroom
# Track ID: Media-104409
# Total Beats: 91
0.0500
0.3900
0.7370
1.0830
1.4300
1.7600
2.0900
2.4200
2.7630
3.1070
3.4500
3.7870
4.1230
4.4600
4.7970
5.1300
5.4630
5.8000
6.1400
6.4800
6.8130
7.1400
7.4670
7.7930
8.1270
8.4600
8.7970
9.1330
9.4600
9.7870
10.1130
10.4430
10.7800
11.1170
11.4500
11.7770
12.1000
12.4300
12.7630
13.1000
13.4270
13.7570
14.0800
14.4100
14.7430
15.0830
15.4200
15.7530
16.0870
16.4230
16.7570
17.0900
17.4230
17.7530
18.0830
18.4200
18.7500
19.0770
19.4030
19.7300
20.0700
20.4000
20.7470
21.0730
21.4100
21.7270
22.0530
22.3770
22.6970
23.0170
23.3300
23.6600
23.9900
24.3300
24.6670
25.0030
25.3230
25.6430
25.9700
26.3070
26.6400
26.9700
27.2930
27.6170
27.9300
28.2630
28.6030
28.9500
29.2730
29.6000
29.9300
