# Academic Ground Truth from ballroom
# Track ID: Media-104212
# Total Beats: 90
0.0400
0.3770
0.7100
1.0400
1.3700
1.7030
2.0300
2.3570
2.6870
3.0270
3.3700
3.7070
4.0330
4.3600
4.6930
5.0300
5.3730
5.7070
6.0470
6.3800
6.7130
7.0470
7.3770
7.7230
8.0700
8.4030
8.7370
9.0570
9.3930
9.7130
10.0430
10.3730
10.7070
11.0330
11.3630
11.6970
12.0370
12.3770
12.7230
13.0600
13.3900
13.7200
14.0670
14.4030
14.7300
15.0530
15.3800
15.7100
16.0400
16.3700
16.7030
17.0370
17.3630
17.6970
18.0230
18.3630
18.6930
19.0230
19.3570
19.6870
20.0270
20.3600
20.6930
21.0270
21.3530
21.6900
22.0200
22.3600
22.6930
23.0300
23.3670
23.7030
24.0370
24.3700
24.7030
25.0370
25.3570
25.6900
26.0170
26.3570
26.6870
27.0270
27.3630
27.7000
28.0330
28.3670
28.7000
29.0330
29.3630
29.6900
