# Academic Ground Truth from ballroom
# Track ID: Media-105506
# Total Beats: 64
0.0200
0.4970
0.9600
1.4400
1.9070
2.3800
2.8530
3.3230
3.7870
4.2470
4.7070
5.1770
5.6430
6.1030
6.5400
7.0030
7.4730
7.9700
8.4430
8.9230
9.3900
9.8500
10.3200
10.7900
11.2630
11.7400
12.2170
12.6970
13.1700
13.6430
14.1100
14.5700
15.0270
15.4930
15.9600
16.4400
16.9100
17.3800
17.8400
18.3030
18.7630
19.2300
19.7070
20.1770
20.6500
21.1200
21.6030
22.0700
22.5270
22.9770
23.4530
23.9270
24.3970
24.8600
25.3330
25.8170
26.2870
26.7570
27.2170
27.6830
28.1270
28.5770
29.0370
29.5200
