# Academic Ground Truth from ballroom
# Track ID: Media-100607
# Total Beats: 64
0.3200
0.7900
1.2600
1.7300
2.2000
2.6600
3.1400
3.6000
4.0700
4.5400
5.0100
5.4800
5.9500
6.4300
6.8900
7.3400
7.8400
8.2700
8.7500
9.2300
9.6900
10.1000
10.5900
11.0300
11.5700
12.0700
12.5100
12.9600
13.4400
13.9100
14.3600
14.8300
15.3200
15.7400
16.2500
16.7100
17.1600
17.6500
18.1200
18.6000
19.0700
19.5400
20.0000
20.4700
20.9400
21.4100
21.8800
22.3500
22.8200
23.3100
23.7600
24.2400
24.7000
25.1600
25.6300
26.1000
26.5700
27.0400
27.5100
27.9700
28.4400
28.9100
29.3800
29.8500
