# Academic Ground Truth from ballroom
# Track ID: Media-103315
# Total Beats: 90
0.1700
0.5270
0.8730
1.2060
1.5330
1.8740
2.2200
2.5770
2.9330
3.2870
3.6400
3.9930
4.3470
4.7000
5.0400
5.3800
5.7200
6.0600
6.4000
6.7430
7.1000
7.4470
7.7930
8.1200
8.4600
8.7930
9.1270
9.4530
9.7830
10.1130
10.4470
10.7700
11.1030
11.4330
11.7770
12.1100
12.4470
12.7730
13.1100
13.4470
13.7770
14.1100
14.4270
14.7530
15.0730
15.4100
15.7500
16.0800
16.4070
16.7330
17.0670
17.4000
17.7300
18.0630
18.3970
18.7370
19.0740
19.4110
19.7430
20.0770
20.4030
20.7270
21.0530
21.3730
21.7030
22.0300
22.3680
22.6880
22.9950
23.3070
23.6270
23.9670
24.2930
24.6170
24.9330
25.2600
25.5870
25.9170
26.2470
26.5830
26.9200
27.2470
27.5770
27.9000
28.2370
28.5600
28.8930
29.2130
29.5330
29.8500
