# Academic Ground Truth from ballroom
# Track ID: Media-104716
# Total Beats: 100
0.0400
0.3600
0.6730
0.9970
1.3030
1.6130
1.9030
2.2130
2.5230
2.8500
3.1570
3.4730
3.7700
4.0800
4.3730
4.6730
4.9700
5.2670
5.5630
5.8600
6.1630
6.4630
6.7570
7.0470
7.3470
7.6470
7.9400
8.2230
8.5130
8.8000
9.0870
9.3730
9.6800
9.9870
10.2930
10.5870
10.8870
11.1800
11.4700
11.7630
12.0670
12.3730
12.6730
12.9670
13.2630
13.5600
13.8570
14.1530
14.4500
14.7500
15.0470
15.3430
15.6370
15.9370
16.2300
16.5270
16.8200
17.1230
17.4200
17.7130
18.0070
18.3070
18.6070
18.9100
19.2170
19.5300
19.8400
20.1400
20.4430
20.7470
21.0500
21.3500
21.6530
21.9600
22.2630
22.5570
22.8600
23.1630
23.4670
23.7670
24.0700
24.3770
24.6770
24.9700
25.2670
25.5630
25.8630
26.1570
26.4600
26.7530
27.0570
27.3500
27.6530
27.9500
28.2500
28.5530
28.8570
29.1600
29.4670
29.7800
