# Academic Ground Truth from ballroom
# Track ID: Media-105305
# Total Beats: 63
0.0200
0.5700
1.0500
1.5400
2.0400
2.5300
3.0100
3.4800
3.9600
4.4600
4.9200
5.4000
5.8800
6.3300
6.8500
7.3200
7.7700
8.2600
8.7400
9.1900
9.6500
10.1200
10.5800
11.0400
11.5300
12.0200
12.5300
13.0200
13.4500
13.8900
14.3600
14.8300
15.3300
15.8600
16.3500
16.8500
17.3500
17.8310
18.3200
18.8000
19.2500
19.7400
20.2200
20.6700
21.1600
21.6200
22.1200
22.5600
23.0100
23.5200
23.9800
24.4300
24.9000
25.3500
25.8100
26.2700
26.7500
27.2100
27.6700
28.1800
28.6500
29.0900
29.5900
