# Academic Ground Truth from ballroom
# Track ID: Media-104712
# Total Beats: 90
0.0900
0.4680
0.8430
1.2240
1.5650
1.8920
2.2120
2.5500
2.9000
3.2580
3.6140
3.9700
4.3250
4.6700
5.0100
5.3490
5.6840
6.0100
6.3310
6.6530
6.9830
7.3130
7.6430
7.9800
8.3170
8.6570
8.9930
9.3320
9.6720
9.9990
10.3220
10.6450
10.9780
11.3170
11.6550
11.9890
12.3190
12.6530
12.9930
13.3360
13.6720
14.0020
14.3240
14.6520
14.9820
15.3150
15.6510
16.0000
16.3440
16.6830
17.0010
17.3220
17.6360
17.9620
18.2760
18.6000
18.9340
19.2820
19.6190
19.9520
20.2830
20.6340
20.9840
21.3360
21.6750
22.0110
22.3470
22.6840
23.0180
23.3430
23.6640
23.9840
24.3130
24.6520
24.9850
25.3150
25.6390
25.9730
26.3100
26.6470
26.9840
27.3180
27.6520
27.9820
28.3100
28.6470
28.9800
29.3140
29.6400
29.9700
