# Academic Ground Truth from ballroom
# Track ID: Media-105009
# Total Beats: 63
0.2800
0.7630
1.2470
1.7200
2.1900
2.6600
3.1400
3.6200
4.1000
4.5730
5.0430
5.5130
5.9930
6.4730
6.9530
7.4270
7.9100
8.3900
8.8730
9.3570
9.8430
10.3270
10.8100
11.2900
11.7770
12.2600
12.7470
13.2170
13.6970
14.1730
14.6600
15.1300
15.5870
16.0570
16.5330
17.0230
17.5070
17.9800
18.4570
18.9270
19.4030
19.8830
20.3570
20.8300
21.3000
21.7630
22.2270
22.7070
23.2100
23.7170
24.2070
24.6870
25.1630
25.6400
26.1200
26.6030
27.0870
27.5700
28.0570
28.5430
29.0200
29.5000
29.9730
