# Academic Ground Truth from ballroom
# Track ID: Media-104417
# Total Beats: 104
0.0500
0.3700
0.6780
0.9750
1.2620
1.5500
1.8390
2.1220
2.4150
2.7070
3.0030
3.2930
3.5830
3.8770
4.1670
4.4530
4.7430
5.0330
5.3300
5.6200
5.9080
6.1880
6.4680
6.7400
7.0270
7.3070
7.5930
7.8800
8.1630
8.4500
8.7270
9.0130
9.3000
9.5900
9.8870
10.1870
10.4870
10.7800
11.0610
11.3310
11.6010
11.8870
12.1830
12.4830
12.7770
13.0670
13.3570
13.6500
13.9430
14.2430
14.5390
14.8360
15.1160
15.3970
15.6730
15.9570
16.2400
16.5370
16.8330
17.1300
17.4200
17.7100
17.9920
18.2650
18.5380
18.8070
19.0930
19.3870
19.6870
19.9760
20.2600
20.5520
20.8360
21.1190
21.4000
21.6950
21.9980
22.3010
22.5930
22.8830
23.1730
23.4700
23.7600
24.0530
24.3470
24.6400
24.9230
25.2130
25.4970
25.7930
26.0800
26.3730
26.6660
26.9580
27.2530
27.5470
27.8450
28.1400
28.4260
28.7030
28.9800
29.2600
29.5470
29.8300
