# Academic Ground Truth from ballroom
# Track ID: Media-104106
# Total Beats: 62
0.0700
0.5500
1.0300
1.5200
2.0000
2.4900
2.9800
3.4700
3.9400
4.4300
4.9200
5.4000
5.8800
6.3800
6.8500
7.3400
7.8300
8.3200
8.7900
9.2800
9.7700
10.2500
10.7400
11.2300
11.7100
12.1900
12.6700
13.1600
13.6500
14.1400
14.6200
15.1100
15.5900
16.0700
16.5500
17.0400
17.5300
18.0100
18.4900
18.9800
19.4700
19.9500
20.4300
20.9200
21.4100
21.8900
22.3800
22.8600
23.3500
23.8500
24.3300
24.8200
25.3000
25.7900
26.2700
26.7600
27.2400
27.7300
28.2100
28.7000
29.1800
29.6700
