# Academic Ground Truth from ballroom
# Track ID: Media-100615
# Total Beats: 102
0.2700
0.5600
0.8500
1.1400
1.4300
1.7230
2.0200
2.3170
2.6100
2.9000
3.1900
3.4800
3.7700
4.0600
4.3530
4.6470
4.9400
5.2300
5.5200
5.8100
6.1000
6.4030
6.7100
7.0170
7.3100
7.6030
7.8970
8.1900
8.4800
8.7670
9.0530
9.3530
9.6570
9.9670
10.2730
10.5670
10.8530
11.1370
11.4370
11.7330
12.0270
12.3200
12.6200
12.9170
13.2100
13.5070
13.8030
14.1000
14.3830
14.6670
14.9570
15.2570
15.5530
15.8370
16.1170
16.4000
16.6900
16.9830
17.2800
17.5870
17.8900
18.1900
18.4800
18.7730
19.0700
19.3730
19.6730
19.9700
20.2570
20.5500
20.8430
21.1400
21.4330
21.7300
22.0270
22.3270
22.6200
22.9130
23.2000
23.4830
23.7730
24.0670
24.3670
24.6530
24.9370
25.2330
25.5330
25.8400
26.1330
26.4300
26.7200
27.0130
27.3130
27.6100
27.9070
28.1970
28.4900
28.7800
29.0700
29.3700
29.6700
29.9700
