# Academic Ground Truth from ballroom
# Track ID: Media-104617
# Total Beats: 103
0.0410
0.3390
0.6380
0.9350
1.2340
1.5300
1.8240
2.1170
2.4080
2.6990
2.9900
3.2830
3.5770
3.8710
4.1660
4.4610
4.7570
5.0540
5.3520
5.6490
5.9460
6.2430
6.5390
6.8340
7.1270
7.4180
7.7080
7.9990
8.2900
8.5810
8.8730
9.1660
9.4580
9.7500
10.0430
10.3360
10.6300
10.9230
11.2180
11.5120
11.8060
12.0990
12.3920
12.6840
12.9780
13.2730
13.5690
13.8660
14.1630
14.4590
14.7580
15.0510
15.3490
15.6410
15.9330
16.2210
16.5130
16.7990
17.0890
17.3810
17.6720
17.9660
18.2600
18.5550
18.8500
19.1450
19.4390
19.7400
20.0330
20.3290
20.6200
20.9160
21.2000
21.4930
21.7850
22.0840
22.3790
22.6790
22.9770
23.2730
23.5670
23.8590
24.1570
24.4520
24.7530
25.0510
25.3560
25.6550
25.9550
26.2500
26.5480
26.8400
27.1360
27.4360
27.7320
28.0280
28.3230
28.6110
28.8970
29.1910
29.4830
29.7790
30.0770
