# Academic Ground Truth from ballroom
# Track ID: Media-106103
# Total Beats: 58
2.4200
2.9040
3.3890
3.8710
4.3540
4.8390
5.3210
5.8060
6.2890
6.7710
7.2560
7.7400
8.2240
8.7090
9.1930
9.6770
10.1610
10.6460
11.1290
11.6110
12.0960
12.5790
13.0610
13.5440
14.0270
14.5110
14.9940
15.4770
15.9610
16.4460
16.9290
17.4130
17.8970
18.3830
18.8670
19.3510
19.8360
20.3200
20.8030
21.2860
21.7690
22.2530
22.7340
23.2170
23.7010
24.1860
24.6700
25.1540
25.6390
26.1240
26.6090
27.0930
27.5770
28.0610
28.5460
29.0300
29.5140
30.0000
