# Academic Ground Truth from ballroom
# Track ID: Media-100609
# Total Beats: 87
0.3100
0.6600
1.0000
1.3400
1.6900
2.0400
2.3800
2.7300
3.0700
3.4100
3.7600
4.1100
4.4500
4.8000
5.1500
5.4800
5.8300
6.1800
6.5200
6.8600
7.2100
7.5500
7.9000
8.2500
8.5800
8.9400
9.2700
9.6200
9.9800
10.3300
10.6600
11.0200
11.3500
11.6900
12.0300
12.3800
12.7300
13.0600
13.4100
13.7600
14.0800
14.4100
14.8000
15.1400
15.5000
15.8300
16.1500
16.5200
16.8600
17.1800
17.5200
17.9000
18.2400
18.6000
18.9300
19.2600
19.6100
19.9600
20.3300
20.6800
21.0100
21.3600
21.7100
22.0400
22.4100
22.7400
23.0700
23.4100
23.7500
24.1200
24.4700
24.8000
25.1600
25.4900
25.8700
26.1800
26.5300
26.8900
27.2200
27.5700
27.9300
28.2600
28.5900
28.9400
29.3200
29.6400
29.9600
