# Academic Ground Truth from ballroom
# Track ID: Media-104317
# Total Beats: 104
0.0697
0.3831
0.6966
0.9900
1.2800
1.5730
1.8730
2.1600
2.4500
2.7430
3.0400
3.3330
3.6170
3.9070
4.1930
4.4870
4.7770
5.0730
5.3630
5.6570
5.9370
6.2300
6.5230
6.8270
7.1170
7.4070
7.7000
7.9930
8.2900
8.5830
8.8800
9.1630
9.4500
9.7400
10.0370
10.3230
10.6070
10.8900
11.1830
11.4770
11.7700
12.0600
12.3400
12.6270
12.9170
13.2100
13.4970
13.7830
14.0730
14.3630
14.6530
14.9400
15.2300
15.5130
15.8000
16.0830
16.3730
16.6630
16.9500
17.2330
17.5230
17.8200
18.1130
18.4030
18.6900
18.9830
19.2770
19.5700
19.8600
20.1470
20.4330
20.7170
21.0100
21.3000
21.5900
21.8730
22.1570
22.4400
22.7200
23.0070
23.2970
23.5930
23.8830
24.1700
24.4570
24.7430
25.0430
25.3300
25.6230
25.9030
26.1930
26.4730
26.7630
27.0470
27.3370
27.6200
27.9100
28.2000
28.4870
28.7700
29.0500
29.3330
29.6230
29.9200
