# Academic Ground Truth from ballroom
# Track ID: Media-106005
# Total Beats: 62
0.3600
0.8470
1.3360
1.8230
2.3110
2.7960
3.2790
3.7590
4.2410
4.7240
5.2030
5.6840
6.1670
6.6530
7.1400
7.6240
8.1090
8.5970
9.0810
9.5660
10.0490
10.5330
11.0170
11.5010
11.9860
12.4700
12.9540
13.4400
13.9240
14.4060
14.8900
15.3730
15.8570
16.3390
16.8210
17.3030
17.7900
18.2740
18.7610
19.2430
19.7270
20.2090
20.6910
21.1730
21.6540
22.1330
22.6200
23.1030
23.5870
24.0710
24.5570
25.0400
25.5270
26.0090
26.4970
26.9810
27.4690
27.9530
28.4390
28.9210
29.4090
29.8890
