# Academic Ground Truth from ballroom
# Track ID: Media-103405
# Total Beats: 61
0.6700
1.1600
1.6400
2.1200
2.6100
3.0900
3.5800
4.0600
4.5400
5.0300
5.5100
5.9800
6.4700
6.9600
7.4400
7.9300
8.4200
8.9000
9.3800
9.8600
10.3500
10.8400
11.3200
11.7900
12.2800
12.7700
13.2400
13.7300
14.2200
14.7000
15.1900
15.6700
16.1500
16.6400
17.1200
17.6100
18.0900
18.5700
19.0500
19.5400
20.0300
20.5100
20.9900
21.4800
21.9600
22.4500
22.9300
23.4100
23.8500
24.3800
24.8700
25.3500
25.8400
26.3200
26.8000
27.2800
27.7600
28.2500
28.7400
29.2300
29.7100
