# Academic Ground Truth from ballroom
# Track ID: Media-103702
# Total Beats: 58
2.1200
2.6000
3.1000
3.5700
4.0800
4.5600
5.0400
5.5300
6.0100
6.5000
6.9800
7.4700
7.9500
8.4400
8.9200
9.4000
9.8900
10.3800
10.8600
11.3400
11.8300
12.3100
12.8000
13.2800
13.7700
14.2500
14.7300
15.2200
15.7100
16.1900
16.6700
17.1600
17.6400
18.1300
18.6100
19.0900
19.5800
20.0700
20.5500
21.0300
21.5200
22.0000
22.4900
22.9700
23.4600
23.9400
24.4300
24.9100
25.4000
25.8800
26.3700
26.8400
27.3400
27.8200
28.3100
28.7900
29.2700
29.7600
