# Academic Ground Truth from ballroom
# Track ID: Media-104305
# Total Beats: 64
0.0600
0.5480
1.0340
1.5150
1.9910
2.4610
2.9260
3.3880
3.8460
4.3000
4.7510
5.2000
5.6490
6.1020
6.5640
7.0370
7.5190
8.0050
8.4930
8.9790
9.4610
9.9410
10.4200
10.8960
11.3700
11.8420
12.3120
12.7810
13.2500
13.7200
14.1900
14.6600
15.1290
15.5980
16.0650
16.5330
17.0000
17.4680
17.9370
18.4080
18.8810
19.3540
19.8270
20.3000
20.7730
21.2470
21.7210
22.1970
22.6730
23.1490
23.6220
24.0930
24.5630
25.0320
25.5010
25.9710
26.4430
26.9150
27.3880
27.8580
28.2960
28.8100
29.2500
29.7200
