# Academic Ground Truth from ballroom
# Track ID: Media-100605
# Total Beats: 64
0.3200
0.7800
1.2400
1.7400
2.1900
2.6700
3.1200
3.6000
4.0800
4.5400
5.0100
5.4800
5.9600
6.4300
6.8800
7.3600
7.8500
8.3100
8.7700
9.2500
9.7100
10.1900
10.6300
11.1200
11.6000
12.0600
12.5100
12.9900
13.4700
13.9400
14.3900
14.8700
15.3500
15.7900
16.2700
16.7500
17.2200
17.6900
18.1500
18.6200
19.0800
19.5500
20.0200
20.4900
20.9500
21.4400
21.9000
22.3600
22.8300
23.3100
23.7500
24.2400
24.7100
25.1900
25.6500
26.1400
26.5800
27.0500
27.5100
27.9900
28.4500
28.9300
29.4000
29.8800
