# Academic Ground Truth from ballroom
# Track ID: Media-103908
# Total Beats: 61
0.7600
1.2300
1.7100
2.2000
2.6900
3.1600
3.6500
4.1200
4.6100
5.0800
5.5600
6.0400
6.5300
7.0000
7.4900
7.9700
8.4500
8.9200
9.4000
9.8800
10.3700
10.8400
11.3300
11.8100
12.2900
12.7600
13.2400
13.7200
14.2100
14.6800
15.1600
15.6400
16.1300
16.6000
17.0900
17.5700
18.0500
18.5200
19.0100
19.4900
19.9700
20.4400
20.9200
21.4000
21.8800
22.3600
22.8500
23.3100
23.7700
24.2800
24.7700
25.2500
25.7300
26.2000
26.6900
27.1700
27.6500
28.1200
28.6000
29.0800
29.5700
