# Academic Ground Truth from ballroom
# Track ID: Media-104107
# Total Beats: 61
0.5100
1.0000
1.4800
1.9600
2.4500
2.9300
3.4300
3.9100
4.3900
4.8800
5.3700
5.8500
6.3400
6.8200
7.3100
7.8000
8.2800
8.7600
9.2500
9.7400
10.2200
10.7000
11.1900
11.6800
12.1600
12.6500
13.1300
13.6200
14.1000
14.5900
15.0700
15.5600
16.0400
16.5300
17.0200
17.5000
17.9900
18.4700
18.9600
19.4400
19.9300
20.4100
20.9000
21.3800
21.8700
22.3600
22.8400
23.3300
23.8100
24.2900
24.7800
25.2600
25.7500
26.2300
26.7200
27.2100
27.6900
28.1800
28.6600
29.1500
29.6400
