# Academic Ground Truth from ballroom
# Track ID: Media-105107
# Total Beats: 63
0.3164
0.8200
1.2900
1.7800
2.2400
2.7100
3.1900
3.6600
4.1300
4.6000
5.0700
5.5300
6.0000
6.4700
6.9300
7.4000
7.8600
8.3500
8.8100
9.2800
9.7200
10.2100
10.6700
11.1400
11.5800
12.0600
12.4900
13.0300
13.4600
13.9700
14.4400
14.9600
15.4300
15.9200
16.3900
16.8500
17.3200
17.8100
18.2700
18.7400
19.2000
19.6900
20.1600
20.6300
21.0700
21.5600
22.0200
22.4800
22.9400
23.4200
23.8900
24.3500
24.8200
25.3000
25.7600
26.2200
26.6700
27.1800
27.6500
28.1400
28.6200
29.1000
29.5500
