# Academic Ground Truth from ballroom
# Track ID: Media-105417
# Total Beats: 56
0.8000
1.3200
1.8500
2.3600
2.8800
3.4100
3.9300
4.4600
4.9800
5.4900
6.0200
6.5400
7.0600
7.5800
8.1000
8.6200
9.1500
9.6700
10.1900
10.7100
11.2300
11.7600
12.2800
12.8000
13.3300
13.8400
14.3600
14.8900
15.4400
15.9300
16.4500
16.9700
17.5000
18.0200
18.5400
19.0600
19.5800
20.1000
20.6300
21.1400
21.6700
22.1900
22.7100
23.2400
23.7600
24.2700
24.8000
25.3200
25.8500
26.3600
26.8900
27.4100
27.9300
28.4500
28.9800
29.5000
