# Academic Ground Truth from ballroom
# Track ID: Media-104017
# Total Beats: 86
0.0500
0.4000
0.7500
1.1000
1.4400
1.8000
2.1600
2.4800
2.8500
3.1800
3.5400
3.9000
4.2500
4.6000
4.9600
5.3000
5.6700
6.0100
6.3500
6.7100
7.0600
7.4100
7.7600
8.1000
8.4500
8.8000
9.1500
9.5000
9.8600
10.2000
10.5500
10.9000
11.2600
11.6000
11.9300
12.3000
12.6500
13.0000
13.3600
13.7000
14.0500
14.4000
14.7500
15.1000
15.4500
15.8000
16.1500
16.5000
16.8500
17.2000
17.5600
17.9000
18.2600
18.6100
18.9500
19.3000
19.6500
20.0000
20.3400
20.7000
21.0600
21.4000
21.7600
22.1100
22.4600
22.8000
23.1600
23.5000
23.8500
24.2000
24.5500
24.9100
25.2600
25.6000
25.9500
26.3000
26.6500
27.0000
27.3500
27.7000
28.0500
28.4000
28.7500
29.1100
29.4700
29.8000
