# Academic Ground Truth from ballroom
# Track ID: Media-100608
# Total Beats: 90
0.2900
0.6200
0.9600
1.2900
1.6200
1.9600
2.2900
2.6200
2.9700
3.3000
3.6300
3.9700
4.2900
4.6100
4.9500
5.2800
5.6200
5.9600
6.3000
6.6300
6.9700
7.2900
7.6200
7.9700
8.3000
8.6100
8.9500
9.3000
9.6300
9.9800
10.3000
10.6300
10.9800
11.3000
11.6200
11.9700
12.3000
12.6300
12.9700
13.2900
13.6200
13.9700
14.3000
14.6300
14.9700
15.2900
15.6200
15.9700
16.2900
16.6200
16.9800
17.2900
17.6300
17.9800
18.3000
18.6300
18.9800
19.3000
19.6300
19.9800
20.3000
20.6200
20.9400
21.3000
21.6200
21.9800
22.3000
22.6300
22.9800
23.3000
23.6200
23.9800
24.2800
24.6300
24.9700
25.3000
25.6300
25.9800
26.3000
26.6300
26.9800
27.3000
27.6200
27.9600
28.3000
28.6300
28.9700
29.3000
29.6300
29.9500
