# Academic Ground Truth from ballroom
# Track ID: Media-103415
# Total Beats: 59
0.5700
1.0800
1.5800
2.0700
2.5900
3.0700
3.5700
4.0800
4.5800
5.0800
5.5900
6.0700
6.5800
7.0800
7.5800
8.0800
8.5900
9.0800
9.5900
10.0700
10.5900
11.0800
11.5700
12.0700
12.5800
13.0800
13.5700
14.0700
14.5800
15.0800
15.5700
16.0700
16.5700
17.0800
17.5700
18.0800
18.5500
19.0700
19.5800
20.0800
20.5800
21.0700
21.5800
22.0700
22.5900
23.0800
23.5800
24.0800
24.5700
25.0800
25.5800
26.0800
26.5900
27.0700
27.5800
28.0700
28.5700
29.0900
29.5800
