# Academic Ground Truth from ballroom
# Track ID: Media-105122
# Total Beats: 104
0.0700
0.3800
0.6870
0.9870
1.2800
1.5730
1.8630
2.1560
2.4430
2.7400
3.0340
3.3240
3.6040
3.8800
4.1650
4.4510
4.7450
5.0400
5.3330
5.6270
5.9130
6.2070
6.4970
6.7870
7.0770
7.3670
7.6580
7.9420
8.2240
8.5010
8.7820
9.0850
9.4030
9.7180
10.0130
10.2940
10.5710
10.8380
11.1080
11.3840
11.6710
11.9670
12.2670
12.5720
12.8730
13.1630
13.4430
13.7270
14.0170
14.3130
14.6000
14.8930
15.1790
15.4690
15.7450
16.0200
16.3000
16.5870
16.8830
17.1730
17.4670
17.7570
18.0500
18.3330
18.6200
18.9130
19.2070
19.5000
19.7800
20.0670
20.3500
20.6230
20.9100
21.2030
21.5100
21.8030
22.0870
22.3770
22.6630
22.9500
23.2330
23.5300
23.8230
24.1170
24.3960
24.6760
24.9520
25.2290
25.5190
25.8160
26.1230
26.4300
26.7300
27.0170
27.2930
27.5790
27.8720
28.1690
28.4540
28.7340
29.0140
29.3010
29.5900
29.8800
