# Academic Ground Truth from ballroom
# Track ID: Media-103716
# Total Beats: 58
0.0600
0.5800
1.1000
1.6200
2.1400
2.6600
3.1800
3.7000
4.2300
4.7500
5.2700
5.7900
6.3100
6.8400
7.3500
7.8800
8.4000
8.9200
9.4500
9.9600
10.4900
11.0100
11.5300
12.0500
12.5800
13.0900
13.6200
14.1400
14.6600
15.1800
15.7100
16.2200
16.7500
17.2700
17.8000
18.3100
18.8400
19.3600
19.8900
20.4000
20.9300
21.4400
21.9800
22.4900
23.0200
23.5300
24.0700
24.5700
25.1000
25.6200
26.1500
26.6600
27.1900
27.7000
28.2400
28.7500
29.2800
29.7900
