# Academic Ground Truth from ballroom
# Track ID: Media-103713
# Total Beats: 88
0.0700
0.4030
0.7370
1.0670
1.3970
1.7400
2.0870
2.4370
2.7770
3.1130
3.4600
3.7970
4.1400
4.4730
4.8170
5.1630
5.5070
5.8470
6.1830
6.5270
6.8630
7.1900
7.5230
7.8670
8.2170
8.5700
8.9230
9.2730
9.6170
9.9430
10.2770
10.6170
10.9600
11.3030
11.6330
11.9770
12.3170
12.6600
12.9970
13.3330
13.6670
14.0000
14.3370
14.6770
15.0200
15.3600
15.6970
16.0400
16.3800
16.7270
17.0700
17.4170
17.7600
18.1000
18.4430
18.7830
19.1230
19.4570
19.7930
20.1370
20.4830
20.8230
21.1570
21.4930
21.8370
22.1900
22.5400
22.8900
23.2330
23.5770
23.9130
24.2530
24.5870
24.9230
25.2570
25.5970
25.9330
26.2670
26.6000
26.9400
27.2830
27.6270
27.9770
28.3270
28.6770
29.0200
29.3600
29.6970
