# Academic Ground Truth from ballroom
# Track ID: Media-104809
# Total Beats: 90
0.0700
0.4020
0.7370
1.0780
1.4250
1.7800
2.1290
2.4660
2.7860
3.1180
3.4640
3.8210
4.1660
4.4980
4.8110
5.1210
5.4410
5.7850
6.1370
6.4830
6.8160
7.1640
7.5130
7.8790
8.2190
8.5510
8.8710
9.2080
9.5530
9.8830
10.2090
10.5290
10.8640
11.1980
11.5440
11.8760
12.2070
12.5260
12.8620
13.1950
13.5260
13.8530
14.1860
14.5260
14.8630
15.2060
15.5390
15.8660
16.1970
16.5510
16.9010
17.2290
17.5360
17.8560
18.1930
18.5330
18.8830
19.2290
19.5830
19.9160
20.2490
20.5780
20.9110
21.2350
21.5560
21.8930
22.2390
22.5860
22.9190
23.2690
23.6190
23.9600
24.2760
24.5960
24.9290
25.2630
25.5930
25.9230
26.2530
26.5930
26.9230
27.2560
27.5960
27.9360
28.2890
28.6260
28.9630
29.2890
29.6030
29.9290
