# Academic Ground Truth from ballroom
# Track ID: Media-105108
# Total Beats: 63
0.4900
0.9630
1.4370
1.9000
2.3630
2.8300
3.3000
3.7700
4.2400
4.7070
5.1530
5.6130
6.0730
6.5670
7.0400
7.5200
7.9770
8.4470
8.9170
9.3930
9.8430
10.3100
10.7800
11.2700
11.7430
12.2170
12.6830
13.1530
13.6170
14.0870
14.5500
15.0300
15.4970
15.9670
16.4270
16.8970
17.3630
17.8300
18.3000
18.7700
19.2400
19.7070
20.1770
20.6470
21.1130
21.5830
22.0500
22.5230
22.9900
23.4600
23.9270
24.3970
24.8630
25.3330
25.8000
26.2700
26.7370
27.2070
27.6770
28.1500
28.6200
29.0870
29.5470
