# Academic Ground Truth from ballroom
# Track ID: Media-103510
# Total Beats: 55
3.6200
4.1030
4.5870
5.0670
5.5370
6.0070
6.4970
6.9900
7.4900
7.9770
8.4600
8.9430
9.4270
9.9130
10.3970
10.8830
11.3670
11.8500
12.3330
12.8170
13.3030
13.7870
14.2700
14.7530
15.2370
15.7200
16.2030
16.6870
17.1700
17.6530
18.1370
18.6230
19.1070
19.5930
20.0770
20.5600
21.0430
21.5270
22.0100
22.4930
22.9770
23.4630
23.9470
24.4300
24.9130
25.3970
25.8830
26.3670
26.8530
27.3370
27.8200
28.3030
28.7870
29.2730
29.7570
