# Academic Ground Truth from ballroom
# Track ID: Media-106017
# Total Beats: 81
2.0201
2.3700
2.7200
3.0700
3.4190
3.7690
4.1170
4.4660
4.8140
5.1630
5.5110
5.8610
6.2090
6.5590
6.9070
7.2560
7.6040
7.9530
8.3010
8.6510
8.9990
9.3490
9.6970
10.0470
10.3960
10.7440
11.0930
11.4430
11.7900
12.1400
12.4870
12.8370
13.1860
13.5340
13.8830
14.2330
14.5800
14.9300
15.2790
15.6290
15.9770
16.3260
16.6740
17.0240
17.3730
17.7210
18.0690
18.4190
18.7670
19.1160
19.4640
19.8130
20.1610
20.5110
20.8590
21.2100
21.5610
21.9130
22.2630
22.6130
22.9630
23.3130
23.6600
24.0070
24.3530
24.7010
25.0490
25.3960
25.7440
26.0930
26.4410
26.7910
27.1390
27.4890
27.8370
28.1860
28.5340
28.8830
29.2310
29.5810
29.9290
