# Academic Ground Truth from ballroom
# Track ID: Media-105313
# Total Beats: 100
0.0200
0.3200
0.6170
0.9170
1.2100
1.5100
1.8030
2.1100
2.4070
2.7170
3.0130
3.3200
3.6100
3.9130
4.2030
4.5100
4.8130
5.1270
5.4230
5.7230
6.0170
6.3230
6.6170
6.9230
7.2170
7.5300
7.8230
8.1070
8.3900
8.6970
9.0130
9.3270
9.6170
9.9270
10.2430
10.5730
10.8900
11.1900
11.4900
11.7770
12.0530
12.3370
12.6330
12.9400
13.2230
13.5170
13.8000
14.1130
14.4100
14.7230
15.0170
15.3230
15.6200
15.9230
16.2100
16.5100
16.8030
17.1230
17.4230
17.7400
18.0270
18.3270
18.6130
18.9230
19.2170
19.5270
19.8230
20.1300
20.4170
20.7170
21.0170
21.3230
21.6370
21.9430
22.2500
22.5300
22.8230
23.1200
23.4230
23.7300
24.0230
24.3270
24.6200
24.9300
25.2200
25.5200
25.8070
26.1200
26.4170
26.7270
27.0170
27.3070
27.5970
27.9030
28.2200
28.5330
28.8370
29.1370
29.4330
29.7270
