# Academic Ground Truth from ballroom
# Track ID: Media-103416
# Total Beats: 58
0.0800
0.5900
1.1200
1.6400
2.1700
2.6900
3.2000
3.7200
4.2300
4.7500
5.2900
5.8000
6.3000
6.8200
7.3500
7.8800
8.3700
8.8900
9.4100
9.9400
10.4400
10.9600
11.4800
12.0000
12.5100
13.0300
13.5500
14.0700
14.5800
15.1000
15.6200
16.1600
16.6500
17.1700
17.6900
18.2000
18.7100
19.2400
19.7500
20.2800
20.7900
21.3100
21.8200
22.3300
22.8600
23.3800
23.8900
24.4000
24.9200
25.4500
25.9600
26.4700
26.9900
27.5100
28.0300
28.5500
29.0700
29.5700
