# Academic Ground Truth from ballroom
# Track ID: Media-105112
# Total Beats: 89
0.0800
0.4200
0.7800
1.1200
1.4500
1.7800
2.1400
2.4700
2.8400
3.1500
3.5000
3.8600
4.1700
4.5000
4.8500
5.1800
5.5200
5.8400
6.2000
6.5400
6.9100
7.2500
7.5800
7.9200
8.2400
8.5711
8.8845
9.2000
9.5463
9.9004
10.2429
10.5500
10.8900
11.2500
11.5700
11.8900
12.2400
12.5600
12.8900
13.2500
13.6000
13.9300
14.3000
14.6500
14.9900
15.3200
15.6500
15.9800
16.3400
16.6500
16.9700
17.2700
17.6300
17.9800
18.3100
18.6500
18.9900
19.3200
19.6300
19.9800
20.3100
20.6800
20.9700
21.3300
21.7100
22.0200
22.3700
22.7000
23.0200
23.3700
23.7100
24.0200
24.3700
24.7300
25.0400
25.3700
25.7000
26.0100
26.3700
26.7300
27.0600
27.3900
27.7100
28.0400
28.4000
28.7300
29.0700
29.4300
29.7600
