# Academic Ground Truth from ballroom
# Track ID: Media-104304
# Total Beats: 60
0.5900
1.0870
1.5870
2.0900
2.6030
3.1100
3.6130
4.1230
4.6400
5.1570
5.6800
6.2000
6.7130
7.2230
7.7430
8.2700
8.7930
9.3130
9.8270
10.3330
10.8370
11.3500
11.8570
12.3730
12.8770
13.3900
13.8800
14.3830
14.8830
15.3830
15.8570
16.3470
16.8430
17.3530
17.8430
18.3300
18.8300
19.3300
19.8370
20.3300
20.8330
21.3230
21.8170
22.3030
22.8070
23.2970
23.7830
24.2670
24.7730
25.2800
25.7870
26.2800
26.7830
27.2830
27.7930
28.2935
28.7985
29.3123
29.8022
30.3137
