# Academic Ground Truth from ballroom
# Track ID: Media-106116
# Total Beats: 85
0.3800
0.7340
1.0870
1.4400
1.7930
2.1440
2.4910
2.8400
3.1870
3.5340
3.8840
4.2330
4.5830
4.9340
5.2810
5.6300
5.9790
6.3230
6.6690
7.0170
7.3670
7.7170
8.0630
8.4100
8.7600
9.1040
9.4490
9.7970
10.1490
10.5000
10.8490
11.1970
11.5490
11.9000
12.2440
12.5870
12.9360
13.2840
13.6290
13.9760
14.3210
14.6710
15.0230
15.3730
15.7230
16.0730
16.4200
16.7670
17.1130
17.4560
17.8000
18.1490
18.4990
18.8510
19.2010
19.5510
19.9040
20.2560
20.6030
20.9540
21.3040
21.6540
22.0010
22.3490
22.6940
23.0430
23.3890
23.7360
24.0860
24.4390
24.7890
25.1390
25.4890
25.8360
26.1860
26.5360
26.8860
27.2370
27.5860
27.9340
28.2860
28.6310
28.9770
29.3240
29.6700
