# Academic Ground Truth from ballroom
# Track ID: Media-104308
# Total Beats: 90
0.1000
0.4420
0.7840
1.1260
1.4670
1.8040
2.1420
2.4800
2.8160
3.1530
3.4910
3.8250
4.1610
4.4990
4.8390
5.1770
5.5210
5.8570
6.1930
6.5310
6.8690
7.2040
7.5440
7.8840
8.2150
8.5470
8.8810
9.2110
9.5450
9.8790
10.2150
10.5550
10.8930
11.2270
11.5630
11.8990
12.2290
12.5670
12.9010
13.2370
13.5730
13.9110
14.2450
14.5810
14.9130
15.2490
15.5850
15.9150
16.2490
16.5850
16.9150
17.2430
17.5770
17.9050
18.2310
18.5650
18.8950
19.2270
19.5630
19.8990
20.2310
20.5650
20.8970
21.2270
21.5610
21.8910
22.2290
22.5630
22.8950
23.2270
23.5630
23.8930
24.2250
24.5590
24.8910
25.2210
25.5530
25.8850
26.2170
26.5510
26.8840
27.2120
27.5430
27.8730
28.2010
28.5290
28.8610
29.1800
29.5200
29.8400
