# Academic Ground Truth from ballroom
# Track ID: Media-104608
# Total Beats: 88
0.0600
0.4100
0.7500
1.0970
1.4400
1.7930
2.1370
2.4830
2.8270
3.1630
3.5000
3.8430
4.1930
4.5470
4.8950
5.2380
5.5840
5.9270
6.2700
6.6170
6.9630
7.3100
7.6430
7.9830
8.3330
8.6900
9.0330
9.3670
9.6830
10.0070
10.3400
10.7030
11.0730
11.4300
11.7720
12.0970
12.4260
12.7540
13.0890
13.4230
13.7630
14.1000
14.4380
14.7740
15.1140
15.4430
15.7690
16.1030
16.4530
16.7900
17.1130
17.4270
17.7470
18.0730
18.4130
18.7590
19.1150
19.4650
19.8170
20.1430
20.4700
20.8000
21.1470
21.5000
21.8430
22.1930
22.5330
22.8870
23.2300
23.5830
23.9270
24.2770
24.6230
24.9770
25.3300
25.6830
26.0270
26.3570
26.6800
27.0200
27.3770
27.7390
28.0820
28.4120
28.7400
29.0730
29.4120
29.7470
