# Academic Ground Truth from ballroom
# Track ID: Media-103516
# Total Beats: 84
0.1890
0.5340
0.8820
1.2300
1.5760
1.9180
2.2640
2.6200
2.9840
3.3500
3.7130
4.0730
4.4230
4.7690
5.1160
5.4680
5.8200
6.1700
6.5200
6.8770
7.2370
7.5970
7.9550
8.3190
8.6880
9.0580
9.4210
9.7810
10.1390
10.4980
10.8560
11.2180
11.5820
11.9480
12.3120
12.6750
13.0330
13.3900
13.7470
14.1100
14.4750
14.8390
15.2010
15.5630
15.9230
16.2810
16.6400
17.0030
17.3670
17.7300
18.0900
18.4500
18.8070
19.1620
19.5150
19.8740
20.2310
20.5960
20.9570
21.3250
21.6910
22.0590
22.4210
22.7810
23.1400
23.5030
23.8700
24.2400
24.6080
24.9710
25.3330
25.6910
26.0510
26.4100
26.7700
27.1310
27.4900
27.8490
28.2060
28.5660
28.9240
29.2750
29.6150
29.9490
