# Academic Ground Truth from ballroom
# Track ID: Media-103412
# Total Beats: 62
0.0700
0.5600
1.0600
1.5300
2.0200
2.5100
2.9900
3.4700
3.9600
4.4400
4.9300
5.4000
5.8900
6.3700
6.8600
7.3400
7.8200
8.3100
8.7900
9.2700
9.7600
10.2500
10.7300
11.2100
11.6900
12.1800
12.6600
13.1400
13.6300
14.1100
14.6000
15.0800
15.5700
16.0500
16.5300
17.0100
17.5000
17.9800
18.4700
18.9500
19.4400
19.9200
20.4000
20.8900
21.3800
21.8600
22.3400
22.8200
23.3100
23.8000
24.3000
24.7600
25.2400
25.7300
26.2100
26.6900
27.1800
27.6700
28.1400
28.6300
29.1200
29.6000
