# Academic Ground Truth from ballroom
# Track ID: Media-104918
# Total Beats: 102
0.1300
0.4070
0.6970
0.9870
1.2830
1.5730
1.8670
2.1630
2.4600
2.7570
3.0500
3.3430
3.6330
3.9190
4.2020
4.4990
4.8070
5.1230
5.4270
5.7200
6.0170
6.3170
6.6170
6.9130
7.2130
7.5160
7.8160
8.1030
8.3890
8.6830
8.9980
9.3130
9.6100
9.8980
10.1880
10.4940
10.7930
11.0930
11.3850
11.6780
11.9720
12.2560
12.5500
12.8460
13.1570
13.4600
13.7570
14.0470
14.3370
14.6400
14.9430
15.2400
15.5300
15.8300
16.1370
16.4370
16.7330
17.0230
17.3200
17.6170
17.9170
18.2200
18.5170
18.8140
19.0970
19.3870
19.6800
19.9800
20.2670
20.5500
20.8370
21.1270
21.4230
21.7200
22.0210
22.3140
22.6010
22.8930
23.1930
23.5000
23.8000
24.0970
24.3910
24.6850
24.9750
25.2670
25.5600
25.8630
26.1570
26.4570
26.7430
27.0400
27.3300
27.6230
27.9150
28.2050
28.4950
28.7810
29.0790
29.3870
29.6970
30.0040
