# Academic Ground Truth from ballroom
# Track ID: Media-104108
# Total Beats: 63
0.0400
0.5200
1.0000
1.4900
1.9700
2.4600
2.9300
3.4100
3.9000
4.3900
4.8600
5.3400
5.8300
6.3100
6.7900
7.2800
7.7600
8.2400
8.7300
9.2000
9.6800
10.1700
10.6500
11.1300
11.6100
12.1000
12.5800
13.0600
13.5500
14.0300
14.5000
14.9900
15.4700
15.9500
16.4400
16.9200
17.4100
17.8900
18.3700
18.8500
19.3400
19.8100
20.3000
20.7800
21.2600
21.7400
22.2200
22.7100
23.1900
23.6800
24.1500
24.6400
25.1200
25.6000
26.0800
26.5700
27.0500
27.5300
28.0100
28.5000
28.9800
29.4700
29.9300
