# Academic Ground Truth from ballroom
# Track ID: Media-103617
# Total Beats: 55
0.0900
0.6300
1.1800
1.7500
2.3100
2.8300
3.3800
3.9500
4.5000
5.0500
5.6100
6.1600
6.7000
7.2700
7.8100
8.3600
8.9100
9.4600
10.0000
10.5500
11.0900
11.6400
12.2000
12.7600
13.3000
13.8500
14.4000
14.9500
15.5100
16.0600
16.6000
17.1600
17.7100
18.2500
18.8100
19.3500
19.9100
20.4700
21.0100
21.5600
22.1100
22.6600
23.2200
23.7600
24.3100
24.8700
25.4200
25.9600
26.5100
27.0500
27.6000
28.1600
28.7100
29.2500
29.8100
