# Academic Ground Truth from ballroom
# Track ID: Media-105018
# Total Beats: 101
0.0500
0.3630
0.6700
0.9830
1.2930
1.5970
1.9000
2.2050
2.5120
2.8050
3.0970
3.4000
3.7100
4.0170
4.3170
4.6130
4.9100
5.2070
5.5070
5.8170
6.1330
6.4500
6.7510
7.0480
7.3480
7.6520
7.9590
8.2620
8.5730
8.8720
9.1740
9.4640
9.7670
10.0690
10.3730
10.6670
10.9610
11.2630
11.5700
11.8830
12.1870
12.4970
12.7970
13.0970
13.3970
13.7000
13.9970
14.2870
14.5730
14.8670
15.1630
15.4630
15.7700
16.0700
16.3700
16.6700
16.9700
17.2700
17.5670
17.8730
18.1730
18.4870
18.7770
19.0700
19.3500
19.6470
19.9470
20.2430
20.5370
20.8370
21.1330
21.4330
21.7270
22.0300
22.3270
22.6330
22.9230
23.2170
23.4930
23.7830
24.0730
24.3700
24.6630
24.9700
25.2670
25.5630
25.8530
26.1430
26.4330
26.7200
27.0180
27.3210
27.6180
27.9050
28.1910
28.4940
28.7990
29.1100
29.4000
29.7030
29.9900
