# Academic Ground Truth from ballroom
# Track ID: Media-104516
# Total Beats: 97
2.1200
2.4400
2.7600
3.0300
3.3400
3.6200
3.9200
4.2100
4.5100
4.8000
5.0900
5.3800
5.6700
5.9400
6.2500
6.5300
6.8500
7.0900
7.3700
7.6600
7.9600
8.2400
8.5300
8.8100
9.1100
9.3900
9.6900
9.9700
10.2600
10.5400
10.8500
11.1200
11.4300
11.7000
12.0000
12.2800
12.6000
12.8800
13.1600
13.4400
13.7200
14.0200
14.3100
14.6100
14.8800
15.1700
15.4700
15.7500
16.0400
16.3200
16.6200
16.9000
17.1900
17.4600
17.7200
18.0100
18.3300
18.6200
18.9000
19.1900
19.5000
19.7600
20.0700
20.3400
20.6500
20.9100
21.2200
21.4900
21.7800
22.0700
22.3600
22.6200
22.9300
23.2100
23.4900
23.7800
24.0700
24.3500
24.6400
24.9300
25.2400
25.4900
25.8000
26.0800
26.3800
26.6600
26.9700
27.2600
27.5600
27.8500
28.1300
28.4200
28.7000
28.9900
29.2900
29.5800
29.8900
