# Academic Ground Truth from ballroom
# Track ID: Media-103919
# Total Beats: 72
3.2100
3.5700
3.9500
4.3200
4.7000
5.0600
5.4300
5.8200
6.2000
6.5900
6.9700
7.3400
7.7200
8.0800
8.4700
8.8400
9.2200
9.6000
9.9700
10.3400
10.7100
11.0900
11.4700
11.8600
12.2200
12.6100
12.9800
13.3600
13.7300
14.1000
14.4900
14.8600
15.2400
15.6100
15.9900
16.3600
16.7300
17.1100
17.5000
17.8700
18.2400
18.6200
19.0000
19.3700
19.7500
20.1200
20.5000
20.8700
21.2600
21.6300
22.0000
22.3800
22.7500
23.1300
23.5000
23.8900
24.2700
24.6400
25.0100
25.3800
25.7600
26.1300
26.5100
26.8900
27.2700
27.6500
28.0100
28.3900
28.7600
29.1400
29.5200
29.9000
