# Academic Ground Truth from ballroom
# Track ID: Media-105507
# Total Beats: 64
0.0200
0.4830
0.9470
1.4060
1.8730
2.3430
2.8230
3.2900
3.7570
4.2230
4.6970
5.1630
5.6230
6.0830
6.5500
7.0170
7.4930
7.9700
8.4470
8.9170
9.3830
9.8530
10.3170
10.7800
11.2470
11.7170
12.1900
12.6570
13.1270
13.5970
14.0670
14.5330
15.0030
15.4770
15.9500
16.4200
16.8900
17.3600
17.8300
18.2970
18.7670
19.2300
19.7000
20.1670
20.6300
21.1130
21.5800
22.0500
22.5000
22.9570
23.4300
23.8970
24.3770
24.8500
25.3230
25.7930
26.2630
26.7330
27.2000
27.6630
28.1300
28.6000
29.0700
29.5400
