# Academic Ground Truth from ballroom
# Track ID: Media-105806
# Total Beats: 65
0.0300
0.4880
0.9500
1.4200
1.8900
2.3700
2.8480
3.3180
3.7880
4.2620
4.7300
5.1980
5.6700
6.1340
6.6000
7.0640
7.5280
7.9900
8.4600
8.9260
9.3960
9.8600
10.3260
10.7860
11.2520
11.7160
12.1900
12.6560
13.1280
13.5940
14.0620
14.5300
15.0060
15.4780
15.9520
16.4180
16.8880
17.3500
17.8220
18.2880
18.7620
19.2280
19.7020
20.1660
20.6360
21.1020
21.5680
22.0380
22.5120
22.9820
23.4640
23.9440
24.4120
24.8760
25.3480
25.8060
26.2680
26.7360
27.2020
27.6640
28.1360
28.6080
29.0740
29.5460
30.0220
