# Academic Ground Truth from ballroom
# Track ID: Media-104606
# Total Beats: 65
0.1600
0.6100
1.0700
1.5300
1.9930
2.4430
2.9030
3.3570
3.8200
4.2730
4.7300
5.1800
5.6330
6.0870
6.5470
7.0030
7.4670
7.9100
8.3800
8.8370
9.3030
9.7500
10.2270
10.6870
11.1530
11.5930
12.0500
12.5070
12.9800
13.4630
13.9370
14.4000
14.8630
15.3330
15.8000
16.2600
16.7200
17.1800
17.6430
18.0970
18.5530
19.0170
19.4770
19.9330
20.3830
20.8470
21.3030
21.7670
22.2230
22.6800
23.1370
23.5900
24.0500
24.5070
24.9500
25.4200
25.8800
26.3730
26.8330
27.3270
27.7900
28.2570
28.6970
29.1500
29.6100
