# Academic Ground Truth from ballroom
# Track ID: Media-100614
# Total Beats: 105
0.4200
0.6970
0.9730
1.2570
1.5400
1.8230
2.1030
2.3930
2.6830
2.9700
3.2500
3.5330
3.8130
4.0930
4.3670
4.6430
4.9170
5.1930
5.4770
5.7630
6.0500
6.3330
6.6230
6.9130
7.2000
7.4730
7.7430
8.0200
8.3100
8.6030
8.8830
9.1630
9.4500
9.7470
10.0400
10.3300
10.6130
10.8930
11.1700
11.4500
11.7300
12.0100
12.2900
12.5630
12.8400
13.1270
13.4200
13.7070
13.9870
14.2630
14.5530
14.8330
15.1230
15.3970
15.6870
15.9630
16.2530
16.5300
16.8200
17.1000
17.3870
17.6630
17.9500
18.2300
18.5170
18.7970
19.0870
19.3700
19.6570
19.9330
20.2170
20.4970
20.7900
21.0770
21.3630
21.6430
21.9230
22.2100
22.4900
22.7770
23.0530
23.3370
23.6170
23.8970
24.1770
24.4530
24.7400
25.0170
25.3070
25.5900
25.8830
26.1670
26.4470
26.7230
27.0070
27.2900
27.5770
27.8530
28.1400
28.4230
28.7070
28.9830
29.2670
29.5500
29.8300
