# Academic Ground Truth from ballroom
# Track ID: Media-104709
# Total Beats: 64
0.0300
0.5230
1.0130
1.4970
1.9870
2.4630
2.9400
3.4100
3.8970
4.3730
4.8470
5.3170
5.8030
6.2800
6.7570
7.2200
7.6970
8.1630
8.6370
9.1130
9.5970
10.0830
10.5630
11.0470
11.5300
12.0070
12.4770
12.9370
13.4030
13.8670
14.3370
14.8030
15.2630
15.7100
16.1600
16.6130
17.0700
17.5300
17.9900
18.4530
18.9170
19.3800
19.8500
20.3130
20.7830
21.2430
21.7100
22.1730
22.6330
23.0870
23.5500
24.0170
24.4930
24.9600
25.4270
25.8930
26.3700
26.8600
27.3500
27.8300
28.3070
28.7730
29.2400
29.7000
