# Academic Ground Truth from ballroom
# Track ID: Media-103909
# Total Beats: 61
0.7900
1.3000
1.7900
2.2600
2.7500
3.2300
3.7300
4.2100
4.7000
5.1900
5.6600
6.1400
6.6300
7.1200
7.6100
8.0800
8.5700
9.0400
9.5400
10.0200
10.5100
10.9900
11.4800
11.9700
12.4500
12.9400
13.4200
13.9100
14.3900
14.8600
15.3500
15.8500
16.3400
16.8100
17.3100
17.7900
18.2700
18.7400
19.2300
19.7200
20.2100
20.7000
21.1900
21.6700
22.1400
22.6400
23.1300
23.6000
24.0900
24.5700
25.0600
25.5400
26.0400
26.5100
27.0200
27.4900
27.9500
28.4500
28.9400
29.4100
29.9000
