# Academic Ground Truth from ballroom
# Track ID: Media-104706
# Total Beats: 64
0.3300
0.7500
1.2100
1.6700
2.1500
2.6100
3.0600
3.5200
4.0100
4.4900
4.9400
5.3900
5.9200
6.4100
6.8400
7.3100
7.7800
8.2500
8.7400
9.2100
9.6800
10.1400
10.6000
11.1000
11.5600
12.0300
12.5000
12.9600
13.4500
13.9100
14.4000
14.8500
15.3400
15.8100
16.2700
16.7300
17.2100
17.6700
18.1700
18.6300
19.0900
19.5500
20.0300
20.4900
20.9600
21.4200
21.8700
22.3300
22.8000
23.2700
23.7500
24.2200
24.6800
25.1300
25.6200
26.1000
26.5600
27.0100
27.4900
27.9600
28.4300
28.8800
29.3600
29.8400
