# Academic Ground Truth from ballroom
# Track ID: Media-105517
# Total Beats: 100
0.1000
0.4000
0.7100
1.0000
1.3000
1.6000
1.9200
2.2200
2.5100
2.8200
3.1000
3.4100
3.6900
4.0100
4.3100
4.6000
4.9100
5.2000
5.5100
5.8100
6.1100
6.4100
6.6900
7.0000
7.3100
7.6100
7.8700
8.2000
8.5100
8.8100
9.1200
9.4100
9.7100
10.0100
10.3000
10.6100
10.9100
11.2100
11.5000
11.8100
12.1000
12.4000
12.7000
13.0100
13.3100
13.6100
13.9100
14.2100
14.5100
14.8000
15.0900
15.4000
15.6900
16.0000
16.2800
16.6000
16.9000
17.2000
17.5000
17.8100
18.1000
18.4200
18.7200
19.0100
19.3100
19.6100
19.8900
20.2100
20.5100
20.8100
21.1000
21.4200
21.7100
22.0100
22.3100
22.6100
22.9100
23.2100
23.5100
23.8200
24.1200
24.4100
24.7000
25.0100
25.2900
25.6100
25.9000
26.2100
26.5100
26.8100
27.1000
27.4000
27.7100
28.0100
28.3100
28.6100
28.8900
29.2000
29.5000
29.8100
