# Academic Ground Truth from ballroom
# Track ID: Media-103517
# Total Beats: 85
1.1800
1.5370
1.8870
2.2330
2.5800
2.9300
3.2770
3.6230
3.9670
4.3130
4.6570
5.0070
5.3500
5.7000
6.0430
6.3930
6.7400
7.0870
7.4330
7.7730
8.1170
8.4600
8.8070
9.1500
9.4900
9.8330
10.1700
10.5100
10.8500
11.1870
11.5200
11.8470
12.1900
12.5330
12.8870
13.2330
13.5800
13.9200
14.2600
14.6030
14.9470
15.2900
15.6330
15.9770
16.3200
16.6630
17.0070
17.3530
17.6930
18.0370
18.3730
18.7170
19.0530
19.3930
19.7300
20.0730
20.4130
20.7570
21.0900
21.4270
21.7600
22.1000
22.4330
22.7770
23.1270
23.4800
23.8270
24.1600
24.5000
24.8430
25.1930
25.5370
25.8670
26.2030
26.5400
26.8900
27.2300
27.5700
27.9030
28.2430
28.5870
28.9270
29.2630
29.5970
29.9300
