# Academic Ground Truth from ballroom
# Track ID: Media-105605
# Total Beats: 62
0.0100
0.5000
0.9800
1.4600
1.9500
2.4300
2.9100
3.3900
3.8800
4.3700
4.8500
5.3200
5.8300
6.3000
6.7900
7.2700
7.7500
8.2300
8.7200
9.2000
9.6900
10.1700
10.6600
11.1400
11.6300
12.1100
12.5900
13.0700
13.5600
14.0400
14.5300
15.0100
15.5000
15.9800
16.4700
16.9400
17.4400
17.9100
18.4000
18.8800
19.3700
19.8600
20.3300
20.8200
21.3100
21.7800
22.2700
22.7500
23.2400
23.7200
24.2100
24.6900
25.1800
25.6600
26.1400
26.6200
27.1100
27.5900
28.0800
28.5600
29.0300
29.5300
