# Academic Ground Truth from ballroom
# Track ID: Media-104707
# Total Beats: 64
0.0600
0.5400
1.0100
1.4600
1.9200
2.3400
2.8300
3.2700
3.7600
4.2500
4.7200
5.1900
5.6800
6.1500
6.6200
7.0800
7.5300
7.9900
8.4600
8.9400
9.4100
9.8500
10.3300
10.8100
11.2800
11.7600
12.2300
12.7000
13.1800
13.6200
14.1100
14.5500
15.0500
15.5000
15.9800
16.4400
16.9100
17.3700
17.8400
18.3100
18.7800
19.2500
19.7300
20.1900
20.6600
21.1400
21.6100
22.0500
22.5300
22.9900
23.4700
23.9500
24.4400
24.8700
25.3400
25.7900
26.2800
26.7600
27.2300
27.7000
28.1700
28.6300
29.0900
29.5300
