# Academic Ground Truth from ballroom
# Track ID: Media-104206
# Total Beats: 64
0.0900
0.5600
1.0300
1.4900
1.9600
2.4400
2.9000
3.3600
3.8400
4.2800
4.7900
5.2400
5.7100
6.1800
6.6500
7.1400
7.5900
8.0900
8.5300
9.0100
9.4600
9.9300
10.4000
10.8700
11.3400
11.7900
12.2500
12.7000
13.2100
13.6600
14.1600
14.6500
15.1100
15.5600
16.0300
16.5000
16.9900
17.4500
17.9100
18.3800
18.8500
19.3200
19.7800
20.2500
20.7400
21.2000
21.6600
22.1200
22.6000
23.0600
23.5300
24.0000
24.4700
24.9400
25.4000
25.8800
26.3500
26.8100
27.2800
27.7500
28.2100
28.6800
29.1600
29.6200
