# Academic Ground Truth from ballroom
# Track ID: Media-105715
# Total Beats: 101
0.4400
0.7340
1.0300
1.3260
1.6180
1.9120
2.2060
2.5020
2.7980
3.0920
3.3860
3.6780
3.9620
4.2500
4.5380
4.8280
5.1180
5.4140
5.7080
6.0040
6.2960
6.5900
6.8800
7.1720
7.4600
7.7500
8.0400
8.3340
8.6260
8.9200
9.2200
9.5240
9.8260
10.1320
10.4360
10.7340
11.0240
11.3220
11.6140
11.9100
12.2020
12.5000
12.7940
13.0880
13.3820
13.6760
13.9700
14.2600
14.5580
14.8500
15.1460
15.4420
15.7400
16.0280
16.3260
16.6200
16.9180
17.2120
17.5060
17.7980
18.0920
18.3780
18.6700
18.9660
19.2560
19.5520
19.8480
20.1420
20.4360
20.7340
21.0260
21.3220
21.6200
21.9140
22.2100
22.5040
22.8000
23.0900
23.3840
23.6760
23.9720
24.2640
24.5600
24.8560
25.1500
25.4420
25.7360
26.0300
26.3260
26.6240
26.9180
27.2120
27.5040
27.7900
28.0760
28.3700
28.6620
28.9560
29.2520
29.5500
29.8440
