# Academic Ground Truth from ballroom
# Track ID: Media-104109
# Total Beats: 62
0.0700
0.5600
1.0400
1.5100
2.0100
2.4900
2.9700
3.4500
3.9400
4.4300
4.9000
5.3800
5.8800
6.3500
6.8400
7.3200
7.7700
8.2500
8.7400
9.2200
9.7100
10.1900
10.6800
11.1500
11.6400
12.1200
12.6000
13.0800
13.5800
14.0600
14.5400
15.0200
15.5100
15.9900
16.4800
16.9600
17.4500
17.9300
18.4100
18.8900
19.3800
19.8600
20.3400
20.8200
21.3200
21.7900
22.2800
22.7600
23.2500
23.7300
24.2200
24.7000
25.2000
25.6700
26.1500
26.6400
27.1200
27.6000
28.0900
28.5700
29.0700
29.5400
