# Academic Ground Truth from ballroom
# Track ID: Media-104807
# Total Beats: 66
0.2300
0.7000
1.1800
1.6400
2.0800
2.5500
3.0300
3.4900
3.9300
4.3900
4.8500
5.2700
5.7400
6.1900
6.6500
7.1100
7.5500
8.0000
8.4500
8.9100
9.3400
9.8100
10.2700
10.7200
11.1700
11.6300
12.0700
12.5200
12.9700
13.4100
13.8600
14.3200
14.7900
15.2300
15.7000
16.1400
16.6100
17.0700
17.5200
17.9700
18.4300
18.9100
19.3600
19.8100
20.2700
20.7300
21.2000
21.6700
22.0900
22.5400
22.9900
23.4300
23.8900
24.3600
24.8000
25.2600
25.7000
26.1600
26.6200
27.0700
27.5100
27.9800
28.4600
28.8900
29.3300
29.8000
