# Academic Ground Truth from ballroom
# Track ID: Media-103406
# Total Beats: 61
0.8300
1.3100
1.8000
2.2800
2.7700
3.2500
3.7400
4.2200
4.7000
5.1900
5.6700
6.1500
6.6500
7.1200
7.6100
8.0900
8.5800
9.0600
9.5400
10.0200
10.5100
10.9900
11.4800
11.9600
12.4500
12.9300
13.4200
13.9000
14.3800
14.8600
15.3500
15.8300
16.3200
16.8000
17.2800
17.7700
18.2500
18.7300
19.2200
19.7000
20.1900
20.6700
21.1500
21.6400
22.1200
22.6100
23.0900
23.5700
24.0600
24.5400
25.0200
25.5100
25.9900
26.4800
26.9700
27.4500
27.9300
28.4100
28.9000
29.3800
29.8600
