# Academic Ground Truth from ballroom
# Track ID: Media-103409
# Total Beats: 61
0.8600
1.3500
1.8300
2.3100
2.8100
3.2800
3.7700
4.2600
4.7300
5.2200
5.7000
6.1800
6.6700
7.1600
7.6400
8.1200
8.6100
9.0900
9.5700
10.0600
10.5600
11.0400
11.5100
11.9900
12.4800
12.9600
13.4400
13.9300
14.4200
14.9000
15.3800
15.8600
16.3700
16.8300
17.3100
17.8000
18.2800
18.7800
19.2500
19.7300
20.2300
20.7000
21.1900
21.6700
22.1500
22.6400
23.1300
23.6100
24.1000
24.5900
25.0700
25.5400
26.0300
26.5300
26.9900
27.4800
27.9400
28.4400
28.9200
29.4100
29.8800
