# Academic Ground Truth from ballroom
# Track ID: Media-105809
# Total Beats: 89
0.0200
0.3540
0.6890
1.0260
1.3610
1.7000
2.0390
2.3790
2.7190
3.0600
3.3990
3.7390
4.0770
4.4160
4.7540
5.0940
5.4310
5.7690
6.1070
6.4440
6.7830
7.1240
7.4610
7.8000
8.1400
8.4770
8.8190
9.1600
9.4960
9.8340
10.1740
10.5110
10.8510
11.1900
11.5270
11.8660
12.2070
12.5460
12.8840
13.2230
13.5610
13.9010
14.2440
14.5830
14.9230
15.2640
15.6030
15.9410
16.2810
16.6170
16.9540
17.2930
17.6310
17.9710
18.3110
18.6490
18.9890
19.3290
19.6690
20.0090
20.3490
20.6860
21.0200
21.3590
21.7000
22.0390
22.3770
22.7140
23.0530
23.3960
23.7360
24.0700
24.4070
24.7460
25.0870
25.4300
25.7710
26.1110
26.4530
26.7910
27.1300
27.4670
27.8010
28.1360
28.4730
28.8090
29.1490
29.4890
29.8260
