# Academic Ground Truth from ballroom
# Track ID: Media-103407
# Total Beats: 62
0.2500
0.7300
1.2200
1.7000
2.1800
2.6700
3.1500
3.6400
4.1200
4.6100
5.0900
5.5700
6.0500
6.5200
7.0200
7.5100
8.0000
8.4800
8.9600
9.4500
9.9300
10.4200
10.9000
11.3800
11.8600
12.3500
12.8400
13.3200
13.8000
14.2800
14.7700
15.2500
15.7400
16.2200
16.7100
17.1900
17.6700
18.1500
18.6400
19.1300
19.6200
20.0900
20.5800
21.0600
21.5400
22.0300
22.5100
22.9900
23.4800
23.9600
24.4500
24.9300
25.4200
25.9000
26.3800
26.8700
27.3500
27.8300
28.3200
28.8000
29.2900
29.7700
