# Academic Ground Truth from ballroom
# Track ID: Media-105318
# Total Beats: 91
0.0460
0.3940
0.7576
1.1407
1.4803
1.8068
2.1290
2.4707
2.8365
3.1412
3.4880
3.8580
4.1710
4.4990
4.8450
5.1920
5.5280
5.8570
6.2000
6.5520
6.8920
7.2220
7.5480
7.8840
8.2070
8.5250
8.8520
9.1930
9.5370
9.8760
10.2180
10.5750
10.9260
11.2580
11.5840
11.9170
12.2660
12.6120
12.9580
13.2970
13.6360
13.9620
14.2930
14.6290
14.9710
15.3170
15.6510
15.9980
16.3340
16.6800
17.0080
17.3430
17.6800
18.0160
18.3490
18.6780
19.0180
19.3530
19.6840
20.0120
20.3360
20.6640
21.0030
21.3470
21.6980
22.0400
22.3840
22.7220
23.0600
23.3940
23.7260
24.0530
24.4010
24.7440
25.0900
25.4210
25.7660
26.1230
26.4690
26.8130
27.1460
27.4750
27.8010
28.1210
28.4670
28.8150
29.1720
29.5110
29.8600
30.1970
30.5430
