# Academic Ground Truth from ballroom
# Track ID: Media-104506
# Total Beats: 64
0.2100
0.7100
1.1500
1.6100
2.1000
2.5800
3.0300
3.5000
3.9600
4.3800
4.8900
5.3600
5.8100
6.2500
6.7200
7.1800
7.6300
8.1100
8.5600
9.0400
9.5100
9.9800
10.4400
10.8800
11.3800
11.8400
12.3000
12.7400
13.2300
13.6900
14.1500
14.6400
15.1000
15.5800
16.0300
16.5000
16.9900
17.4300
17.9100
18.3800
18.8400
19.3200
19.7700
20.2400
20.7100
21.1800
21.6300
22.0900
22.5800
23.0400
23.5100
23.9800
24.4500
24.9200
25.3900
25.8500
26.3100
26.7900
27.2500
27.7100
28.1900
28.6500
29.1200
29.5800
