# Academic Ground Truth from ballroom
# Track ID: Media-103312
# Total Beats: 100
0.0400
0.3270
0.6230
0.9200
1.2230
1.5200
1.8200
2.1230
2.4270
2.7300
3.0270
3.3230
3.6200
3.9230
4.2230
4.5270
4.8230
5.1270
5.4230
5.7300
6.0300
6.3330
6.6270
6.9230
7.2200
7.5230
7.8270
8.1300
8.4300
8.7230
9.0230
9.3230
9.6370
9.9470
10.2530
10.5430
10.8330
11.1300
11.4370
11.7370
12.0300
12.3230
12.6200
12.9200
13.2270
13.5300
13.8300
14.1230
14.4200
14.7170
15.0230
15.3330
15.6430
15.9430
16.2330
16.5300
16.8230
17.1270
17.4230
17.7170
18.0030
18.2900
18.5970
18.9070
19.2230
19.5370
19.8430
20.1470
20.4370
20.7400
21.0370
21.3330
21.6230
21.9170
22.2130
22.5170
22.8300
23.1370
23.4400
23.7370
24.0400
24.3430
24.6470
24.9470
25.2400
25.5330
25.8300
26.1300
26.4270
26.7170
27.0100
27.3030
27.6000
27.8900
28.1970
28.5100
28.8230
29.1300
29.4330
29.7370
