# Academic Ground Truth from ballroom
# Track ID: Media-105320
# Total Beats: 100
1.2000
1.4500
1.7700
2.0600
2.3500
2.6300
2.9500
3.2200
3.5000
3.7700
4.0700
4.3500
4.6400
4.9400
5.2400
5.5300
5.8300
6.1200
6.4100
6.7000
6.9900
7.2800
7.5600
7.8600
8.1500
8.4300
8.7200
9.0100
9.3100
9.5900
9.8800
10.1600
10.4500
10.7400
11.0400
11.3200
11.6200
11.9000
12.1900
12.4800
12.7700
13.0500
13.3400
13.6300
13.9300
14.2200
14.5100
14.7900
15.0900
15.3800
15.6700
15.9500
16.2300
16.5300
16.8200
17.1000
17.4000
17.6900
17.9700
18.2600
18.5500
18.8300
19.1200
19.4100
19.7300
20.0100
20.2900
20.5800
20.8800
21.1500
21.4500
21.7300
22.0300
22.3200
22.6000
22.9000
23.1800
23.4600
23.7500
24.0400
24.3500
24.6200
24.9200
25.2000
25.5100
25.7800
26.0600
26.3600
26.6600
26.9400
27.2200
27.5200
27.8200
28.1000
28.3800
28.6700
28.9600
29.2500
29.5400
29.8300
