# Academic Ground Truth from ballroom
# Track ID: Media-100606
# Total Beats: 64
0.3400
0.8130
1.2830
1.7530
2.2270
2.7070
3.1730
3.6400
4.0970
4.5700
5.0330
5.5030
5.9700
6.4470
6.9170
7.3870
7.8570
8.3300
8.7970
9.2570
9.7170
10.1900
10.6600
11.1330
11.5870
12.0600
12.5270
13.0070
13.4570
13.9270
14.3970
14.8800
15.3470
15.8200
16.2900
16.7600
17.2170
17.6830
18.1570
18.6330
19.1030
19.5730
20.0400
20.5070
20.9730
21.4500
21.9270
22.3930
22.8470
23.3000
23.7670
24.2430
24.7070
25.1800
25.6500
26.1330
26.5900
27.0570
27.5230
28.0000
28.4700
28.9400
29.4070
29.8700
