# Academic Ground Truth from ballroom
# Track ID: Media-103414
# Total Beats: 63
0.0500
0.5300
1.0100
1.4800
1.9500
2.4600
2.9100
3.4300
3.8900
4.3500
4.8500
5.3300
5.8100
6.3100
6.7700
7.2500
7.7400
8.2200
8.7200
9.1900
9.6700
10.1700
10.6500
11.1300
11.6200
12.1000
12.5800
13.0600
13.5500
14.0300
14.5200
14.9900
15.4800
15.9600
16.4500
16.9300
17.4100
17.8900
18.3700
18.8500
19.3400
19.8200
20.3100
20.7900
21.2800
21.7500
22.2400
22.7100
23.2000
23.6800
24.1700
24.6500
25.1400
25.6100
26.1000
26.5800
27.0500
27.5500
28.0300
28.5100
29.0000
29.4800
29.9400
