# Academic Ground Truth from ballroom
# Track ID: Media-104906
# Total Beats: 64
0.1100
0.6000
1.0800
1.5600
2.0400
2.5000
3.0000
3.4790
3.9300
4.4100
4.9100
5.3810
5.8600
6.3500
6.8000
7.2800
7.7600
8.2160
8.6990
9.1300
9.6100
10.1000
10.5700
11.0500
11.5500
12.0200
12.4700
12.8960
13.3800
13.8600
14.3200
14.7700
15.2200
15.7000
16.1500
16.5900
17.0600
17.5000
18.0100
18.4690
18.9300
19.3600
19.8100
20.2700
20.7200
21.2100
21.6600
22.1430
22.6300
23.0900
23.5600
24.0200
24.5000
24.9700
25.4200
25.9180
26.3800
26.8500
27.3500
27.8200
28.3300
28.7900
29.2700
29.7000
