# Academic Ground Truth from ballroom
# Track ID: Media-105516
# Total Beats: 97
1.1600
1.4660
1.7700
2.0720
2.3800
2.6820
2.9840
3.2840
3.5860
3.8820
4.1820
4.4820
4.7900
5.0960
5.4040
5.7120
6.0180
6.3140
6.6120
6.9080
7.2060
7.5020
7.8020
8.1000
8.4020
8.6960
8.9940
9.2900
9.5860
9.8820
10.1880
10.4920
10.7980
11.1020
11.4060
11.7060
12.0080
12.3080
12.6080
12.9020
13.1960
13.4920
13.7940
14.0940
14.4000
14.7060
15.0080
15.3100
15.6160
15.9120
16.2080
16.5040
16.7980
17.0940
17.3920
17.6940
18.0020
18.3060
18.6040
18.9100
19.2100
19.5060
19.8040
20.1060
20.4060
20.7080
21.0080
21.3060
21.6080
21.9060
22.2060
22.5060
22.8060
23.1020
23.3960
23.6880
23.9880
24.2920
24.5980
24.9080
25.2220
25.5240
25.8240
26.1200
26.4180
26.7120
27.0120
27.3100
27.6100
27.9100
28.2100
28.5080
28.8080
29.1120
29.4120
29.7160
30.0200
