# Academic Ground Truth from ballroom
# Track ID: Media-103718
# Total Beats: 63
0.1600
0.6300
1.1200
1.6200
2.0700
2.5500
3.1100
3.6000
4.0500
4.5700
5.0500
5.5100
5.9900
6.4800
6.9300
7.4100
7.8700
8.3600
8.8600
9.3300
9.8200
10.3100
10.7900
11.2600
11.7500
12.2300
12.7000
13.1900
13.6700
14.1400
14.6200
15.0900
15.5800
16.0700
16.5500
17.0300
17.5100
17.9900
18.4800
18.9600
19.4400
19.9200
20.4000
20.8700
21.3500
21.8400
22.3200
22.7900
23.2700
23.7500
24.2400
24.7200
25.1900
25.6700
26.1700
26.6500
27.1300
27.6100
28.0900
28.5600
29.0400
29.5200
29.9900
