# Academic Ground Truth from ballroom
# Track ID: Media-104407
# Total Beats: 91
0.1100
0.4400
0.7660
1.0880
1.4090
1.7310
2.0570
2.3870
2.7170
3.0460
3.3750
3.7050
4.0370
4.3700
4.7030
5.0370
5.3680
5.6950
6.0190
6.3440
6.6750
7.0140
7.3560
7.6980
8.0390
8.3780
8.7130
9.0440
9.3720
9.7000
10.0310
10.3640
10.7000
11.0360
11.3700
11.7000
12.0290
12.3590
12.6900
13.0210
13.3530
13.6840
14.0150
14.3420
14.6670
14.9910
15.3180
15.6470
15.9780
16.3100
16.6400
16.9690
17.2990
17.6310
17.9630
18.2940
18.6240
18.9540
19.2860
19.6170
19.9480
20.2760
20.6030
20.9310
21.2630
21.5970
21.9290
22.2570
22.5830
22.9090
23.2380
23.5640
23.8880
24.2110
24.5360
24.8640
25.1930
25.5230
25.8570
26.1950
26.5370
26.8800
27.2210
27.5600
27.8970
28.2300
28.5590
28.8860
29.1750
29.3560
29.5300
