# Academic Ground Truth from ballroom
# Track ID: Media-103509
# Total Beats: 62
0.0400
0.5300
1.0300
1.5100
1.9900
2.4600
2.9600
3.4500
3.9300
4.4200
4.9000
5.3700
5.8500
6.3600
6.8300
7.3200
7.8100
8.2900
8.7700
9.2600
9.7400
10.2200
10.7100
11.2000
11.6800
12.1600
12.6500
13.1300
13.6300
14.0900
14.5900
15.0700
15.5600
16.0300
16.5200
17.0000
17.4900
17.9800
18.4600
18.9400
19.4300
19.9200
20.4000
20.8900
21.3700
21.8500
22.3300
22.8200
23.3000
23.7800
24.2800
24.7600
25.2400
25.7300
26.2100
26.7000
27.1900
27.6700
28.1400
28.6300
29.1200
29.6000
