# Academic Ground Truth from ballroom
# Track ID: Media-105904
# Total Beats: 66
0.2800
0.7660
1.2540
1.7440
2.2280
2.7080
3.1840
3.6500
4.1060
4.5620
5.0160
5.4640
5.9100
6.3580
6.8060
7.2580
7.7080
8.1660
8.6240
9.0820
9.5340
9.9920
10.4420
10.8940
11.3420
11.7960
12.2460
12.6980
13.1420
13.5860
14.0200
14.4580
14.8980
15.3480
15.7980
16.2560
16.7100
17.1640
17.6120
18.0650
18.5180
18.9680
19.4080
19.8560
20.2930
20.7180
21.1540
21.5960
22.0320
22.4800
22.9340
23.3850
23.8370
24.2950
24.7470
25.2090
25.6620
26.1160
26.5660
27.0140
27.4540
27.9040
28.3500
28.7940
29.2380
29.6880
