# Academic Ground Truth from ballroom
# Track ID: Media-105911
# Total Beats: 98
0.9200
1.2220
1.5240
1.8260
2.1250
2.4260
2.7240
3.0240
3.3190
3.6150
3.9100
4.2050
4.5000
4.7920
5.0920
5.3830
5.6790
5.9690
6.2760
6.5820
6.8790
7.1770
7.4820
7.7840
8.0900
8.3920
8.7070
9.0120
9.3100
9.6050
9.8970
10.1930
10.4950
10.8020
11.1140
11.4260
11.7390
12.0400
12.3350
12.6240
12.9190
13.2150
13.5180
13.8260
14.1370
14.4420
14.7480
15.0420
15.3370
15.6340
15.9460
16.2590
16.5690
16.8580
17.1590
17.4480
17.7580
18.0510
18.3480
18.6380
18.9230
19.2050
19.4920
19.7720
20.0630
20.3540
20.6580
20.9550
21.2480
21.5500
21.8420
22.1370
22.4150
22.7080
22.9880
23.2800
23.5710
23.8670
24.1610
24.4560
24.7530
25.0500
25.3470
25.6440
25.9320
26.2180
26.5090
26.8120
27.1130
27.4090
27.6970
27.9870
28.2860
28.5900
28.8900
29.1860
29.4860
29.7930
