# Academic Ground Truth from ballroom
# Track ID: Media-106102
# Total Beats: 59
1.9300
2.4110
2.8930
3.3740
3.8590
4.3410
4.8270
5.3110
5.7960
6.2800
6.7630
7.2460
7.7300
8.2130
8.6960
9.1800
9.6640
10.1490
10.6330
11.1160
11.6000
12.0840
12.5690
13.0530
13.5370
14.0200
14.5040
14.9870
15.4710
15.9540
16.4390
16.9230
17.4090
17.8930
18.3770
18.8610
19.3460
19.8290
20.3130
20.7960
21.2790
21.7610
22.2430
22.7260
23.2100
23.6930
24.1710
24.6560
25.1440
25.6300
26.1140
26.5990
27.0830
27.5710
28.0560
28.5360
29.0200
29.5040
29.9870
