# Academic Ground Truth from ballroom
# Track ID: Media-105820
# Total Beats: 103
0.0400
0.3130
0.5930
0.8700
1.1470
1.4270
1.7200
2.0230
2.3230
2.6170
2.9070
3.1970
3.4800
3.7670
4.0600
4.3670
4.6730
4.9730
5.2670
5.5600
5.8570
6.1500
6.4470
6.7330
7.0270
7.3130
7.6070
7.8970
8.1870
8.4800
8.7770
9.0730
9.3700
9.6670
9.9670
10.2670
10.5670
10.8670
11.1670
11.4670
11.7670
12.0600
12.3530
12.6430
12.9370
13.2270
13.5200
13.8130
14.1100
14.4030
14.7000
14.9900
15.2770
15.5600
15.8530
16.1530
16.4570
16.7570
17.0530
17.3430
17.6330
17.9230
18.2200
18.5170
18.8130
19.1100
19.4070
19.7000
19.9870
20.2730
20.5670
20.8670
21.1670
21.4600
21.7530
22.0430
22.3430
22.6430
22.9430
23.2370
23.5300
23.8230
24.1200
24.4100
24.7030
24.9930
25.2900
25.5830
25.8800
26.1730
26.4670
26.7570
27.0500
27.3430
27.6400
27.9370
28.2370
28.5330
28.8300
29.1230
29.4200
29.7070
29.9970
