# Academic Ground Truth from ballroom
# Track ID: Media-104908
# Total Beats: 87
0.0500
0.4100
0.7700
1.1290
1.4870
1.8400
2.1840
2.5290
2.8830
3.2570
3.6230
3.9760
4.3130
4.6600
5.0200
5.3700
5.7140
6.0600
6.4030
6.7500
7.0900
7.4360
7.7830
8.1260
8.4670
8.8000
9.1400
9.4870
9.8300
10.1670
10.5000
10.8370
11.1800
11.5300
11.8870
12.2370
12.5900
12.9430
13.2930
13.6370
13.9730
14.3200
14.6570
15.0000
15.3370
15.6840
16.0310
16.3710
16.7130
17.0460
17.3860
17.7200
18.0530
18.3900
18.7400
19.0960
19.4420
19.7810
20.1190
20.4650
20.8100
21.1600
21.5100
21.8740
22.2300
22.5730
22.8900
23.2200
23.5570
23.9130
24.2530
24.5900
24.9270
25.2730
25.6270
25.9780
26.3250
26.6610
26.9970
27.3250
27.6610
28.0010
28.3460
28.6860
29.0200
29.3520
29.6950
