# Academic Ground Truth from ballroom
# Track ID: Media-104307
# Total Beats: 89
0.3800
0.6900
0.9900
1.3700
1.7200
2.0700
2.4100
2.7400
3.0800
3.4300
3.7500
4.0600
4.4100
4.7500
5.0800
5.3900
5.7300
6.0400
6.3800
6.7200
7.0500
7.3900
7.7100
8.0300
8.3600
8.7000
9.0600
9.4000
9.7300
10.0700
10.3800
10.7200
11.0600
11.3900
11.7200
12.0600
12.3800
12.7300
13.0500
13.3900
13.7300
14.0800
14.4000
14.7500
15.0800
15.4000
15.7200
16.0500
16.3800
16.7200
17.0600
17.4000
17.7400
18.0300
18.3900
18.7200
19.0600
19.3800
19.7100
20.0400
20.3900
20.7300
21.0700
21.3900
21.7200
22.0500
22.3700
22.7200
23.0500
23.4000
23.7200
24.0400
24.4000
24.7300
25.0700
25.4000
25.7200
26.0600
26.4100
26.7200
27.0600
27.3800
27.7000
28.0500
28.4000
28.7400
29.0700
29.4000
29.7300
