# Academic Ground Truth from ballroom
# Track ID: Media-103308
# Total Beats: 88
0.0600
0.4170
0.7630
1.1030
1.4500
1.7970
2.1470
2.4830
2.8330
3.1770
3.5300
3.8730
4.2200
4.5570
4.9100
5.2630
5.6170
5.9600
6.3070
6.6600
7.0030
7.3470
7.6930
8.0530
8.4200
8.7730
9.1170
9.4570
9.8130
10.1770
10.5400
10.8900
11.2100
11.5300
11.8370
12.1800
12.5230
12.8800
13.2070
13.5330
13.8570
14.2030
14.5500
14.9000
15.2400
15.5800
15.9070
16.2330
16.5770
16.9330
17.2870
17.6230
17.9400
18.2700
18.5970
18.9430
19.2830
19.6270
19.9700
20.3200
20.6700
21.0000
21.3300
21.6600
22.0100
22.3530
22.6970
23.0400
23.3900
23.7270
24.0630
24.3900
24.7300
25.0770
25.4270
25.7770
26.1200
26.4570
26.7930
27.1270
27.4570
27.7930
28.1330
28.4770
28.8130
29.1500
29.5000
29.8500
