# Academic Ground Truth from ballroom
# Track ID: Media-103814
# Total Beats: 86
0.0400
0.3980
0.7500
1.1000
1.4440
1.7920
2.1400
2.4900
2.8400
3.1900
3.5400
3.8900
4.2380
4.5920
4.9480
5.3080
5.6640
6.0200
6.3660
6.7120
7.0520
7.3960
7.7420
8.0920
8.4400
8.7900
9.1380
9.4860
9.8320
10.1800
10.5280
10.8780
11.2280
11.5760
11.9240
12.2700
12.6200
12.9640
13.3120
13.6520
13.9920
14.3340
14.6840
15.0320
15.3900
15.7480
16.0940
16.4440
16.7900
17.1340
17.4820
17.8360
18.1860
18.5400
18.8880
19.2380
19.5880
19.9340
20.2800
20.6320
20.9800
21.3280
21.6780
22.0300
22.3820
22.7320
23.0820
23.4380
23.7860
24.1400
24.4920
24.8460
25.1920
25.5400
25.8780
26.2200
26.5580
26.9060
27.2580
27.6120
27.9660
28.3220
28.6700
29.0100
29.3600
29.7000
