# Academic Ground Truth from ballroom
# Track ID: Media-104010
# Total Beats: 63
0.2900
0.7600
1.2400
1.7100
2.1800
2.6700
3.1400
3.6300
4.1000
4.5800
5.0600
5.5400
6.0100
6.4800
6.9500
7.4300
7.9200
8.4000
8.8800
9.3500
9.8200
10.3100
10.7800
11.2500
11.7300
12.2200
12.6900
13.1500
13.6300
14.1100
14.5800
15.0400
15.5300
16.0100
16.4900
16.9500
17.4500
17.9300
18.4000
18.8700
19.3600
19.8300
20.3100
20.7700
21.2600
21.7300
22.2100
22.6800
23.1500
23.6300
24.0900
24.5700
25.0600
25.5500
26.0300
26.5000
26.9700
27.4600
27.9200
28.4200
28.9000
29.3900
29.8500
