# Academic Ground Truth from ballroom
# Track ID: Media-105705
# Total Beats: 63
0.7053
1.1500
1.6300
2.0970
2.5770
3.0370
3.5070
3.9700
4.4470
4.9170
5.3900
5.8600
6.3300
6.7970
7.2630
7.7300
8.2000
8.6700
9.1370
9.6070
10.0770
10.5470
11.0130
11.4830
11.9530
12.4230
12.8900
13.3600
13.8270
14.2930
14.7600
15.2300
15.7000
16.1700
16.6400
17.1100
17.5770
18.0430
18.5100
18.9830
19.4530
19.9230
20.3900
20.8600
21.3300
21.8000
22.2700
22.7370
23.2030
23.6700
24.1400
24.6100
25.0800
25.5500
26.0200
26.4870
26.9530
27.4200
27.8900
28.3600
28.8300
29.3000
29.7700
