# Academic Ground Truth from ballroom
# Track ID: Media-104217
# Total Beats: 101
0.4500
0.7300
1.0200
1.3000
1.6100
1.8900
2.1900
2.4800
2.7700
3.0700
3.3600
3.6400
3.9300
4.2200
4.5100
4.8000
5.1100
5.4100
5.6900
6.0100
6.3000
6.6100
6.8900
7.2000
7.5000
7.7900
8.0900
8.3700
8.6700
8.9500
9.2500
9.5300
9.8500
10.1300
10.4300
10.7400
11.0100
11.3200
11.6200
11.9100
12.2100
12.5100
12.8000
13.1100
13.3900
13.6500
13.9700
14.2500
14.5500
14.8500
15.1500
15.4500
15.7300
16.0300
16.3200
16.6200
16.9200
17.2100
17.5000
17.8000
18.0900
18.3800
18.6900
18.9800
19.2700
19.5600
19.8500
20.1400
20.4400
20.7400
21.0300
21.3300
21.6100
21.9200
22.2200
22.5100
22.7900
23.0800
23.3800
23.6600
23.9700
24.2600
24.5600
24.8300
25.1500
25.4500
25.7300
26.0300
26.3300
26.6200
26.9100
27.2000
27.5000
27.7900
28.0900
28.3800
28.6800
28.9700
29.2700
29.5500
29.8500
