# Academic Ground Truth from ballroom
# Track ID: Media-105518
# Total Beats: 100
0.0160
0.3060
0.6030
0.8950
1.1910
1.4890
1.7940
2.0930
2.3890
2.6870
2.9870
3.2890
3.5990
3.9110
4.2160
4.5110
4.8040
5.0960
5.3870
5.6840
5.9910
6.2990
6.6060
6.9120
7.2150
7.5120
7.8090
8.1030
8.4010
8.6970
8.9930
9.2850
9.5810
9.8830
10.1850
10.4890
10.7970
11.0990
11.3990
11.6970
11.9990
12.2990
12.6010
12.9010
13.2030
13.5010
13.8010
14.1030
14.4030
14.7050
15.0010
15.3010
15.5990
15.8990
16.1970
16.4990
16.7950
17.0930
17.3890
17.6870
17.9830
18.2850
18.5830
18.8830
19.1830
19.4910
19.7930
20.0990
20.4030
20.7050
21.0030
21.3030
21.5990
21.8990
22.1950
22.4930
22.7910
23.0910
23.3910
23.6970
23.9990
24.3010
24.6010
24.9010
25.1930
25.4910
25.7890
26.0890
26.3890
26.6950
26.9950
27.2950
27.5970
27.8990
28.2010
28.5010
28.8030
29.1050
29.4070
29.7050
