# Academic Ground Truth from ballroom
# Track ID: Media-103508
# Total Beats: 62
0.1200
0.5600
1.0600
1.5600
2.0900
2.5800
3.0400
3.5200
4.0300
4.5100
4.9500
5.4400
5.9500
6.4200
6.9200
7.3900
7.8600
8.3500
8.8400
9.3200
9.8100
10.2900
10.7900
11.2600
11.7200
12.2300
12.7200
13.2000
13.6900
14.1500
14.6200
15.1200
15.6000
16.0900
16.5600
17.0300
17.5100
17.9800
18.4800
18.9500
19.4200
19.8900
20.3900
20.8700
21.3300
21.8200
22.3000
22.8000
23.2800
23.7700
24.2500
24.7300
25.1900
25.6900
26.1700
26.6400
27.1300
27.6300
28.1200
28.6000
29.0800
29.5600
