# Academic Ground Truth from ballroom
# Track ID: Media-103619
# Total Beats: 67
0.0600
0.5000
0.9500
1.3700
1.8500
2.2700
2.7100
3.1500
3.6100
4.0300
4.4900
4.9300
5.3800
5.8200
6.2700
6.7100
7.1700
7.6000
8.0200
8.4500
8.9300
9.3600
9.8300
10.2900
10.7600
11.2100
11.6500
12.1100
12.5200
13.0000
13.4700
13.9100
14.3600
14.8100
15.2700
15.7100
16.1700
16.6100
17.0200
17.4900
17.9700
18.4100
18.8800
19.3000
19.7700
20.2000
20.6800
21.1200
21.5800
22.0300
22.4700
22.9200
23.3700
23.8300
24.2800
24.7000
25.1600
25.5800
26.0600
26.4900
26.9400
27.3700
27.8200
28.2700
28.6900
29.1200
29.5700
