# Academic Ground Truth from ballroom
# Track ID: Media-106115
# Total Beats: 85
0.4300
0.7770
1.1250
1.4720
1.8190
2.1640
2.5080
2.8510
3.1970
3.5410
3.8890
4.2330
4.5790
4.9260
5.2740
5.6260
5.9770
6.3290
6.6800
7.0340
7.3860
7.7370
8.0900
8.4430
8.7970
9.1530
9.5010
9.8540
10.2040
10.5500
10.8990
11.2440
11.5910
11.9440
12.2940
12.6450
12.9950
13.3470
13.6950
14.0470
14.3960
14.7470
15.0960
15.4490
15.8010
16.1540
16.5030
16.8540
17.2030
17.5540
17.9010
18.2490
18.5990
18.9490
19.3010
19.6540
20.0060
20.3600
20.7100
21.0560
21.4060
21.7560
22.1070
22.4590
22.8070
23.1600
23.5160
23.8690
24.2170
24.5660
24.9140
25.2660
25.6140
25.9640
26.3140
26.6660
27.0160
27.3700
27.7210
28.0740
28.4230
28.7740
29.1230
29.4710
29.8160
