# Academic Ground Truth from ballroom
# Track ID: Media-105309
# Total Beats: 89
0.0200
0.3630
0.7030
1.0500
1.3900
1.7270
2.0600
2.4030
2.7470
3.0930
3.4270
3.7670
4.1000
4.4300
4.7700
5.1150
5.4650
5.7980
6.1370
6.4770
6.8200
7.1600
7.5020
7.8460
8.1790
8.5120
8.8550
9.1990
9.5430
9.8770
10.2200
10.5530
10.8930
11.2300
11.5690
11.8990
12.2260
12.5690
12.9230
13.2730
13.6100
13.9500
14.2990
14.6450
14.9820
15.3170
15.6530
15.9930
16.3330
16.6720
17.0120
17.3490
17.6830
18.0230
18.3600
18.7100
19.0500
19.3800
19.7030
20.0400
20.3930
20.7470
21.0900
21.4230
21.7670
22.1030
22.4570
22.7970
23.1370
23.4670
23.7990
24.1350
24.4690
24.8090
25.1490
25.5010
25.8490
26.1890
26.5230
26.8570
27.1930
27.5270
27.8630
28.2070
28.5500
28.8770
29.2030
29.5310
29.8740
