# Academic Ground Truth from ballroom
# Track ID: Media-104615
# Total Beats: 102
0.0522
0.3454
0.6647
0.9800
1.2700
1.5670
1.8800
2.1830
2.4900
2.7830
3.0870
3.3900
3.6900
3.9870
4.2800
4.5800
4.8770
5.1700
5.4670
5.7630
6.0700
6.3670
6.6700
6.9530
7.2430
7.5300
7.8330
8.1370
8.4470
8.7470
9.0530
9.3400
9.6400
9.9200
10.2100
10.4970
10.8030
11.1100
11.4130
11.7000
11.9830
12.2670
12.5530
12.8500
13.1470
13.4470
13.7400
14.0330
14.3330
14.6330
14.9400
15.2330
15.5230
15.8000
16.0800
16.3670
16.6630
16.9700
17.2670
17.5570
17.8430
18.1370
18.4370
18.7270
19.0200
19.3030
19.6070
19.9000
20.2070
20.5030
20.8100
21.1100
21.4070
21.6900
21.9800
22.2630
22.5630
22.8500
23.1430
23.4370
23.7300
24.0230
24.3130
24.6000
24.8930
25.1870
25.4830
25.7700
26.0530
26.3400
26.6270
26.9170
27.2100
27.5130
27.8070
28.1070
28.4130
28.7330
29.0430
29.3430
29.6370
29.9300
