# Academic Ground Truth from ballroom
# Track ID: Media-104408
# Total Beats: 90
0.0500
0.3930
0.7270
1.0430
1.3770
1.7070
2.0470
2.3770
2.7130
3.0400
3.3630
3.6870
4.0200
4.3570
4.6900
5.0200
5.3470
5.6830
6.0200
6.3530
6.6800
7.0030
7.3300
7.6570
7.9930
8.3370
8.6700
8.9970
9.3270
9.6630
10.0100
10.3500
10.6830
11.0130
11.3430
11.6830
12.0230
12.3570
12.6970
13.0270
13.3630
13.6970
14.0370
14.3700
14.7030
15.0330
15.3700
15.7070
16.0400
16.3730
16.7070
17.0400
17.3730
17.7070
18.0430
18.3800
18.7100
19.0370
19.3700
19.7100
20.0530
20.3870
20.7170
21.0470
21.3800
21.7130
22.0500
22.3800
22.7200
23.0500
23.3870
23.7130
24.0470
24.3800
24.7130
25.0430
25.3770
25.7070
26.0400
26.3770
26.7170
27.0500
27.3800
27.7100
28.0500
28.3870
28.7270
29.0600
29.3970
29.7300
