# Academic Ground Truth from ballroom
# Track ID: Media-104119
# Total Beats: 85
0.4267
0.8200
1.1800
1.5400
1.8800
2.2300
2.5700
2.9200
3.2600
3.6200
3.9700
4.3100
4.6600
5.0200
5.3600
5.7200
6.0700
6.4200
6.7700
7.1100
7.4400
7.7900
8.1400
8.4900
8.8400
9.1900
9.5400
9.8900
10.2400
10.6000
10.9400
11.2900
11.6300
11.9900
12.3500
12.7000
13.0500
13.4100
13.7600
14.1100
14.4500
14.8000
15.1400
15.4800
15.8200
16.1700
16.5200
16.8600
17.2000
17.5600
17.9200
18.2800
18.6300
18.9800
19.3300
19.6800
20.0300
20.3800
20.7300
21.0700
21.4300
21.7700
22.1100
22.4700
22.8200
23.1700
23.5200
23.8700
24.2200
24.5700
24.9200
25.2600
25.6000
25.9600
26.3100
26.6600
27.0100
27.3500
27.6900
28.0400
28.3800
28.7400
29.0800
29.4300
29.7800
