# Academic Ground Truth from ballroom
# Track ID: Media-105016
# Total Beats: 100
0.4400
0.7400
1.0400
1.3370
1.6330
1.9270
2.2170
2.4970
2.7800
3.0730
3.3670
3.6630
3.9470
4.2370
4.5170
4.8030
5.0830
5.3830
5.6800
5.9930
6.2900
6.5930
6.8830
7.1770
7.4770
7.7870
8.0970
8.4030
8.7030
9.0030
9.2930
9.5900
9.8700
10.1730
10.4700
10.7830
11.0770
11.3770
11.6730
11.9730
12.2700
12.5730
12.8730
13.1730
13.4700
13.7700
14.0700
14.3770
14.6800
14.9830
15.2770
15.5800
15.8800
16.1800
16.4670
16.7570
17.0570
17.3600
17.6670
17.9730
18.2830
18.5770
18.8700
19.1630
19.4700
19.7730
20.0800
20.3830
20.6830
20.9800
21.2800
21.5800
21.8830
22.1830
22.4830
22.7770
23.0700
23.3570
23.6430
23.9300
24.2270
24.5300
24.8370
25.1300
25.4300
25.7330
26.0470
26.3530
26.6570
26.9630
27.2600
27.5670
27.8700
28.1770
28.4730
28.7730
29.0770
29.3830
29.6830
29.9870
