# Academic Ground Truth from ballroom
# Track ID: Media-103906
# Total Beats: 62
0.0700
0.5400
1.0300
1.5100
2.0000
2.4400
2.9500
3.4400
3.9300
4.4100
4.8500
5.3900
5.8600
6.3300
6.8300
7.3100
7.7900
8.2700
8.7500
9.2400
9.7300
10.2100
10.7000
11.1700
11.6600
12.1500
12.6400
13.1100
13.6000
14.0900
14.5700
15.0500
15.5300
16.0200
16.5100
16.9800
17.4800
17.9600
18.4300
18.9100
19.4100
19.8800
20.3700
20.8500
21.3400
21.8300
22.3100
22.7800
23.2800
23.7700
24.2400
24.7200
25.2100
25.7000
26.1700
26.6500
27.1500
27.6200
28.1100
28.6000
29.0800
29.5700
