# Academic Ground Truth from ballroom
# Track ID: Media-105509
# Total Beats: 78
3.7330
4.1060
4.4630
4.8130
5.1300
5.4600
5.8100
6.1500
6.4800
6.8200
7.1600
7.5000
7.8300
8.1800
8.5100
8.8500
9.1900
9.5300
9.8700
10.2200
10.5500
10.8900
11.2400
11.5600
11.9000
12.2500
12.5800
12.9200
13.2700
13.6000
13.9300
14.2800
14.6200
14.9600
15.3000
15.6400
15.9700
16.3100
16.6500
16.9510
17.2900
17.6700
18.0100
18.3500
18.6800
19.0200
19.3700
19.7000
20.0400
20.3800
20.7200
21.0600
21.4000
21.7710
22.1400
22.4200
22.7500
23.1000
23.4400
23.7700
24.1200
24.4400
24.7900
25.1300
25.4500
25.8100
26.1500
26.5000
26.8200
27.1700
27.5100
27.8500
28.1950
28.5200
28.8500
29.1900
29.5400
29.8700
