# Academic Ground Truth from ballroom
# Track ID: Media-105604
# Total Beats: 62
0.0100
0.5000
0.9800
1.4600
1.9500
2.4300
2.9100
3.4000
3.8800
4.3600
4.8500
5.3400
5.8200
6.3000
6.7900
7.2700
7.7600
8.2400
8.7200
9.2000
9.6900
10.1700
10.6600
11.1400
11.6300
12.1100
12.5900
13.0800
13.5600
14.0400
14.5300
15.0200
15.5100
15.9800
16.4600
16.9500
17.4300
17.9200
18.4000
18.8800
19.3600
19.8500
20.3300
20.8200
21.3100
21.7900
22.2700
22.7600
23.2400
23.7200
24.2100
24.6900
25.1800
25.6600
26.1400
26.6300
27.1100
27.5900
28.0800
28.5600
29.0500
29.5300
