# Academic Ground Truth from ballroom
# Track ID: Media-105109
# Total Beats: 66
0.0600
0.5070
0.9530
1.4070
1.8730
2.3430
2.7970
3.2600
3.7430
4.2330
4.7100
5.1730
5.6270
6.0770
6.5270
6.9770
7.4270
7.8770
8.3300
8.7830
9.2300
9.6800
10.1400
10.6000
11.0730
11.5370
12.0100
12.4670
12.9330
13.3870
13.8530
14.2930
14.7500
15.1970
15.6770
16.1300
16.5870
17.0470
17.5200
17.9830
18.4400
18.9070
19.3700
19.8400
20.3030
20.7730
21.2230
21.6700
22.1170
22.5670
23.0230
23.4770
23.9230
24.3730
24.8370
25.3070
25.7730
26.2370
26.7070
27.1670
27.6270
28.0930
28.5700
29.0370
29.4870
29.9300
