# Academic Ground Truth from ballroom
# Track ID: Media-103304
# Total Beats: 66
0.0800
0.5600
1.0200
1.4700
1.9300
2.3800
2.8400
3.2900
3.7400
4.1800
4.6500
5.1000
5.5500
6.0100
6.4500
6.9000
7.3800
7.8000
8.2700
8.7200
9.1700
9.6200
10.0800
10.5400
11.0000
11.4400
11.9000
12.3400
12.7900
13.2500
13.7000
14.1700
14.6000
15.0500
15.5100
15.9600
16.4000
16.8800
17.3400
17.8000
18.2500
18.7000
19.1500
19.5900
20.0500
20.5300
20.9800
21.4400
21.8900
22.3500
22.8000
23.2600
23.7100
24.1700
24.6200
25.0800
25.5400
25.9700
26.4300
26.9000
27.3500
27.8100
28.2700
28.7300
29.1800
29.6400
