# Academic Ground Truth from ballroom
# Track ID: Media-104405
# Total Beats: 64
0.0700
0.5630
1.0470
1.5200
1.9930
2.4600
2.9330
3.3930
3.8700
4.3330
4.8170
5.2800
5.7570
6.2200
6.7000
7.1700
7.6470
8.1070
8.5770
9.0370
9.5130
9.9800
10.4630
10.9330
11.4070
11.8670
12.3330
12.7970
13.2630
13.7300
14.1930
14.6600
15.1230
15.5900
16.0630
16.5330
17.0070
17.4670
17.9370
18.3970
18.8630
19.3230
19.7970
20.2570
20.7230
21.1900
21.6530
22.1170
22.5800
23.0530
23.5230
23.9870
24.4430
24.9030
25.3570
25.8270
26.3070
26.7870
27.2600
27.7070
28.1700
28.6300
29.0870
29.5200
