# Academic Ground Truth from ballroom
# Track ID: Media-105511
# Total Beats: 89
0.0260
0.3590
0.6960
1.0250
1.3610
1.6940
2.0300
2.3610
2.7030
3.0460
3.3830
3.7250
4.0670
4.4030
4.7370
5.0770
5.4150
5.7530
6.0950
6.4350
6.7750
7.1170
7.4590
7.8010
8.1490
8.4870
8.8170
9.1510
9.4850
9.8150
10.1570
10.4990
10.8410
11.1790
11.5170
11.8530
12.1890
12.5270
12.8670
13.2050
13.5430
13.8850
14.2290
14.5690
14.9110
15.2530
15.5930
15.9310
16.2690
16.6090
16.9430
17.2810
17.6190
17.9570
18.2970
18.6410
18.9830
19.3210
19.6610
19.9930
20.3210
20.6570
20.9970
21.3350
21.6770
22.0210
22.3510
22.6870
23.0230
23.3610
23.7050
24.0510
24.3910
24.7350
25.0750
25.4110
25.7530
26.0930
26.4270
26.7670
27.1070
27.4450
27.7830
28.1230
28.4590
28.7990
29.1390
29.4810
29.8250
