# Academic Ground Truth from ballroom
# Track ID: Media-100616
# Total Beats: 103
0.2900
0.5770
0.8630
1.1500
1.4300
1.7200
2.0070
2.2930
2.5770
2.8700
3.1630
3.4430
3.7170
4.0070
4.2970
4.5970
4.8870
5.1870
5.4830
5.7730
6.0670
6.3530
6.6430
6.9300
7.2200
7.5100
7.7970
8.0830
8.3730
8.6670
8.9570
9.2430
9.5300
9.8200
10.1100
10.3970
10.6830
10.9700
11.2600
11.5470
11.8370
12.1230
12.4170
12.7030
12.9930
13.2800
13.5700
13.8570
14.1430
14.4300
14.7170
15.0000
15.2830
15.5670
15.8570
16.1500
16.4430
16.7370
17.0270
17.3170
17.6070
17.8970
18.1900
18.4800
18.7700
19.0570
19.3430
19.6300
19.9200
20.2070
20.4930
20.7770
21.0700
21.3600
21.6530
21.9400
22.2300
22.5130
22.7970
23.0800
23.3800
23.6770
23.9730
24.2500
24.5300
24.8070
25.0970
25.3830
25.6770
25.9670
26.2600
26.5470
26.8270
27.1070
27.3970
27.6930
27.9900
28.2800
28.5700
28.8570
29.1430
29.4300
29.7200
