# Academic Ground Truth from ballroom
# Track ID: Media-104909
# Total Beats: 89
0.1600
0.4600
0.8000
1.1500
1.4800
1.8200
2.1500
2.4710
2.7900
3.1200
3.4740
3.8300
4.1900
4.5100
4.8600
5.2000
5.5300
5.8600
6.2100
6.5500
6.8700
7.1800
7.5400
7.8830
8.2030
8.5690
8.9100
9.2470
9.5800
9.9170
10.2600
10.5930
10.9380
11.2500
11.5900
11.9400
12.2700
12.6150
12.9600
13.2900
13.6200
13.9600
14.3000
14.6360
14.9820
15.3200
15.6400
16.0000
16.3200
16.6700
17.0100
17.3400
17.6800
18.0100
18.3200
18.6700
18.9800
19.3400
19.6400
19.9700
20.3300
20.6700
20.9930
21.3400
21.6740
21.9940
22.3500
22.6500
23.0120
23.3700
23.6700
23.9900
24.3300
24.6800
25.0200
25.3700
25.6700
26.0100
26.3300
26.6800
26.9800
27.3600
27.6800
27.9900
28.3100
28.6800
29.0400
29.3610
29.6890
