# Academic Ground Truth from ballroom
# Track ID: Media-105121
# Total Beats: 101
0.0700
0.3790
0.6880
0.9970
1.3110
1.6310
1.9490
2.2690
2.5880
2.9080
3.2260
3.5410
3.8540
4.1600
4.4600
4.7600
5.0600
5.3610
5.6580
5.9540
6.2600
6.5630
6.8670
7.1690
7.4710
7.7710
8.0700
8.3690
8.6670
8.9570
9.2510
9.5480
9.8470
10.1440
10.4410
10.7400
11.0390
11.3360
11.6320
11.9280
12.2210
12.5130
12.8060
13.0970
13.3890
13.6800
13.9740
14.2660
14.5580
14.8500
15.1430
15.4370
15.7320
16.0270
16.3220
16.6170
16.9130
17.2090
17.5050
17.8000
18.0950
18.3900
18.6860
18.9810
19.2770
19.5740
19.8700
20.1660
20.4620
20.7580
21.0560
21.3540
21.6560
21.9570
22.2600
22.5630
22.8680
23.1740
23.4790
23.7840
24.0880
24.3910
24.6940
24.9960
25.2990
25.6030
25.9060
26.2070
26.5080
26.8080
27.1080
27.4080
27.7100
28.0110
28.3110
28.6120
28.9140
29.2170
29.5190
29.8220
30.1250
