# Academic Ground Truth from ballroom
# Track ID: Media-105415
# Total Beats: 85
0.0200
0.3970
0.7670
1.1330
1.4930
1.8500
2.2100
2.5730
2.9400
3.3070
3.6700
4.0330
4.3900
4.7500
5.1070
5.4530
5.7970
6.1400
6.4930
6.8470
7.2030
7.5670
7.9270
8.2830
8.6370
8.9930
9.3500
9.7000
10.0500
10.4000
10.7600
11.1100
11.4600
11.8030
12.1570
12.5100
12.8670
13.2270
13.5800
13.9330
14.2830
14.6430
15.0070
15.3630
15.7170
16.0630
16.4170
16.7670
17.1200
17.4670
17.8200
18.1670
18.5230
18.8730
19.2270
19.5730
19.9270
20.2830
20.6370
20.9900
21.3400
21.7000
22.0470
22.3900
22.7300
23.0830
23.4430
23.7970
24.1500
24.5070
24.8630
25.2100
25.5530
25.9030
26.2600
26.6170
26.9700
27.3130
27.6630
28.0100
28.3670
28.7130
29.0670
29.4170
29.7700
