# Academic Ground Truth from ballroom
# Track ID: Media-103611
# Total Beats: 83
0.6000
0.9700
1.3300
1.6800
2.0400
2.4000
2.7600
3.1200
3.4800
3.8400
4.2000
4.5500
4.9200
5.2900
5.6200
5.9900
6.3700
6.7400
7.1100
7.4700
7.8300
8.1800
8.5400
8.8900
9.2500
9.6100
9.9800
10.3200
10.6900
11.0400
11.4100
11.7800
12.1300
12.4800
12.8400
13.1900
13.5700
13.9200
14.2800
14.6500
15.0000
15.3500
15.7100
16.0700
16.4300
16.7800
17.1300
17.5000
17.8600
18.2100
18.5700
18.9300
19.2800
19.6300
19.9900
20.3400
20.7000
21.0500
21.4000
21.7600
22.1000
22.4600
22.8200
23.1700
23.5200
23.8800
24.2400
24.5900
24.9500
25.3000
25.6300
26.0100
26.3700
26.7100
27.0600
27.4000
27.7700
28.1200
28.4400
28.8300
29.2000
29.5600
29.9100
