# Academic Ground Truth from ballroom
# Track ID: Media-104616
# Total Beats: 97
1.6400
1.9300
2.2300
2.5300
2.8300
3.1300
3.4300
3.7300
4.0200
4.3100
4.6000
4.9000
5.2000
5.5000
5.8000
6.1000
6.3900
6.6800
6.9800
7.2800
7.5700
7.8500
8.1400
8.4400
8.7300
9.0200
9.3100
9.6100
9.9100
10.2100
10.5100
10.8100
11.1100
11.4000
11.7000
11.9800
12.2800
12.5500
12.8500
13.1400
13.4400
13.7300
14.0300
14.3200
14.6200
14.9200
15.2200
15.5000
15.8000
16.1000
16.3800
16.6700
16.9600
17.2500
17.5400
17.8300
18.1200
18.4200
18.7200
19.0200
19.3000
19.6000
19.9000
20.2000
20.5000
20.7800
21.0800
21.3800
21.6700
21.9700
22.2700
22.5600
22.8600
23.1500
23.4400
23.7400
24.0400
24.3400
24.6400
24.9500
25.2500
25.5500
25.8400
26.1300
26.4200
26.7200
27.0200
27.3100
27.6000
27.8900
28.1900
28.4900
28.7900
29.0900
29.3900
29.6900
29.9900
