# Academic Ground Truth from ballroom
# Track ID: Media-103714
# Total Beats: 84
1.4100
1.7500
2.0900
2.4330
2.7730
3.1170
3.4570
3.8000
4.1400
4.4800
4.8200
5.1600
5.5000
5.8430
6.1830
6.5270
6.8670
7.2100
7.5500
7.8900
8.2300
8.5700
8.9100
9.2500
9.5900
9.9300
10.2700
10.6130
10.9570
11.3000
11.6400
11.9870
12.3270
12.6730
13.0100
13.3430
13.6770
14.0200
14.3730
14.7070
15.0400
15.3800
15.7270
16.0670
16.4030
16.7530
17.0970
17.4400
17.7730
18.1100
18.4470
18.7900
19.1330
19.4770
19.8170
20.1570
20.4970
20.8400
21.1830
21.5300
21.8670
22.2030
22.5370
22.8770
23.2200
23.5600
23.9030
24.2470
24.5900
24.9300
25.2700
25.6100
25.9530
26.2970
26.6370
26.9770
27.3170
27.6600
28.0000
28.3400
28.6800
29.0200
29.3630
29.7030
