# Academic Ground Truth from ballroom
# Track ID: Media-105317
# Total Beats: 63
0.6600
1.1230
1.5900
2.0570
2.5270
2.9970
3.4700
3.9430
4.4170
4.8830
5.3500
5.8170
6.2830
6.7470
7.2130
7.6870
8.1600
8.6300
9.0930
9.5600
10.0270
10.4970
10.9700
11.4370
11.9030
12.3700
12.8400
13.3070
13.7700
14.2200
14.6700
15.1370
15.6230
16.1100
16.5770
17.0400
17.5030
17.9730
18.4430
18.9100
19.3730
19.8430
20.3130
20.7870
21.2570
21.7270
22.1800
22.6470
23.1330
23.6370
24.1330
24.6100
25.0770
25.5370
26.0170
26.4970
26.9700
27.4300
27.9130
28.3770
28.8330
29.2730
29.7300
