# Academic Ground Truth from ballroom
# Track ID: Media-105817
# Total Beats: 102
0.2900
0.5840
0.8800
1.1770
1.4730
1.7660
2.0560
2.3490
2.6390
2.9300
3.2230
3.5130
3.8040
4.0990
4.3930
4.6890
4.9840
5.2770
5.5740
5.8730
6.1690
6.4630
6.7590
7.0510
7.3440
7.6340
7.9260
8.2200
8.5130
8.8040
9.0990
9.3930
9.6910
9.9860
10.2810
10.5770
10.8790
11.1740
11.4740
11.7670
12.0640
12.3560
12.6500
12.9400
13.2340
13.5240
13.8190
14.1090
14.4030
14.6940
14.9890
15.2830
15.5790
15.8730
16.1690
16.4610
16.7590
17.0530
17.3470
17.6410
17.9370
18.2310
18.5290
18.8210
19.1160
19.4070
19.7000
19.9900
20.2810
20.5710
20.8610
21.1540
21.4500
21.7460
22.0400
22.3390
22.6390
22.9370
23.2360
23.5300
23.8240
24.1200
24.4090
24.6990
24.9930
25.2810
25.5760
25.8670
26.1630
26.4600
26.7540
27.0490
27.3440
27.6360
27.9300
28.2210
28.5190
28.8110
29.1030
29.3910
29.6860
29.9790
