# Academic Ground Truth from ballroom
# Track ID: Media-106007
# Total Beats: 62
0.3900
0.8760
1.3600
1.8440
2.3280
2.8120
3.2940
3.7780
4.2620
4.7460
5.2320
5.7160
6.2000
6.6840
7.1680
7.6500
8.1360
8.6200
9.1040
9.5860
10.0700
10.5520
11.0360
11.5200
12.0060
12.4900
12.9740
13.4580
13.9420
14.4240
14.9080
15.3920
15.8760
16.3600
16.8460
17.3300
17.8140
18.2960
18.7800
19.2620
19.7460
20.2300
20.7160
21.2000
21.6840
22.1680
22.6520
23.1340
23.6180
24.1040
24.5880
25.0720
25.5560
26.0400
26.5220
27.0040
27.4880
27.9740
28.4580
28.9420
29.4260
29.9100
