# Academic Ground Truth from ballroom
# Track ID: Media-105602
# Total Beats: 62
0.1100
0.6000
1.0800
1.5600
2.0500
2.5400
3.0100
3.4900
3.9900
4.4700
4.9600
5.4300
5.9200
6.4000
6.8900
7.3500
7.8600
8.3500
8.8200
9.3000
9.7900
10.2800
10.7500
11.2200
11.7300
12.2100
12.7000
13.1800
13.6600
14.1500
14.6300
15.1100
15.6000
16.0800
16.5700
17.0500
17.5400
18.0200
18.5000
18.9800
19.4700
19.9500
20.4400
20.9100
21.4100
21.8900
22.3800
22.8700
23.3500
23.8300
24.3100
24.7900
25.2800
25.7600
26.2500
26.7200
27.2200
27.7000
28.1900
28.6600
29.1500
29.6200
