# Academic Ground Truth from ballroom
# Track ID: Media-104609
# Total Beats: 91
0.1000
0.4600
0.8000
1.1300
1.4800
1.8000
2.1400
2.4600
2.7700
3.1100
3.4200
3.7600
4.0900
4.4400
4.7600
5.0800
5.4400
5.7600
6.1000
6.4200
6.7800
7.1100
7.4400
7.7700
8.1000
8.4100
8.7500
9.1000
9.4200
9.7600
10.0800
10.4300
10.7500
11.0900
11.4500
11.7600
12.1000
12.4400
12.7800
13.0900
13.4300
13.7700
14.1000
14.4200
14.7400
15.0900
15.4300
15.7400
16.0800
16.4300
16.7600
17.0700
17.4100
17.7500
18.0500
18.4000
18.7300
19.0800
19.4300
19.7500
20.0800
20.4300
20.7500
21.0800
21.3700
21.7200
22.0600
22.3800
22.7300
23.0400
23.3600
23.6900
24.0200
24.3700
24.7200
25.0400
25.3400
25.6600
26.0000
26.3600
26.6700
27.0100
27.3600
27.6800
28.0100
28.3600
28.6800
29.0000
29.3500
29.6800
30.0000
