# Academic Ground Truth from ballroom
# Track ID: Media-105913
# Total Beats: 103
0.0390
0.3500
0.6620
0.9710
1.2760
1.5710
1.8690
2.1590
2.4510
2.7400
3.0400
3.3360
3.6370
3.9410
4.2470
4.5390
4.8260
5.1150
5.4150
5.7080
6.0100
6.3100
6.6050
6.8900
7.1760
7.4770
7.7720
8.0570
8.3350
8.6200
8.9070
9.1920
9.4790
9.7750
10.0760
10.3720
10.6700
10.9590
11.2490
11.5350
11.8290
12.1240
12.4180
12.7080
12.9960
13.2850
13.5780
13.8720
14.1710
14.4640
14.7580
15.0480
15.3450
15.6390
15.9290
16.2120
16.5050
16.7980
17.0920
17.3790
17.6630
17.9520
18.2460
18.5390
18.8320
19.1250
19.4260
19.7230
20.0200
20.3090
20.6020
20.8890
21.1880
21.4830
21.7740
22.0620
22.3550
22.6520
22.9440
23.2310
23.5250
23.8200
24.1150
24.3980
24.6930
24.9790
25.2780
25.5630
25.8600
26.1580
26.4580
26.7590
27.0500
27.3500
27.6370
27.9250
28.2060
28.4920
28.7820
29.0720
29.3720
29.6620
29.9600
