# Academic Ground Truth from ballroom
# Track ID: Media-105505
# Total Beats: 63
0.6900
1.1600
1.6300
2.1000
2.5700
3.0600
3.5200
4.0000
4.4500
4.9100
5.3800
5.8500
6.3100
6.8100
7.2800
7.7500
8.2100
8.6800
9.1400
9.6000
10.0500
10.5397
11.0100
11.4800
11.9400
12.4000
12.8900
13.3400
13.7900
14.2800
14.7600
15.2300
15.6900
16.1700
16.6300
17.0800
17.5600
18.0463
18.5252
19.0041
19.4467
19.9256
20.4009
20.8400
21.3100
21.7900
22.2700
22.7500
23.2000
23.6880
24.1488
24.6000
25.0600
25.5400
26.0200
26.4900
26.9400
27.3900
27.8800
28.4009
28.8290
29.2900
29.7600
