# Academic Ground Truth from ballroom
# Track ID: Media-103417
# Total Beats: 55
0.8600
1.3900
1.9400
2.4700
3.0100
3.5500
4.0800
4.6100
5.1700
5.6800
6.2300
6.7500
7.3100
7.8300
8.3600
8.9100
9.4300
9.9900
10.5200
11.0500
11.5900
12.1300
12.6700
13.1800
13.7300
14.2500
14.8000
15.3200
15.8700
16.4100
16.9300
17.4700
18.0100
18.5500
19.0800
19.6100
20.1400
20.6900
21.2100
21.7600
22.3000
22.8300
23.3600
23.8900
24.4400
24.9700
25.5000
26.0400
26.5900
27.1200
27.6600
28.2000
28.7200
29.2600
29.7900
