# Academic Ground Truth from ballroom
# Track ID: Media-105819
# Total Beats: 101
0.5300
0.8320
1.1280
1.4260
1.7180
2.0100
2.3000
2.5960
2.8880
3.1860
3.4800
3.7780
4.0720
4.3700
4.6620
4.9560
5.2460
5.5420
5.8300
6.1240
6.4160
6.7120
7.0040
7.3000
7.5900
7.8860
8.1780
8.4720
8.7640
9.0600
9.3540
9.6500
9.9420
10.2420
10.5360
10.8320
11.1240
11.4200
11.7080
12.0040
12.2940
12.5900
12.8820
13.1800
13.4740
13.7660
14.0580
14.3540
14.6500
14.9440
15.2400
15.5340
15.8260
16.1160
16.4100
16.7040
17.0020
17.3020
17.5960
17.8880
18.1860
18.4780
18.7680
19.0660
19.3620
19.6540
19.9480
20.2420
20.5320
20.8260
21.1220
21.4160
21.7120
22.0060
22.3000
22.5920
22.8880
23.1800
23.4760
23.7720
24.0660
24.3580
24.6520
24.9460
25.2380
25.5320
25.8260
26.1200
26.4160
26.7120
27.0080
27.3040
27.5980
27.8860
28.1740
28.4660
28.7560
29.0500
29.3440
29.6400
29.9320
