# Academic Ground Truth from ballroom
# Track ID: Media-105314
# Total Beats: 100
0.0200
0.3100
0.6100
0.9100
1.2100
1.5100
1.8100
2.1100
2.4100
2.6900
3.0100
3.3000
3.6100
3.8900
4.1700
4.5200
4.7900
5.1000
5.4100
5.6900
6.0000
6.2900
6.5900
6.8700
7.2000
7.5000
7.8100
8.1000
8.4100
8.7000
9.0000
9.2800
9.6100
9.9100
10.2100
10.5100
10.8100
11.1100
11.4200
11.7100
12.0200
12.3000
12.6100
12.9200
13.2700
13.5700
13.8700
14.1600
14.4200
14.7100
15.0100
15.3100
15.6100
15.9100
16.2000
16.5200
16.8100
17.1100
17.4100
17.7000
18.0100
18.2900
18.6000
18.8800
19.2100
19.5100
19.8200
20.1200
20.4200
20.6900
20.9800
21.2800
21.6100
21.9100
22.2100
22.5200
22.8200
23.1100
23.4100
23.6900
24.0100
24.3200
24.6200
24.9100
25.2100
25.5000
25.8200
26.1300
26.4100
26.7100
27.0100
27.3300
27.6200
27.9200
28.2300
28.5200
28.8300
29.1200
29.4300
29.7200
