# Academic Ground Truth from ballroom
# Track ID: Media-104118
# Total Beats: 86
0.0500
0.4100
0.7600
1.1000
1.4400
1.8000
2.1400
2.5000
2.8200
3.2000
3.5400
3.9000
4.2400
4.5900
4.9200
5.2900
5.6300
5.9900
6.3400
6.6900
7.0400
7.3800
7.6900
8.0800
8.4300
8.7700
9.1200
9.4800
9.8300
10.1800
10.5200
10.8800
11.2200
11.5700
11.9200
12.2700
12.6200
12.9600
13.3000
13.6700
14.0100
14.3600
14.7100
15.0600
15.4100
15.7600
16.1000
16.4600
16.7900
17.1500
17.5000
17.8500
18.2000
18.5500
18.9000
19.2500
19.5900
19.9400
20.2900
20.6400
20.9700
21.3300
21.6900
22.0400
22.3800
22.7300
23.0800
23.4300
23.7700
24.1300
24.4800
24.8300
25.1700
25.5200
25.8700
26.2300
26.5700
26.9200
27.2700
27.6200
27.9600
28.3200
28.6600
29.0200
29.3600
29.7100
