# Academic Ground Truth from ballroom
# Track ID: Media-105405
# Total Beats: 58
2.3500
2.8400
3.3200
3.8000
4.2900
4.7700
5.2500
5.7300
6.2200
6.7000
7.1900
7.6700
8.1600
8.6400
9.1200
9.6000
10.0700
10.5700
11.0600
11.5400
12.0300
12.5100
12.9900
13.4700
13.9600
14.4400
14.9200
15.4000
15.8900
16.3800
16.8500
17.3400
17.8200
18.3000
18.8000
19.2700
19.7600
20.2400
20.7300
21.2000
21.6900
22.1700
22.6600
23.1400
23.6300
24.1200
24.5900
25.0700
25.5600
26.0400
26.5300
27.0100
27.4900
27.9800
28.4700
28.9300
29.4300
29.9100
