# Academic Ground Truth from ballroom
# Track ID: Media-105906
# Total Beats: 66
0.3270
0.7780
1.2290
1.6810
2.1330
2.5850
3.0400
3.4980
3.9560
4.4140
4.8690
5.3180
5.7640
6.2060
6.6470
7.0900
7.5380
7.9880
8.4410
8.8980
9.3590
9.8230
10.2830
10.7400
11.1880
11.6330
12.0700
12.5080
12.9500
13.4020
13.8610
14.3230
14.7850
15.2440
15.6950
16.1420
16.5880
17.0380
17.4860
17.9390
18.3880
18.8400
19.2890
19.7440
20.2000
20.6660
21.1360
21.5970
22.0340
22.4710
22.9160
23.3800
23.8410
24.3010
24.7590
25.2200
25.6800
26.1470
26.6050
27.0630
27.5230
28.0050
28.4860
28.9600
29.4190
29.8830
