# Academic Ground Truth from ballroom
# Track ID: Media-103410
# Total Beats: 62
0.3100
0.7900
1.2700
1.7600
2.2500
2.7300
3.2100
3.6900
4.1800
4.6700
5.1400
5.6200
6.1000
6.5900
7.0800
7.5700
8.0500
8.5400
9.0200
9.5000
9.9900
10.4600
10.9500
11.4300
11.9200
12.4100
12.8900
13.3600
13.8500
14.3300
14.8100
15.3000
15.7800
16.2700
16.7600
17.2400
17.7200
18.2000
18.7000
19.1800
19.6600
20.1500
20.6400
21.1100
21.6000
22.0800
22.5700
23.0500
23.5300
24.0200
24.5100
24.9700
25.4700
25.9500
26.4300
26.9200
27.4100
27.8900
28.3800
28.8600
29.3300
29.8200
