# Academic Ground Truth from ballroom
# Track ID: Media-105907
# Total Beats: 89
0.0300
0.3700
0.7100
1.0500
1.3830
1.7170
2.0470
2.3800
2.7130
3.0470
3.3770
3.7100
4.0470
4.3930
4.7330
5.0700
5.4070
5.7430
6.0800
6.4130
6.7500
7.0900
7.4300
7.7730
8.1130
8.4530
8.7930
9.1330
9.4770
9.8200
10.1630
10.5030
10.8400
11.1800
11.5230
11.8670
12.2030
12.5400
12.8770
13.2170
13.5530
13.8900
14.2200
14.5470
14.8770
15.2170
15.5530
15.8870
16.2200
16.5600
16.9030
17.2500
17.5970
17.9430
18.2830
18.6270
18.9700
19.3130
19.6470
19.9770
20.3100
20.6500
20.9930
21.3370
21.6800
22.0200
22.3570
22.6900
23.0230
23.3600
23.6970
24.0330
24.3730
24.7170
25.0630
25.4070
25.7530
26.0970
26.4300
26.7600
27.0930
27.4330
27.7770
28.1200
28.4600
28.7970
29.1300
29.4670
29.8030
