# Academic Ground Truth from ballroom
# Track ID: Media-104111
# Total Beats: 62
0.0500
0.5700
1.0500
1.5400
2.0200
2.5100
2.9800
3.4700
3.9600
4.4400
4.9200
5.4200
5.8900
6.3600
6.8600
7.3200
7.8100
8.3000
8.7900
9.2700
9.7600
10.2400
10.7200
11.2100
11.6900
12.1700
12.6600
13.1400
13.6300
14.1000
14.5900
15.0800
15.5500
16.0500
16.5300
17.0100
17.5000
17.9800
18.4600
18.9500
19.4300
19.9200
20.4000
20.8800
21.3700
21.8500
22.3300
22.8000
23.2700
23.7800
24.2700
24.7600
25.2400
25.7200
26.2000
26.6800
27.1700
27.6600
28.1400
28.6200
29.1100
29.6000
