# Academic Ground Truth from ballroom
# Track ID: Media-105708
# Total Beats: 87
0.5200
0.8670
1.2070
1.5400
1.8670
2.2070
2.5430
2.8870
3.2270
3.5730
3.9200
4.2600
4.6000
4.9370
5.2770
5.6170
5.9570
6.2930
6.6270
6.9630
7.3030
7.6530
7.9930
8.3300
8.6570
8.9900
9.3300
9.6700
10.0130
10.3500
10.6900
11.0300
11.3700
11.7100
12.0470
12.3870
12.7270
13.0670
13.4070
13.7470
14.0870
14.4230
14.7630
15.1030
15.4430
15.7830
16.1230
16.4630
16.8000
17.1370
17.4770
17.8130
18.1500
18.4870
18.8300
19.1730
19.5130
19.8470
20.1870
20.5270
20.8630
21.2000
21.5370
21.8830
22.2230
22.5630
22.9000
23.2370
23.5770
23.9200
24.2600
24.5970
24.9270
25.2670
25.6070
25.9530
26.2870
26.6270
26.9730
27.3330
27.6800
28.0130
28.3400
28.6700
29.0070
29.3430
29.6830
