# Academic Ground Truth from ballroom
# Track ID: Media-104210
# Total Beats: 90
0.0400
0.3800
0.7170
1.0530
1.3900
1.7300
2.0600
2.4000
2.7330
3.0630
3.3800
3.6930
4.0270
4.3630
4.7000
5.0270
5.3530
5.6870
6.0230
6.3630
6.7000
7.0300
7.3600
7.6900
8.0230
8.3530
8.6900
9.0330
9.3700
9.7070
10.0300
10.3630
10.6930
11.0330
11.3670
11.7000
12.0330
12.3700
12.7030
13.0270
13.3570
13.6870
14.0270
14.3630
14.6970
15.0200
15.3370
15.6700
16.0200
16.3700
16.7070
17.0370
17.3670
17.7000
18.0330
18.3700
18.7000
19.0330
19.3670
19.7030
20.0470
20.3870
20.7230
21.0430
21.3500
21.6800
22.0130
22.3670
22.7000
23.0270
23.3530
23.6830
24.0300
24.3700
24.7100
25.0470
25.3770
25.7030
26.0230
26.3670
26.7070
27.0500
27.3800
27.7070
28.0330
28.3630
28.7000
29.0300
29.3600
29.7000
