# Academic Ground Truth from ballroom
# Track ID: Media-104717
# Total Beats: 105
0.0900
0.3780
0.6660
0.9530
1.2420
1.5330
1.8220
2.1110
2.3980
2.6890
2.9810
3.2720
3.5580
3.8380
4.1190
4.4030
4.6920
4.9810
5.2660
5.5490
5.8330
6.1220
6.4090
6.6940
6.9800
7.2690
7.5570
7.8440
8.1310
8.4180
8.7010
8.9850
9.2720
9.5610
9.8490
10.1400
10.4350
10.7320
11.0240
11.3130
11.5990
11.8890
12.1830
12.4790
12.7680
13.0520
13.3290
13.6070
13.8830
14.1640
14.4480
14.7400
15.0360
15.3340
15.6310
15.9230
16.2120
16.4950
16.7770
17.0600
17.3470
17.6370
17.9230
18.2050
18.4860
18.7700
19.0580
19.3460
19.6320
19.9210
20.2110
20.5020
20.7890
21.0720
21.3510
21.6320
21.9160
22.2020
22.4890
22.7740
23.0580
23.3420
23.6310
23.9220
24.2120
24.5010
24.7880
25.0830
25.3820
25.6880
25.9940
26.3050
26.6140
26.9220
27.2230
27.5210
27.8190
28.1200
28.4210
28.7180
29.0090
29.2970
29.5860
29.8750
30.1690
