# Academic Ground Truth from ballroom
# Track ID: Media-103603
# Total Beats: 62
0.0600
0.5470
1.0330
1.5200
2.0170
2.5070
2.9970
3.4700
3.9530
4.4330
4.9400
5.4270
5.9200
6.3830
6.8670
7.3470
7.8370
8.3270
8.8230
9.3270
9.8230
10.3130
10.7970
11.2830
11.7730
12.2670
12.7600
13.2500
13.7400
14.2300
14.7200
15.2100
15.7000
16.1900
16.6770
17.1670
17.6570
18.1500
18.6370
19.1270
19.6130
20.1000
20.5870
21.0770
21.5700
22.0600
22.5500
23.0400
23.5230
24.0130
24.5030
25.0000
25.4900
25.9770
26.4630
26.9470
27.4370
27.9270
28.4200
28.9100
29.4000
29.8870
