# Academic Ground Truth from ballroom
# Track ID: Media-104618
# Total Beats: 101
0.1100
0.4170
0.7170
1.0200
1.3330
1.6430
1.9430
2.2530
2.5700
2.9000
3.2070
3.5070
3.8000
4.1030
4.4140
4.7170
5.0100
5.3100
5.6070
5.9040
6.1870
6.4830
6.7730
7.0670
7.3530
7.6430
7.9300
8.2190
8.5240
8.8400
9.1520
9.4570
9.7470
10.0400
10.3270
10.6270
10.9230
11.2230
11.5170
11.8130
12.1030
12.4030
12.6980
12.9940
13.2810
13.5770
13.8670
14.1570
14.4340
14.7270
15.0230
15.3260
15.6200
15.9170
16.2030
16.5000
16.7960
17.0980
17.3810
17.6620
17.9430
18.2400
18.5330
18.8330
19.1330
19.4370
19.7330
20.0270
20.3200
20.6270
20.9280
21.2180
21.5010
21.7930
22.0930
22.3870
22.6700
22.9470
23.2270
23.5130
23.8070
24.1000
24.4000
24.6900
24.9800
25.2670
25.5630
25.8500
26.1330
26.4230
26.7220
27.0200
27.3080
27.5920
27.8680
28.1440
28.4340
28.7170
29.0000
29.2770
29.5720
