# Academic Ground Truth from ballroom
# Track ID: Media-103402
# Total Beats: 61
0.5600
1.0400
1.5300
2.0100
2.5100
2.9800
3.4600
3.9500
4.4400
4.9100
5.4000
5.8800
6.3700
6.8500
7.3400
7.8200
8.3200
8.7900
9.2700
9.7500
10.2500
10.7300
11.2000
11.6900
12.1700
12.6500
13.1300
13.6200
14.1200
14.5900
15.0700
15.5600
16.0400
16.5200
17.0100
17.4900
17.9600
18.4600
18.9400
19.4300
19.9200
20.3900
20.8800
21.3500
21.8500
22.3300
22.8200
23.3000
23.7800
24.2700
24.7500
25.2300
25.7300
26.2000
26.6900
27.1700
27.6500
28.1400
28.6200
29.1100
29.5900
