# Academic Ground Truth from ballroom
# Track ID: Media-103313
# Total Beats: 103
0.0700
0.3800
0.6800
0.9800
1.2770
1.5770
1.8600
2.1540
2.4380
2.7280
3.0140
3.3070
3.5970
3.8860
4.1880
4.4900
4.7860
5.0790
5.3720
5.6740
5.9620
6.2520
6.5410
6.8290
7.1220
7.4110
7.7180
8.0190
8.3160
8.5990
8.8910
9.1870
9.4790
9.7690
10.0580
10.3480
10.6400
10.9340
11.2300
11.5200
11.8110
12.1020
12.4030
12.7020
13.0020
13.2910
13.5730
13.8630
14.1560
14.4530
14.7430
15.0340
15.3350
15.6350
15.9240
16.2070
16.4900
16.7900
17.0870
17.3870
17.6730
17.9600
18.2470
18.5330
18.8270
19.1140
19.3980
19.6930
19.9930
20.2980
20.5900
20.8750
21.1640
21.4530
21.7470
22.0470
22.3430
22.6430
22.9330
23.2300
23.5200
23.8200
24.1130
24.4100
24.6980
24.9840
25.2780
25.5820
25.8780
26.1680
26.4530
26.7480
27.0450
27.3370
27.6390
27.9310
28.2290
28.5170
28.8150
29.1140
29.4090
29.6980
29.9800
