# Academic Ground Truth from ballroom
# Track ID: Media-105406
# Total Beats: 63
0.0058
0.4615
0.9404
1.4367
1.9200
2.3900
2.8800
3.3700
3.8600
4.3300
4.8200
5.3000
5.7900
6.2600
6.7500
7.2400
7.7300
8.2000
8.6900
9.1800
9.6600
10.1400
10.6300
11.1200
11.6100
12.0800
12.5700
13.0500
13.5400
14.0300
14.5100
14.9600
15.4600
15.9500
16.4300
16.9200
17.4000
17.8800
18.3700
18.8500
19.3400
19.8100
20.3000
20.7900
21.2700
21.7500
22.2400
22.7300
23.2000
23.6900
24.1800
24.6600
25.1400
25.6300
26.1100
26.6000
27.0800
27.5500
28.0400
28.5200
29.0100
29.4900
29.9700
