# Academic Ground Truth from ballroom
# Track ID: Media-104718
# Total Beats: 104
0.0800
0.3680
0.6570
0.9450
1.2330
1.5200
1.8080
2.0950
2.3850
2.6800
2.9820
3.2870
3.5960
3.9060
4.2150
4.5210
4.8220
5.1150
5.4040
5.6890
5.9730
6.2550
6.5380
6.8220
7.1080
7.3950
7.6840
7.9720
8.2600
8.5460
8.8330
9.1190
9.4040
9.6890
9.9720
10.2540
10.5360
10.8190
11.1010
11.3840
11.6680
11.9570
12.2480
12.5410
12.8320
13.1220
13.4110
13.6980
13.9830
14.2670
14.5520
14.8400
15.1280
15.4150
15.7010
15.9890
16.2780
16.5660
16.8520
17.1370
17.4260
17.7190
18.0100
18.3010
18.5920
18.8850
19.1760
19.4620
19.7450
20.0290
20.3130
20.5970
20.8830
21.1740
21.4710
21.7700
22.0680
22.3660
22.6610
22.9510
23.2330
23.5090
23.7810
24.0520
24.3230
24.5990
24.8780
25.1600
25.4470
25.7370
26.0280
26.3180
26.6060
26.8940
27.1830
27.4730
27.7650
28.0580
28.3530
28.6460
28.9400
29.2320
29.5240
29.8140
