# Academic Ground Truth from ballroom
# Track ID: Media-103307
# Total Beats: 89
0.1500
0.5270
0.8970
1.2580
1.6040
1.9460
2.2900
2.6380
2.9800
3.3090
3.6270
3.9420
4.2730
4.6130
4.9630
5.2890
5.6160
5.9400
6.2800
6.6270
6.9730
7.3130
7.6500
7.9770
8.3100
8.6400
8.9770
9.3130
9.6500
9.9800
10.3100
10.6330
10.9670
11.3000
11.6400
11.9700
12.3000
12.6170
12.9500
13.2830
13.6300
13.9800
14.3330
14.6700
15.0000
15.3270
15.6700
16.0030
16.3270
16.6570
16.9830
17.3230
17.6600
17.9960
18.3170
18.6370
18.9770
19.3270
19.6730
20.0000
20.3330
20.6630
20.9930
21.3200
21.6500
21.9900
22.3270
22.6630
22.9900
23.3270
23.6630
24.0100
24.3500
24.6800
25.0070
25.3330
25.6700
26.0100
26.3470
26.6800
27.0170
27.3500
27.6830
28.0100
28.3500
28.6870
29.0230
29.3500
29.6830
