# Academic Ground Truth from ballroom
# Track ID: Media-104306
# Total Beats: 64
0.3200
0.7500
1.2200
1.6900
2.1700
2.6500
3.1300
3.5800
4.0800
4.5300
5.0100
5.5100
5.9700
6.4200
6.9000
7.3500
7.8300
8.3200
8.7800
9.2400
9.7200
10.1700
10.6300
11.1000
11.5400
12.0300
12.4700
12.9500
13.4200
13.9000
14.3600
14.8300
15.2900
15.7700
16.2800
16.7300
17.2100
17.6600
18.1500
18.6000
19.0900
19.5700
20.0500
20.4900
21.0100
21.4600
21.9200
22.3900
22.8900
23.3800
23.8400
24.2700
24.7600
25.2300
25.7000
26.1500
26.6300
27.0900
27.5500
28.0100
28.4900
28.9700
29.4200
29.9100
