# Academic Ground Truth from ballroom
# Track ID: Media-105011
# Total Beats: 91
0.1500
0.4890
0.8260
1.1530
1.4820
1.8180
2.1650
2.5130
2.8530
3.1880
3.5170
3.8470
4.1770
4.5140
4.8530
5.1910
5.5220
5.8580
6.1930
6.5310
6.8570
7.1750
7.4930
7.8200
8.1520
8.4840
8.8130
9.1470
9.4830
9.8240
10.1590
10.4880
10.8150
11.1480
11.4850
11.8250
12.1660
12.5060
12.8440
13.1810
13.5150
13.8430
14.1660
14.4930
14.8260
15.1680
15.5060
15.8480
16.1870
16.5280
16.8590
17.1870
17.5120
17.8400
18.1710
18.5040
18.8420
19.1810
19.5180
19.8510
20.1780
20.5060
20.8370
21.1770
21.5170
21.8510
22.1760
22.5020
22.8340
23.1730
23.5110
23.8440
24.1740
24.5040
24.8370
25.1680
25.4980
25.8200
26.1400
26.4630
26.7950
27.1390
27.4820
27.8230
28.1590
28.5020
28.8420
29.1790
29.5090
29.8370
30.1700
