# Academic Ground Truth from ballroom
# Track ID: Media-104315
# Total Beats: 104
0.0600
0.3600
0.6610
0.9640
1.2640
1.5600
1.8530
2.1440
2.4340
2.7250
3.0180
3.3190
3.6220
3.9180
4.2120
4.5000
4.7900
5.0780
5.3690
5.6650
5.9640
6.2600
6.5530
6.8410
7.1320
7.4240
7.7200
8.0150
8.3080
8.5980
8.8870
9.1790
9.4740
9.7710
10.0670
10.3650
10.6650
10.9620
11.2510
11.5360
11.8200
12.1010
12.3800
12.6560
12.9390
13.2250
13.5130
13.8050
14.0950
14.3940
14.6910
14.9880
15.2730
15.5600
15.8520
16.1420
16.4300
16.7090
16.9830
17.2640
17.5540
17.8550
18.1420
18.4270
18.7090
18.9950
19.2770
19.5590
19.8420
20.1270
20.4150
20.7040
20.9940
21.2830
21.5710
21.8590
22.1490
22.4380
22.7260
23.0150
23.3020
23.5870
23.8730
24.1600
24.4480
24.7350
25.0250
25.3150
25.6090
25.9010
26.1960
26.4880
26.7710
27.0430
27.3150
27.5950
27.8840
28.1683
28.4526
28.7365
29.0204
29.3007
29.5815
29.8449
