# Academic Ground Truth from ballroom
# Track ID: Media-103614
# Total Beats: 82
1.7400
2.0900
2.4500
2.7900
3.1400
3.4900
3.8400
4.1800
4.5400
4.8800
5.2400
5.5800
5.9300
6.2800
6.6300
6.9700
7.3300
7.6700
8.0300
8.3700
8.7300
9.0700
9.4200
9.7700
10.1200
10.4600
10.8200
11.1600
11.5100
11.8600
12.2100
12.5600
12.9100
13.2500
13.6000
13.9500
14.3200
14.6500
15.0000
15.3400
15.6900
16.0400
16.3900
16.7400
17.0900
17.4400
17.7900
18.1300
18.4800
18.8300
19.2000
19.5300
19.8800
20.2300
20.5800
20.9200
21.2800
21.6200
21.9800
22.3200
22.6700
23.0200
23.3700
23.7100
24.0600
24.4100
24.7700
25.1100
25.4600
25.8000
26.1600
26.5000
26.8500
27.2000
27.5500
27.9000
28.2500
28.5900
28.9500
29.2900
29.6400
29.9700
