# Academic Ground Truth from ballroom
# Track ID: Media-105308
# Total Beats: 89
0.0200
0.3500
0.6800
1.0400
1.3700
1.7200
2.0500
2.3800
2.7200
3.0600
3.3900
3.7200
4.0800
4.4100
4.7400
5.1000
5.4300
5.7800
6.1200
6.4500
6.7800
7.1300
7.5010
7.8280
8.1600
8.5030
8.8400
9.2000
9.5300
9.8700
10.2000
10.5100
10.8400
11.2000
11.5300
11.8900
12.2200
12.5500
12.9300
13.2500
13.6300
13.9600
14.2600
14.5900
14.9200
15.2800
15.6100
15.9400
16.3100
16.6400
16.9700
17.3300
17.6600
18.0100
18.3400
18.7000
19.0300
19.3500
19.7200
20.0300
20.3700
20.7100
21.0500
21.3900
21.7300
22.0800
22.4000
22.7300
23.0800
23.4300
23.7800
24.1200
24.4400
24.7600
25.1300
25.4600
25.8000
26.1300
26.4700
26.7800
27.1300
27.4900
27.8300
28.1600
28.5000
28.8400
29.1800
29.5300
29.8700
