# Academic Ground Truth from ballroom
# Track ID: Media-103801
# Total Beats: 60
1.1169
1.5569
2.0769
2.5709
3.0569
3.5369
4.0169
4.5069
4.9869
5.4809
5.9569
6.4469
6.9369
7.4169
7.8969
8.3769
8.8569
9.3969
9.8469
10.3269
10.8169
11.2869
11.8069
12.2669
12.7439
13.2369
13.7269
14.1769
14.6869
15.1669
15.6469
16.1569
16.6169
17.1069
17.5869
18.0769
18.5669
19.0469
19.5469
20.0169
20.4969
20.9869
21.4659
21.9599
22.4347
22.9041
23.3770
23.8690
24.3850
24.9010
25.4110
25.8810
26.3510
26.8540
27.3370
27.7810
28.2780
28.7540
29.2380
29.7080
