# Academic Ground Truth from ballroom
# Track ID: Media-104117
# Total Beats: 86
0.0500
0.4100
0.7500
1.1000
1.4400
1.8000
2.1400
2.5000
2.8500
3.2000
3.5400
3.8800
4.2400
4.5600
4.9400
5.2900
5.6300
5.9800
6.3300
6.6800
7.0300
7.3800
7.7200
8.0800
8.4200
8.7700
9.1200
9.4700
9.8100
10.1700
10.5100
10.8700
11.2100
11.5600
11.9100
12.2600
12.6000
12.9600
13.3000
13.6600
14.0000
14.3600
14.7000
15.0500
15.4000
15.7500
16.1000
16.4500
16.8000
17.1500
17.4900
17.8400
18.1900
18.5400
18.8800
19.2500
19.5900
19.9400
20.2800
20.6300
20.9800
21.3300
21.6800
22.0300
22.3800
22.7300
23.0700
23.4300
23.7700
24.1200
24.4700
24.8300
25.1700
25.5200
25.8600
26.2200
26.5600
26.9100
27.2400
27.6100
27.9600
28.3100
28.6500
29.0100
29.3500
29.7100
