# Academic Ground Truth from ballroom
# Track ID: Media-105510
# Total Beats: 87
0.0800
0.4240
0.7640
1.1060
1.4500
1.7920
2.1380
2.4860
2.8280
3.1640
3.5120
3.8540
4.1980
4.5480
4.8980
5.2400
5.5880
5.9380
6.2820
6.6320
6.9780
7.3220
7.6620
8.0060
8.3500
8.6980
9.0460
9.3880
9.7300
10.0660
10.4040
10.7360
11.0780
11.4240
11.7760
12.1240
12.4760
12.8240
13.1680
13.5180
13.8660
14.2120
14.5600
14.9060
15.2500
15.5960
15.9420
16.2820
16.6220
16.9560
17.2960
17.6380
17.9880
18.3420
18.6900
19.0320
19.3680
19.7020
20.0420
20.3920
20.7460
21.0960
21.4480
21.7900
22.1300
22.4700
22.8200
23.1640
23.5140
23.8640
24.2120
24.5560
24.9020
25.2400
25.5780
25.9180
26.2660
26.6080
26.9540
27.3040
27.6520
27.9960
28.3480
28.7000
29.0460
29.3900
29.7340
