# Academic Ground Truth from ballroom
# Track ID: Media-106006
# Total Beats: 62
0.3947
0.8882
1.3600
1.8460
2.3300
2.8160
3.3000
3.7840
4.2690
4.7530
5.2360
5.7200
6.2040
6.6890
7.1730
7.6570
8.1440
8.6310
9.1190
9.6030
10.0870
10.5710
11.0560
11.5370
12.0200
12.5010
12.9840
13.4670
13.9510
14.4340
14.9200
15.4030
15.8860
16.3690
16.8530
17.3360
17.8200
18.3010
18.7860
19.2700
19.7540
20.2390
20.7230
21.2060
21.6900
22.1730
22.6570
23.1410
23.6240
24.1090
24.5930
25.0760
25.5600
26.0430
26.5270
27.0110
27.4940
27.9790
28.4630
28.9470
29.4310
29.9140
