# Academic Ground Truth from ballroom
# Track ID: Media-103305
# Total Beats: 64
0.0800
0.5570
1.0230
1.4830
1.9470
2.4170
2.8870
3.3570
3.8330
4.3070
4.7770
5.2330
5.6930
6.1430
6.6100
7.0830
7.5630
8.0400
8.5130
8.9870
9.4530
9.9170
10.3800
10.8430
11.3130
11.7870
12.2570
12.7230
13.2000
13.6930
14.1800
14.6600
15.1270
15.6030
16.0770
16.5570
17.0370
17.5130
17.9830
18.4430
18.9170
19.3870
19.8530
20.3170
20.7570
21.1970
21.6400
22.1100
22.5900
23.0600
23.5300
23.9970
24.4500
24.9100
25.3800
25.8530
26.3230
26.7870
27.2570
27.7170
28.1700
28.6200
29.0800
29.5430
