# Academic Ground Truth from ballroom
# Track ID: Media-103601
# Total Beats: 59
0.0600
0.5700
1.0900
1.6000
2.1200
2.6400
3.1500
3.6700
4.1900
4.6900
5.2100
5.7200
6.2500
6.7500
7.2700
7.7900
8.3000
8.8100
9.3300
9.8400
10.3600
10.8700
11.3900
11.9000
12.4200
12.9300
13.4500
13.9600
14.4800
14.9900
15.5100
16.0200
16.5400
17.0500
17.5700
18.0800
18.6000
19.1100
19.6300
20.1400
20.6600
21.1700
21.6900
22.2000
22.7200
23.2300
23.7500
24.2600
24.7700
25.2900
25.8100
26.3200
26.8400
27.3500
27.8700
28.3800
28.9000
29.4100
29.9000
