# Academic Ground Truth from ballroom
# Track ID: Media-104314
# Total Beats: 104
0.4320
0.7480
1.0620
1.3680
1.6700
1.9640
2.2550
2.5460
2.8370
3.1310
3.4270
3.7270
4.0230
4.3180
4.6150
4.9090
5.1980
5.4890
5.7790
6.0610
6.3430
6.6270
6.9140
7.2020
7.4880
7.7720
8.0530
8.3370
8.6230
8.9140
9.2060
9.4950
9.7810
10.0650
10.3520
10.6420
10.9340
11.2250
11.5150
11.8040
12.0920
12.3800
12.6690
12.9580
13.2470
13.5360
13.8260
14.1180
14.4100
14.7020
14.9940
15.2840
15.5740
15.8620
16.1510
16.4390
16.7260
17.0140
17.3020
17.5900
17.8780
18.1640
18.4490
18.7350
19.0230
19.3140
19.6060
19.8970
20.1830
20.4620
20.7360
21.0100
21.2870
21.5690
21.8560
22.1480
22.4420
22.7360
23.0270
23.3180
23.6100
23.9010
24.1920
24.4830
24.7730
25.0610
25.3490
25.6380
25.9300
26.2230
26.5170
26.8110
27.1030
27.3920
27.6780
27.9630
28.2460
28.5280
28.8100
29.0920
29.3740
29.6570
29.9410
30.2240
