# Academic Ground Truth from ballroom
# Track ID: Media-104808
# Total Beats: 66
0.0300
0.4970
0.9500
1.4070
1.8730
2.3670
2.8230
3.2570
3.6830
4.1270
4.5800
5.0230
5.4730
5.9270
6.3930
6.8530
7.3130
7.7600
8.2170
8.6700
9.1300
9.5830
10.0400
10.4970
10.9530
11.4100
11.8700
12.3270
12.7870
13.2400
13.6970
14.1500
14.6070
15.0600
15.5130
15.9700
16.4270
16.8870
17.3470
17.8130
18.2730
18.7300
19.1830
19.6430
20.1000
20.5530
21.0030
21.4570
21.9230
22.3870
22.8400
23.2930
23.7500
24.2170
24.6730
25.1200
25.5700
26.0130
26.4730
26.9270
27.3830
27.8300
28.2830
28.7370
29.1930
29.6430
