# Academic Ground Truth from ballroom
# Track ID: Media-104508
# Total Beats: 89
0.1300
0.4870
0.8370
1.1770
1.5130
1.8500
2.1900
2.5300
2.8630
3.1930
3.5270
3.8700
4.2070
4.5530
4.8970
5.2470
5.5870
5.9330
6.2800
6.6170
6.9570
7.2970
7.6400
7.9800
8.3130
8.6570
8.9900
9.3270
9.6600
10.0030
10.3530
10.6930
11.0300
11.3630
11.7030
12.0370
12.3730
12.7130
13.0570
13.4000
13.7400
14.0800
14.4130
14.7500
15.0870
15.4230
15.7630
16.1000
16.4500
16.7930
17.1270
17.4600
17.7870
18.1270
18.4530
18.7900
19.1270
19.4670
19.8070
20.1500
20.4970
20.8400
21.1800
21.5130
21.8530
22.1930
22.5370
22.8670
23.2000
23.5370
23.8730
24.2070
24.5400
24.8830
25.2130
25.5470
25.8670
26.2030
26.5370
26.8800
27.2200
27.5600
27.8930
28.2230
28.5570
28.9000
29.2430
29.5800
29.9100
