# Academic Ground Truth from ballroom
# Track ID: Media-104207
# Total Beats: 64
0.0800
0.4900
0.9900
1.4600
1.9500
2.4600
2.9100
3.3600
3.8300
4.2800
4.7500
5.2000
5.6700
6.0900
6.6100
7.0700
7.5400
8.0200
8.4900
8.9600
9.4200
9.9000
10.3800
10.8600
11.3300
11.8100
12.2700
12.7500
13.2100
13.6800
14.1400
14.6200
15.0800
15.5500
16.0200
16.4900
16.9600
17.4200
17.9100
18.3600
18.8500
19.3200
19.7700
20.2300
20.7100
21.1800
21.6400
22.1100
22.5800
23.0500
23.5300
23.9900
24.4600
24.9200
25.4000
25.8600
26.3500
26.8000
27.2700
27.7400
28.2000
28.6700
29.1400
29.5800
