# Academic Ground Truth from ballroom
# Track ID: Media-105912
# Total Beats: 100
0.8400
1.1300
1.4300
1.7100
2.0300
2.3200
2.6100
2.9200
3.2100
3.5000
3.7900
4.0900
4.3857
4.6900
4.9700
5.2900
5.5700
5.8400
6.1600
6.4500
6.7600
7.0600
7.3600
7.6400
7.9200
8.2100
8.5300
8.8200
9.1100
9.4200
9.6700
9.9900
10.3000
10.5854
10.8500
11.1500
11.4500
11.7300
12.0400
12.3300
12.6300
12.9100
13.2000
13.5100
13.8100
14.1200
14.4000
14.6900
14.9900
15.2800
15.5600
15.8500
16.1500
16.4400
16.7400
17.0300
17.3300
17.6200
17.9100
18.2000
18.4900
18.8200
19.0955
19.3800
19.6700
19.9800
20.2600
20.5600
20.8500
21.1600
21.4500
21.7500
22.0400
22.3300
22.6200
22.9100
23.2100
23.5100
23.7800
24.0900
24.3700
24.6700
24.9700
25.2700
25.5500
25.8500
26.1400
26.4400
26.7200
27.0200
27.3200
27.6000
27.8901
28.1700
28.4500
28.7600
29.0500
29.3400
29.6400
29.9421
