# Academic Ground Truth from ballroom
# Track ID: Media-106114
# Total Beats: 83
0.3900
0.7440
1.1000
1.4560
1.8130
2.1700
2.5270
2.8840
3.2410
3.5990
3.9560
4.3110
4.6670
5.0240
5.3810
5.7390
6.0960
6.4530
6.8110
7.1690
7.5260
7.8870
8.2460
8.6030
8.9600
9.3170
9.6740
10.0310
10.3840
10.7430
11.1010
11.4590
11.8160
12.1740
12.5310
12.8900
13.2460
13.6060
13.9630
14.3200
14.6770
15.0340
15.3900
15.7470
16.1000
16.4560
16.8140
17.1710
17.5300
17.8890
18.2460
18.6040
18.9640
19.3190
19.6760
20.0330
20.3900
20.7490
21.1060
21.4610
21.8200
22.1730
22.5310
22.8870
23.2440
23.6010
23.9600
24.3190
24.6810
25.0340
25.3890
25.7430
26.1000
26.4570
26.8100
27.1540
27.5100
27.8700
28.2270
28.5830
28.9370
29.2990
29.6760
