# Academic Ground Truth from ballroom
# Track ID: Media-105808
# Total Beats: 65
0.0200
0.4960
0.9780
1.4480
1.9120
2.3660
2.8340
3.2980
3.7660
4.2480
4.7340
5.2140
5.6900
6.1600
6.6200
7.0780
7.5300
7.9840
8.4440
8.9080
9.3760
9.8440
10.3200
10.7940
11.2720
11.7400
12.2100
12.6700
13.1400
13.6040
14.0700
14.5380
15.0160
15.4840
15.9520
16.4160
16.8880
17.3560
17.8240
18.2940
18.7700
19.2380
19.7100
20.1800
20.6440
21.1080
21.5740
22.0420
22.5120
22.9840
23.4600
23.9260
24.3960
24.8620
25.3320
25.7920
26.2660
26.7300
27.2000
27.6680
28.1420
28.6100
29.0740
29.5360
30.0000
