# Academic Ground Truth from ballroom
# Track ID: Media-104605
# Total Beats: 65
0.0300
0.4870
0.9430
1.3970
1.8570
2.3170
2.7700
3.2200
3.6700
4.1370
4.5900
5.0530
5.5070
5.9700
6.4100
6.8800
7.3500
7.8530
8.3400
8.8370
9.3100
9.7870
10.2500
10.7270
11.1900
11.6570
12.1230
12.5900
13.0570
13.5130
13.9630
14.4330
14.9070
15.3900
15.8530
16.3300
16.7800
17.2370
17.6730
18.1430
18.6100
19.0800
19.5400
19.9970
20.4600
20.9270
21.4100
21.8800
22.3500
22.8170
23.2930
23.7770
24.2470
24.7030
25.1430
25.6130
26.0970
26.5870
27.0530
27.5170
27.9770
28.4370
28.9100
29.3800
29.8400
