# Academic Ground Truth from ballroom
# Track ID: Media-105810
# Total Beats: 88
0.0400
0.3790
0.7200
1.0630
1.4070
1.7530
2.1010
2.4490
2.7970
3.1440
3.4900
3.8360
4.1810
4.5260
4.8740
5.2200
5.5610
5.9030
6.2460
6.5890
6.9390
7.2810
7.6260
7.9730
8.3190
8.6630
9.0080
9.3500
9.6930
10.0370
10.3830
10.7290
11.0770
11.4240
11.7690
12.1120
12.4570
12.8000
13.1450
13.4890
13.8330
14.1760
14.5230
14.8680
15.2130
15.5560
15.8970
16.2410
16.5870
16.9360
17.2830
17.6300
17.9770
18.3260
18.6700
19.0160
19.3530
19.6930
20.0380
20.3820
20.7290
21.0730
21.4150
21.7640
22.1140
22.4550
22.8000
23.1440
23.4900
23.8360
24.1820
24.5260
24.8710
25.2190
25.5650
25.9080
26.2540
26.5940
26.9390
27.2830
27.6240
27.9650
28.3090
28.6430
28.9800
29.3060
29.6310
29.9570
