# Academic Ground Truth from ballroom
# Track ID: Media-104806
# Total Beats: 66
0.0200
0.5300
1.0100
1.4800
1.9500
2.4000
2.8700
3.3200
3.7800
4.2100
4.6800
5.1500
5.6300
6.0500
6.5200
6.9800
7.4200
7.8900
8.3600
8.8200
9.2700
9.7100
10.1600
10.6200
11.0800
11.5400
12.0200
12.4600
12.9400
13.3700
13.7900
14.2800
14.7400
15.2200
15.6500
16.0900
16.5800
17.0400
17.5100
17.9700
18.3900
18.8500
19.2800
19.7300
20.1600
20.6100
21.0800
21.5300
21.9800
22.4200
22.8500
23.3100
23.7500
24.1900
24.6500
25.1300
25.5600
26.0000
26.4800
26.9580
27.3900
27.8500
28.3000
28.7500
29.2100
29.6600
