# Academic Ground Truth from ballroom
# Track ID: Media-105414
# Total Beats: 86
0.1100
0.4600
0.8080
1.1540
1.4940
1.8400
2.1880
2.5460
2.9080
3.2780
3.6430
4.0030
4.3550
4.6980
5.0400
5.3750
5.7090
6.0450
6.3840
6.7280
7.0720
7.4260
7.7820
8.1380
8.4880
8.8420
9.1880
9.5320
9.8760
10.2220
10.5680
10.9200
11.2680
11.6180
11.9660
12.3140
12.6560
13.0040
13.3540
13.7040
14.0500
14.4020
14.7480
15.0980
15.4400
15.7920
16.1440
16.5020
16.8520
17.2120
17.5680
17.9180
18.2650
18.6140
18.9600
19.3060
19.6520
20.0030
20.3500
20.7000
21.0440
21.3960
21.7420
22.0920
22.4400
22.7920
23.1380
23.4880
23.8360
24.1860
24.5340
24.8880
25.2380
25.5920
25.9400
26.2900
26.6340
26.9820
27.3280
27.6780
28.0240
28.3740
28.7220
29.0680
29.4140
29.7660
