# Academic Ground Truth from ballroom
# Track ID: Media-105307
# Total Beats: 89
0.0200
0.3630
0.6970
1.0330
1.3770
1.7200
2.0600
2.3970
2.7300
3.0670
3.3980
3.7380
4.0740
4.4120
4.7520
5.0930
5.4300
5.7670
6.1030
6.4410
6.7780
7.1080
7.4370
7.7800
8.1330
8.4830
8.8200
9.1530
9.4840
9.8220
10.1600
10.5140
10.8560
11.1890
11.5100
11.8460
12.1730
12.5090
12.8390
13.1820
13.5230
13.8610
14.2020
14.5530
14.9020
15.2440
15.5680
15.9060
16.2470
16.5890
16.9310
17.2740
17.6180
17.9630
18.3110
18.6620
18.9970
19.3390
19.6700
20.0100
20.3400
20.6770
21.0170
21.3570
21.6900
22.0070
22.3340
22.6690
23.0220
23.3700
23.7100
24.0400
24.3810
24.7280
25.0780
25.4130
25.7430
26.0770
26.4120
26.7620
27.1020
27.4470
27.7840
28.1270
28.4670
28.8080
29.1470
29.4920
29.8350
