# Academic Ground Truth from ballroom
# Track ID: Media-104505
# Total Beats: 64
0.0500
0.5300
1.0200
1.4900
1.9800
2.4600
2.9400
3.4200
3.9100
4.4100
4.9000
5.3500
5.8300
6.2800
6.7600
7.2500
7.7000
8.1800
8.6300
9.1100
9.5700
10.0500
10.4900
10.9600
11.4200
11.9100
12.3400
12.8100
13.2400
13.7200
14.1800
14.6100
15.0800
15.5700
16.0400
16.5000
16.9900
17.4700
17.9300
18.4100
18.9100
19.3600
19.8400
20.3100
20.7900
21.2300
21.7100
22.1700
22.6600
23.1200
23.5900
24.0500
24.5100
24.9800
25.4500
25.8900
26.3700
26.8500
27.3100
27.7800
28.2600
28.7300
29.1900
29.6400
