# Academic Ground Truth from ballroom
# Track ID: Media-106105
# Total Beats: 61
0.4600
0.9390
1.4170
1.8980
2.3800
2.8640
3.3500
3.8370
4.3260
4.8170
5.3090
5.8020
6.2900
6.7750
7.2600
7.7450
8.2290
8.7130
9.1970
9.6830
10.1670
10.6530
11.1380
11.6240
12.1090
12.5940
13.0790
13.5640
14.0490
14.5350
15.0190
15.5040
15.9880
16.4740
16.9590
17.4430
17.9250
18.4080
18.8920
19.3740
19.8550
20.3360
20.8190
21.3020
21.7850
22.2680
22.7540
23.2400
23.7250
24.2110
24.6980
25.1850
25.6740
26.1610
26.6470
27.1340
27.6190
28.1050
28.5900
29.0760
29.5630
