# Academic Ground Truth from ballroom
# Track ID: Media-106015
# Total Beats: 83
0.4880
0.8420
1.1960
1.5500
1.9060
2.2600
2.6140
2.9710
3.3270
3.6810
4.0390
4.3940
4.7490
5.1040
5.4640
5.8210
6.1810
6.5390
6.8990
7.2590
7.6170
7.9740
8.3340
8.6900
9.0470
9.4030
9.7600
10.1160
10.4710
10.8260
11.1830
11.5400
11.8990
12.2600
12.6200
12.9770
13.3370
13.6960
14.0560
14.4110
14.7670
15.1230
15.4800
15.8340
16.1910
16.5460
16.9040
17.2590
17.6160
17.9730
18.3310
18.6860
19.0410
19.3910
19.7470
20.1010
20.4560
20.8100
21.1660
21.5240
21.8860
22.2430
22.6030
22.9610
23.3200
23.6790
24.0370
24.3960
24.7540
25.1100
25.4660
25.8210
26.1800
26.5360
26.8910
27.2470
27.6040
27.9610
28.3190
28.6740
29.0310
29.3890
29.7460
