# Academic Ground Truth from ballroom
# Track ID: Media-104219
# Total Beats: 100
0.6300
0.9300
1.2100
1.5300
1.8230
2.1000
2.3830
2.7170
3.0200
3.3010
3.5670
3.8430
4.1100
4.4090
4.7120
5.0400
5.3200
5.6200
5.9400
6.2400
6.5300
6.8200
7.1000
7.4100
7.6900
7.9900
8.2800
8.5700
8.8600
9.1600
9.4600
9.7600
10.0300
10.3300
10.6200
10.8900
11.2100
11.5200
11.8100
12.1100
12.4000
12.7100
13.0000
13.2700
13.5700
13.8500
14.1700
14.4600
14.7400
15.0300
15.3310
15.6360
15.9200
16.2300
16.5200
16.8100
17.1100
17.4100
17.7100
17.9900
18.2700
18.5900
18.8800
19.1700
19.4600
19.7600
20.0400
20.3350
20.6300
20.9400
21.2300
21.5200
21.8100
22.1100
22.4000
22.7000
22.9800
23.2800
23.5800
23.8700
24.1700
24.4600
24.7500
25.0600
25.3500
25.6700
25.9500
26.2300
26.5300
26.8100
27.1100
27.4200
27.6900
28.0100
28.2900
28.5800
28.8800
29.1600
29.4500
29.7400
