# Academic Ground Truth from ballroom
# Track ID: Media-105008
# Total Beats: 63
0.0500
0.5480
1.0420
1.5260
2.0050
2.4830
2.9550
3.4240
3.8940
4.3800
4.8670
5.3450
5.8090
6.2720
6.7410
7.2160
7.6990
8.1810
8.6610
9.1350
9.6100
10.0840
10.5590
11.0310
11.5040
11.9760
12.4510
12.9230
13.3980
13.8720
14.3480
14.8220
15.2950
15.7710
16.2510
16.7360
17.2240
17.7100
18.1880
18.6600
19.1310
19.6090
20.0920
20.5740
21.0520
21.5210
21.9890
22.4550
22.9300
23.4070
23.8880
24.3700
24.8510
25.3320
25.8110
26.2900
26.7670
27.2450
27.7220
28.1980
28.6730
29.1460
29.6200
