# Academic Ground Truth from ballroom
# Track ID: Media-103602
# Total Beats: 62
0.0800
0.5700
1.0530
1.5370
2.0170
2.5030
2.9830
3.4730
3.9600
4.4500
4.9230
5.3770
5.8330
6.3300
6.8430
7.3430
7.8300
8.3170
8.8070
9.2870
9.7670
10.2530
10.7400
11.2300
11.7130
12.1930
12.6730
13.1570
13.6400
14.1230
14.6100
15.0900
15.5730
16.0530
16.5400
17.0230
17.5100
17.9970
18.4800
18.9630
19.4430
19.9270
20.4070
20.8930
21.3800
21.8700
22.3570
22.8330
23.3170
23.7970
24.2830
24.7630
25.2470
25.7330
26.2200
26.7030
27.1870
27.6670
28.1600
28.6470
29.1300
29.6000
