# Academic Ground Truth from ballroom
# Track ID: Media-105807
# Total Beats: 65
0.0100
0.4820
0.9520
1.4280
1.9040
2.3740
2.8460
3.3160
3.7800
4.2360
4.7040
5.1700
5.6380
6.1080
6.5720
7.0280
7.4860
7.9560
8.4320
8.9140
9.3980
9.8840
10.3540
10.8140
11.2840
11.7620
12.2380
12.7200
13.2020
13.6780
14.1400
14.5940
15.0560
15.5160
15.9780
16.4400
16.9100
17.3660
17.8300
18.2960
18.7720
19.2440
19.7240
20.1980
20.6680
21.1320
21.6020
22.0740
22.5440
23.0140
23.4880
23.9600
24.4260
24.8900
25.3600
25.8200
26.2840
26.7440
27.2120
27.6760
28.1520
28.6180
29.0820
29.5400
30.0020
