# Academic Ground Truth from ballroom
# Track ID: Media-105315
# Total Beats: 101
0.4100
0.6900
1.0000
1.2800
1.5800
1.8700
2.1700
2.4500
2.7500
3.0300
3.3500
3.6200
3.9300
4.2100
4.5100
4.8000
5.1000
5.3600
5.6900
5.9700
6.2700
6.5600
6.8600
7.1400
7.4500
7.7300
8.0300
8.3200
8.6200
8.9000
9.2100
9.4900
9.7900
10.0800
10.3900
10.6600
10.9700
11.2500
11.5500
11.8400
12.1400
12.4200
12.7300
13.0100
13.3200
13.5900
13.9000
14.1800
14.4900
14.7700
15.0600
15.3600
15.6600
15.9400
16.2500
16.5300
16.8400
17.1200
17.4200
17.7100
18.0200
18.2900
18.5900
18.8800
19.1800
19.4700
19.7700
20.0500
20.3600
20.6300
20.9400
21.2200
21.5300
21.8100
22.1200
22.4000
22.7000
22.9800
23.2900
23.5700
23.8700
24.1500
24.4600
24.7500
25.0500
25.3300
25.6400
25.9200
26.2200
26.5000
26.8100
27.0900
27.3900
27.6700
27.9800
28.2600
28.5700
28.8500
29.1600
29.4500
29.7500
