# Academic Ground Truth from ballroom
# Track ID: Media-103813
# Total Beats: 85
0.5000
0.8700
1.2200
1.5700
1.8900
2.2400
2.5600
2.9400
3.3000
3.6400
3.9800
4.3400
4.6700
5.0400
5.3900
5.7400
6.0700
6.4200
6.7900
7.1400
7.4800
7.8300
8.1800
8.5400
8.8700
9.2300
9.5800
9.9300
10.2800
10.6200
10.9700
11.3200
11.6700
12.0200
12.3800
12.7400
13.0900
13.4300
13.7800
14.1300
14.4700
14.8100
15.1600
15.5100
15.8500
16.2100
16.5500
16.8800
17.2200
17.6000
17.9700
18.3000
18.6400
18.9900
19.3400
19.7000
20.0300
20.3800
20.7300
21.0900
21.4200
21.7800
22.1200
22.4700
22.8300
23.1800
23.5300
23.8800
24.2200
24.5800
24.9200
25.2700
25.6200
25.9700
26.3200
26.6600
27.0000
27.3600
27.7000
28.0600
28.4300
28.7600
29.1000
29.4600
29.8000
