# Academic Ground Truth from ballroom
# Track ID: Media-104015
# Total Beats: 78
1.6300
2.0130
2.3870
2.7470
3.1130
3.4800
3.8470
4.2030
4.5630
4.9300
5.3000
5.6730
6.0370
6.4030
6.7670
7.1370
7.5070
7.8830
8.2500
8.6130
8.9670
9.3300
9.6970
10.0600
10.4270
10.8030
11.1730
11.5400
11.9030
12.2770
12.6500
13.0130
13.3800
13.7570
14.1300
14.5030
14.8570
15.2200
15.5730
15.9430
16.3070
16.6770
17.0430
17.4100
17.7730
18.1330
18.5000
18.8730
19.2430
19.6070
19.9670
20.3230
20.6870
21.0530
21.4200
21.7900
22.1570
22.5300
22.8970
23.2570
23.6170
23.9830
24.3470
24.7100
25.0730
25.4500
25.8130
26.1730
26.5270
26.8930
27.2600
27.6300
28.0000
28.3700
28.7270
29.0900
29.4430
29.8000
