# Academic Ground Truth from ballroom
# Track ID: Media-106008
# Total Beats: 61
0.8800
1.3640
1.8460
2.3290
2.8130
3.2970
3.7790
4.2640
4.7470
5.2310
5.7190
6.2030
6.6860
7.1700
7.6530
8.1370
8.6200
9.1040
9.5870
10.0710
10.5570
11.0410
11.5260
12.0110
12.4940
12.9790
13.4610
13.9430
14.4270
14.9110
15.3940
15.8800
16.3640
16.8500
17.3330
17.8160
18.2990
18.7830
19.2660
19.7490
20.2300
20.7160
21.2010
21.6830
22.1660
22.6500
23.1330
23.6170
24.1000
24.5840
25.0700
25.5540
26.0370
26.5230
27.0070
27.4910
27.9740
28.4590
28.9410
29.4260
29.9090
