# Academic Ground Truth from ballroom
# Track ID: Media-103408
# Total Beats: 60
1.3400
1.8300
2.3300
2.8000
3.2900
3.7700
4.2500
4.7300
5.2200
5.7100
6.1900
6.6700
7.1500
7.6400
8.1200
8.6100
9.0900
9.5700
10.0600
10.5400
11.0300
11.5100
12.0000
12.4700
12.9600
13.4500
13.9300
14.4100
14.9000
15.3800
15.8700
16.3500
16.8400
17.3200
17.8000
18.2800
18.7700
19.2500
19.7400
20.2200
20.7100
21.1900
21.6700
22.1500
22.6400
23.1200
23.6100
24.0900
24.5700
25.0500
25.5400
26.0200
26.5100
26.9900
27.4800
27.9600
28.4500
28.9300
29.4100
29.9000
