# Academic Ground Truth from ballroom
# Track ID: Media-103704
# Total Beats: 60
0.0600
0.5700
1.0700
1.5700
2.0800
2.5700
3.0600
3.5700
4.0600
4.5800
5.0800
5.5700
6.1000
6.5900
7.0900
7.5900
8.0900
8.5900
9.0900
9.6100
10.1000
10.6100
11.1100
11.6200
12.1200
12.6200
13.1200
13.6200
14.1200
14.6200
15.1200
15.6300
16.1300
16.6400
17.1400
17.6400
18.1400
18.6400
19.1400
19.6400
20.1500
20.6600
21.1600
21.6600
22.1600
22.6600
23.1700
23.6700
24.1700
24.6700
25.1700
25.6700
26.1800
26.6800
27.1900
27.6900
28.1800
28.6900
29.2000
29.6900
