# Academic Ground Truth from ballroom
# Track ID: Media-105119
# Total Beats: 102
0.0500
0.3540
0.6520
0.9560
1.2540
1.5600
1.8600
2.1640
2.4620
2.7620
3.0580
3.3580
3.6540
3.9540
4.2540
4.5560
4.8540
5.1560
5.4540
5.7480
6.0420
6.3400
6.6340
6.9340
7.2320
7.5320
7.8260
8.1240
8.4160
8.7080
8.9960
9.2920
9.5820
9.8820
10.1800
10.4780
10.7720
11.0660
11.3540
11.6520
11.9460
12.2440
12.5440
12.8420
13.1400
13.4380
13.7260
14.0200
14.3120
14.6040
14.8980
15.2000
15.4940
15.7920
16.0860
16.3840
16.6760
16.9680
17.2580
17.5560
17.8460
18.1400
18.4380
18.7400
19.0300
19.3280
19.6240
19.9160
20.2040
20.4940
20.7820
21.0720
21.3620
21.6580
21.9540
22.2440
22.5320
22.8240
23.1100
23.4020
23.6980
23.9980
24.2900
24.5860
24.8720
25.1640
25.4500
25.7460
26.0360
26.3380
26.6300
26.9280
27.2180
27.5120
27.7940
28.0840
28.3680
28.6600
28.9480
29.2420
29.5300
29.8240
