# Academic Ground Truth from ballroom
# Track ID: Media-103701
# Total Beats: 59
1.5300
2.0100
2.5000
2.9800
3.4700
3.9500
4.4400
4.9200
5.4100
5.8900
6.3700
6.8500
7.3300
7.8200
8.3000
8.7900
9.2800
9.7500
10.2400
10.7200
11.2000
11.6900
12.1800
12.6600
13.1400
13.6300
14.1100
14.6000
15.0700
15.5600
16.0400
16.5300
17.0100
17.4900
17.9800
18.4600
18.9500
19.4300
19.9200
20.4000
20.8900
21.3700
21.8500
22.3400
22.8200
23.3000
23.7900
24.2700
24.7600
25.2400
25.7200
26.2100
26.7000
27.1800
27.6600
28.1500
28.6300
29.1100
29.6000
