# Academic Ground Truth from ballroom
# Track ID: Media-104514
# Total Beats: 103
0.4100
0.7100
0.9900
1.2800
1.5600
1.8500
2.1300
2.4200
2.7100
3.0000
3.2900
3.5900
3.8700
4.1800
4.4600
4.7400
5.0200
5.3100
5.5900
5.8900
6.1800
6.4700
6.7600
7.0500
7.3400
7.6300
7.9200
8.2100
8.5100
8.8100
9.0900
9.3700
9.6600
9.9500
10.2300
10.5100
10.8000
11.1000
11.4000
11.6700
11.9700
12.2400
12.5300
12.8300
13.1100
13.3800
13.6900
13.9800
14.2700
14.5500
14.8600
15.1300
15.4300
15.7100
16.0100
16.3000
16.5900
16.8600
17.1700
17.4500
17.7300
18.0200
18.3200
18.6100
18.8800
19.1800
19.4800
19.7600
20.0500
20.3200
20.6300
20.9100
21.2100
21.4800
21.7800
22.0600
22.3600
22.6400
22.9100
23.2200
23.5100
23.7900
24.0900
24.3800
24.6800
24.9600
25.2500
25.5300
25.8200
26.1200
26.4000
26.6900
26.9700
27.2700
27.5500
27.8500
28.1400
28.4100
28.7100
29.0000
29.2900
29.5700
29.8700
