# Academic Ground Truth from ballroom
# Track ID: Media-104708
# Total Beats: 63
0.1700
0.6300
1.0900
1.5500
2.0300
2.5400
3.0400
3.4900
3.9400
4.4000
4.8900
5.3500
5.8300
6.2900
6.7700
7.2700
7.7300
8.1900
8.6500
9.1100
9.6100
10.0700
10.5800
11.0700
11.5700
12.0300
12.5100
12.9700
13.4700
13.9300
14.4000
14.8700
15.3400
15.8100
16.3100
16.7900
17.2700
17.7300
18.2100
18.6700
19.1200
19.5900
20.0900
20.5700
21.0400
21.5100
21.9800
22.4500
22.9300
23.3900
23.8600
24.3600
24.7800
25.2600
25.7500
26.2100
26.7100
27.1700
27.6800
28.1500
28.6300
29.0800
29.5400
