# Academic Ground Truth from ballroom
# Track ID: Media-104415
# Total Beats: 103
0.0929
0.3860
0.6966
0.9839
1.2700
1.5630
1.8500
2.1400
2.4300
2.7270
3.0200
3.3100
3.6070
3.9000
4.1970
4.4870
4.7830
5.0770
5.3700
5.6600
5.9570
6.2530
6.5500
6.8400
7.1300
7.4230
7.7200
8.0170
8.3100
8.6000
8.8900
9.1830
9.4770
9.7700
10.0600
10.3530
10.6530
10.9500
11.2430
11.5270
11.8170
12.1100
12.4070
12.7070
13.0030
13.3000
13.5830
13.8700
14.1530
14.4530
14.7400
15.0370
15.3230
15.6230
15.9200
16.2130
16.5000
16.7870
17.0730
17.3730
17.6700
17.9700
18.2570
18.5400
18.8230
19.1130
19.4100
19.7030
19.9970
20.2900
20.5830
20.8770
21.1630
21.4570
21.7430
22.0370
22.3300
22.6270
22.9170
23.2000
23.4830
23.7730
24.0630
24.3570
24.6470
24.9400
25.2300
25.5170
25.8000
26.0830
26.3730
26.6700
26.9600
27.2470
27.5330
27.8270
28.1130
28.4070
28.6900
28.9830
29.2530
29.5230
29.7800
