# Academic Ground Truth from ballroom
# Track ID: Media-105207
# Total Beats: 107
0.0700
0.3700
0.6600
0.9600
1.2400
1.5400
1.8300
2.1100
2.4000
2.6900
2.9700
3.2500
3.5400
3.8400
4.1200
4.4000
4.6800
4.9700
5.2600
5.5500
5.8200
6.1000
6.3800
6.6700
6.9500
7.2200
7.5000
7.7900
8.0600
8.3400
8.6200
8.9000
9.1900
9.4700
9.7400
10.0300
10.2900
10.5700
10.8500
11.1200
11.4100
11.6900
11.9700
12.2400
12.5300
12.8100
13.1000
13.3700
13.6500
13.9300
14.2100
14.4800
14.7500
15.0400
15.3200
15.5900
15.8600
16.1500
16.4200
16.7000
16.9600
17.2300
17.5100
17.8000
18.0700
18.3600
18.6500
18.9500
19.2100
19.4800
19.7800
20.0700
20.3400
20.6400
20.9400
21.2300
21.5000
21.8000
22.0800
22.3600
22.6300
22.9200
23.2200
23.4800
23.7500
24.0300
24.3100
24.5900
24.8500
25.1600
25.4200
25.6800
25.9600
26.2500
26.5300
26.8100
27.0800
27.3700
27.6500
27.9200
28.1800
28.4800
28.7400
29.0000
29.2900
29.5700
29.8300
