# Academic Ground Truth from ballroom
# Track ID: Media-104515
# Total Beats: 96
2.3400
2.6400
2.9330
3.2230
3.5070
3.7970
4.0870
4.3830
4.6770
4.9700
5.2600
5.5500
5.8370
6.1230
6.4170
6.7100
7.0000
7.2830
7.5700
7.8570
8.1430
8.4300
8.7200
9.0130
9.3000
9.5870
9.8730
10.1670
10.4570
10.7400
11.0230
11.3100
11.5930
11.8770
12.1630
12.4500
12.7400
13.0270
13.3200
13.6130
13.9030
14.1900
14.4730
14.7600
15.0470
15.3330
15.6170
15.9030
16.1970
16.4900
16.7770
17.0570
17.3400
17.6270
17.9130
18.2000
18.4870
18.7700
19.0500
19.3300
19.6170
19.9030
20.1930
20.4770
20.7630
21.0500
21.3400
21.6370
21.9270
22.2200
22.5100
22.8130
23.1130
23.4070
23.6930
23.9800
24.2730
24.5670
24.8600
25.1530
25.4430
25.7330
26.0200
26.3100
26.6000
26.8900
27.1800
27.4700
27.7570
28.0500
28.3470
28.6430
28.9270
29.2100
29.4870
29.7600
