# Academic Ground Truth from ballroom
# Track ID: Media-105019
# Total Beats: 102
0.1000
0.3960
0.6960
0.9940
1.2920
1.5880
1.8840
2.1780
2.4720
2.7640
3.0580
3.3540
3.6480
3.9420
4.2380
4.5340
4.8280
5.1220
5.4200
5.7180
6.0120
6.3040
6.5960
6.8860
7.1720
7.4580
7.7480
8.0400
8.3320
8.6280
8.9280
9.2300
9.5320
9.8340
10.1320
10.4260
10.7140
10.9980
11.2800
11.5660
11.8560
12.1500
12.4460
12.7400
13.0360
13.3320
13.6280
13.9220
14.2200
14.5160
14.8100
15.1040
15.4020
15.6980
15.9920
16.2860
16.5780
16.8660
17.1560
17.4460
17.7380
18.0320
18.3300
18.6280
18.9240
19.2200
19.5160
19.8120
20.1060
20.4020
20.6960
20.9900
21.2820
21.5760
21.8700
22.1660
22.4600
22.7540
23.0460
23.3380
23.6300
23.9200
24.2100
24.5020
24.7960
25.0900
25.3860
25.6840
25.9820
26.2780
26.5720
26.8660
27.1580
27.4440
27.7260
28.0100
28.2940
28.5800
28.8680
29.1580
29.4440
29.7320
