# Academic Ground Truth from ballroom
# Track ID: Media-105716
# Total Beats: 99
0.4500
0.7470
1.0570
1.3570
1.6670
1.9730
2.2770
2.5730
2.8630
3.1600
3.4570
3.7530
4.0570
4.3600
4.6670
4.9700
5.2700
5.5670
5.8670
6.1670
6.4670
6.7600
7.0570
7.3470
7.6430
7.9430
8.2470
8.5470
8.8430
9.1430
9.4430
9.7470
10.0500
10.3530
10.6500
10.9470
11.2430
11.5470
11.8470
12.1400
12.4330
12.7330
13.0370
13.3370
13.6370
13.9400
14.2370
14.5300
14.8300
15.1400
15.4430
15.7430
16.0400
16.3430
16.6430
16.9400
17.2430
17.5500
17.8630
18.1670
18.4600
18.7400
19.0400
19.3430
19.6570
19.9630
20.2630
20.5630
20.8530
21.1530
21.4500
21.7470
22.0430
22.3400
22.6400
22.9400
23.2430
23.5430
23.8430
24.1400
24.4400
24.7400
25.0500
25.3530
25.6570
25.9600
26.2600
26.5670
26.8670
27.1700
27.4630
27.7570
28.0570
28.3530
28.6570
28.9500
29.2530
29.5570
29.8700
