# Academic Ground Truth from ballroom
# Track ID: Media-104110
# Total Beats: 55
3.5100
3.9700
4.4700
4.9600
5.4300
5.9100
6.4000
6.8900
7.3800
7.8600
8.3500
8.8300
9.3100
9.7900
10.2800
10.7700
11.2500
11.7400
12.2200
12.7000
13.1900
13.6600
14.1500
14.6000
15.1200
15.6100
16.0900
16.5700
17.0500
17.5400
18.0200
18.5000
18.9900
19.4700
19.9600
20.4400
20.9200
21.4100
21.8900
22.3600
22.8500
23.3400
23.8300
24.3100
24.7800
25.2700
25.7600
26.2300
26.7000
27.2000
27.6900
28.1600
28.6600
29.1500
29.6300
