# Academic Ground Truth from ballroom
# Track ID: Media-103920
# Total Beats: 83
0.1300
0.5000
0.8400
1.2200
1.5900
1.9400
2.3000
2.6600
3.0200
3.3900
3.7500
4.1100
4.4900
4.8400
5.2000
5.5700
5.9300
6.2900
6.6600
7.0100
7.3800
7.7400
8.0800
8.4300
8.8000
9.1600
9.5300
9.8700
10.2500
10.6100
10.9700
11.3200
11.6700
12.0400
12.4000
12.7600
13.1200
13.4800
13.8500
14.1900
14.5500
14.9000
15.2700
15.6300
15.9800
16.3500
16.7100
17.0400
17.4100
17.7600
18.1300
18.4900
18.8500
19.2000
19.5700
19.9200
20.2900
20.6400
21.0200
21.3600
21.7300
22.0700
22.4500
22.7900
23.1500
23.5100
23.8700
24.2500
24.6200
24.9800
25.3400
25.7000
26.0600
26.4100
26.7700
27.1300
27.5000
27.8500
28.2100
28.5700
28.9200
29.2800
29.6700
