# Academic Ground Truth from ballroom
# Track ID: Media-105110
# Total Beats: 85
0.1000
0.4600
0.8170
1.1700
1.5200
1.8700
2.2170
2.5670
2.9200
3.2700
3.6170
3.9630
4.3200
4.6830
5.0500
5.4100
5.7670
6.1170
6.4770
6.8270
7.1900
7.5600
7.9300
8.2900
8.6230
8.9770
9.3270
9.6930
10.0500
10.4000
10.7530
11.1000
11.4530
11.7970
12.1500
12.5170
12.8930
13.2470
13.5870
13.9230
14.2670
14.6170
14.9700
15.3330
15.6870
16.0400
16.3970
16.7470
17.0930
17.4430
17.8000
18.1700
18.5230
18.8770
19.2170
19.5730
19.9230
20.2670
20.6030
20.9530
21.3170
21.6630
22.0000
22.3230
22.6770
23.0400
23.4170
23.7770
24.1270
24.4630
24.8000
25.1500
25.5100
25.8630
26.1970
26.5170
26.8500
27.1970
27.5570
27.9070
28.2570
28.6030
28.9470
29.2970
29.6330
