# Academic Ground Truth from ballroom
# Track ID: Media-105508
# Total Beats: 64
0.2290
0.7020
1.1700
1.6430
2.1060
2.5700
3.0360
3.5060
3.9730
4.4430
4.9130
5.3900
5.8600
6.3360
6.8000
7.2660
7.7200
8.1830
8.6530
9.1300
9.6030
10.0700
10.5360
11.0100
11.4800
11.9500
12.4130
12.8800
13.3500
13.8260
14.3160
14.7940
15.2540
15.6900
16.1460
16.6180
17.0980
17.5580
18.0330
18.5130
18.9960
19.4600
19.9200
20.3886
20.8570
21.3260
21.8140
22.2900
22.7570
23.2060
23.6630
24.1300
24.6000
25.0730
25.5430
26.0100
26.4760
26.9500
27.4200
27.8900
28.3560
28.8330
29.3100
29.7930
