# Academic Ground Truth from ballroom
# Track ID: Media-103804
# Total Beats: 59
0.0600
0.5500
1.0900
1.6100
2.1300
2.6400
3.1400
3.6600
4.1700
4.7100
5.2200
5.7400
6.2500
6.7600
7.2900
7.8000
8.2900
8.8400
9.3500
9.8700
10.3500
10.8900
11.4100
11.9200
12.4500
12.9700
13.4700
14.0000
14.5100
15.0300
15.5400
16.0600
16.5800
17.1000
17.6100
18.1300
18.6400
19.1600
19.6800
20.1900
20.7100
21.2300
21.7400
22.2500
22.7500
23.2800
23.8100
24.3200
24.8200
25.3500
25.8700
26.3900
26.9100
27.4200
27.9400
28.4500
28.9700
29.4900
29.9900
