# Academic Ground Truth from ballroom
# Track ID: Media-105710
# Total Beats: 88
0.4400
0.7770
1.1200
1.4600
1.8000
2.1370
2.4770
2.8170
3.1570
3.4930
3.8300
4.1700
4.5100
4.8500
5.1900
5.5270
5.8700
6.2070
6.5500
6.8900
7.2300
7.5670
7.9070
8.2470
8.5900
8.9270
9.2670
9.6030
9.9470
10.2830
10.6230
10.9500
11.2900
11.6270
11.9630
12.3000
12.6370
12.9800
13.3230
13.6600
13.9970
14.3300
14.6730
15.0230
15.3670
15.7070
16.0400
16.3770
16.7070
17.0430
17.3830
17.7270
18.0670
18.4000
18.7400
19.0770
19.4200
19.7600
20.1030
20.4430
20.7870
21.1270
21.4630
21.7970
22.1270
22.4670
22.7930
23.1270
23.4530
23.7930
24.1270
24.4730
24.8270
25.1870
25.5330
25.8730
26.2130
26.5500
26.8830
27.2200
27.5570
27.8900
28.2270
28.5700
28.9170
29.2570
29.5930
29.9330
