# Academic Ground Truth from ballroom
# Track ID: Media-104416
# Total Beats: 103
0.4500
0.7490
1.0410
1.3280
1.6160
1.9110
2.2120
2.5130
2.8060
3.0900
3.3730
3.6590
3.9470
4.2320
4.5180
4.8040
5.0940
5.3860
5.6770
5.9660
6.2540
6.5420
6.8310
7.1200
7.4100
7.6980
7.9850
8.2710
8.5590
8.8470
9.1410
9.4390
9.7410
10.0430
10.3470
10.6460
10.9350
11.2120
11.4850
11.7680
12.0590
12.3570
12.6500
12.9360
13.2180
13.5010
13.7880
14.0750
14.3610
14.6450
14.9280
15.2090
15.4970
15.7900
16.0910
16.3890
16.6830
16.9690
17.2510
17.5320
17.8230
18.1200
18.4200
18.7110
18.9990
19.2810
19.5650
19.8500
20.1380
20.4250
20.7100
20.9920
21.2780
21.5680
21.8630
22.1530
22.4380
22.7150
22.9950
23.2750
23.5590
23.8440
24.1380
24.4320
24.7260
25.0100
25.2940
25.5790
25.8690
26.1600
26.4520
26.7460
27.0370
27.3330
27.6330
27.9340
28.2300
28.5240
28.8170
29.1110
29.4050
29.6950
29.8600
