# Academic Ground Truth from ballroom
# Track ID: Media-105601
# Total Beats: 62
0.0100
0.4900
0.9800
1.4600
1.9400
2.4300
2.9100
3.4000
3.8800
4.3700
4.8400
5.3300
5.8200
6.3000
6.7900
7.2700
7.7600
8.2400
8.7200
9.2100
9.6900
10.1800
10.6600
11.1400
11.6200
12.1100
12.6000
13.0600
13.5600
14.0400
14.5200
15.0200
15.5000
15.9800
16.4600
16.9400
17.4300
17.9100
18.3900
18.8800
19.3900
19.8600
20.3300
20.8200
21.3000
21.8100
22.2600
22.7500
23.2400
23.7200
24.2100
24.6900
25.1800
25.6500
26.1400
26.6400
27.1200
27.6000
28.0800
28.5600
29.0400
29.5300
