# Academic Ground Truth from ballroom
# Track ID: Media-104208
# Total Beats: 65
0.0261
0.4992
0.9752
1.4425
1.9100
2.3530
2.8170
3.2770
3.7500
4.2030
4.6700
5.1370
5.6170
6.0800
6.5470
7.0070
7.4800
7.9500
8.4200
8.8900
9.3530
9.8170
10.2830
10.7500
11.2170
11.6830
12.1530
12.6270
13.0930
13.5670
14.0330
14.5030
14.9700
15.4330
15.9000
16.3630
16.8370
17.3030
17.7730
18.2570
18.7500
19.2330
19.6970
20.1500
20.6130
21.0800
21.5470
22.0170
22.4870
22.9570
23.4230
23.8900
24.3500
24.8200
25.2770
25.7500
26.2200
26.6930
27.1630
27.6300
28.1030
28.5730
29.0400
29.5100
29.9800
