# Academic Ground Truth from ballroom
# Track ID: Media-104316
# Total Beats: 104
0.0800
0.3700
0.6600
0.9500
1.2500
1.5300
1.8100
2.1000
2.4000
2.6800
2.9800
3.2500
3.5500
3.8300
4.1300
4.4100
4.7000
4.9800
5.2800
5.5700
5.8700
6.1500
6.4400
6.7200
7.0200
7.2900
7.5900
7.8600
8.1500
8.4200
8.7300
9.0100
9.3100
9.5900
9.8700
10.1700
10.4600
10.7600
11.0400
11.3300
11.6100
11.9100
12.1900
12.4800
12.7700
13.0700
13.3600
13.6400
13.9300
14.2100
14.5000
14.7800
15.0600
15.3700
15.6500
15.9300
16.2400
16.5000
16.8000
17.0800
17.3800
17.6600
17.9600
18.2400
18.5400
18.8200
19.1100
19.4000
19.6900
19.9800
20.2700
20.5400
20.8400
21.1300
21.4300
21.7200
22.0200
22.2900
22.5900
22.8700
23.1600
23.4400
23.7300
24.0300
24.3400
24.6200
24.9100
25.2000
25.5000
25.7800
26.0800
26.3500
26.6400
26.9300
27.2300
27.5100
27.8100
28.0900
28.3900
28.6700
28.9500
29.2400
29.5400
29.8300
