# Academic Ground Truth from ballroom
# Track ID: Media-105017
# Total Beats: 102
0.0700
0.3700
0.6700
0.9700
1.2700
1.5600
1.8600
2.1500
2.4400
2.7400
3.0300
3.3520
3.6720
3.9790
4.2700
4.5980
4.9230
5.2300
5.5090
5.8050
6.1010
6.3830
6.6670
6.9600
7.2500
7.5400
7.8200
8.1200
8.4100
8.7000
8.9900
9.2800
9.5600
9.8600
10.1600
10.4400
10.7400
11.0300
11.3100
11.6100
11.9100
12.1900
12.4800
12.7700
13.0600
13.3500
13.6400
13.9400
14.2400
14.5200
14.8200
15.1100
15.4000
15.6800
15.9700
16.2700
16.5600
16.8600
17.1500
17.4500
17.7400
18.0300
18.3200
18.6000
18.8800
19.1700
19.4700
19.7600
20.0500
20.3400
20.6400
20.9400
21.2400
21.5200
21.8200
22.1000
22.3900
22.6800
22.9600
23.2600
23.5600
23.8600
24.1600
24.4600
24.7600
25.0300
25.3000
25.6000
25.9000
26.2000
26.5000
26.8100
27.1100
27.3900
27.6900
27.9700
28.2600
28.5500
28.8300
29.1300
29.4200
29.7200
