# Academic Ground Truth from ballroom
# Track ID: Media-104309
# Total Beats: 90
0.1300
0.4470
0.7770
1.1000
1.4370
1.7670
2.1070
2.4370
2.7600
3.0830
3.4100
3.7400
4.0730
4.4070
4.7430
5.0800
5.4130
5.7430
6.0730
6.4030
6.7300
7.0600
7.3970
7.7370
8.0700
8.3970
8.7270
9.0700
9.4070
9.7330
10.0530
10.3800
10.7100
11.0470
11.3830
11.7370
12.0870
12.4330
12.7670
13.0870
13.4100
13.7400
14.0770
14.4170
14.7530
15.0900
15.4230
15.7570
16.0970
16.4400
16.7800
17.1100
17.4430
17.7730
18.1070
18.4370
18.7730
19.1130
19.4500
19.7900
20.1370
20.4830
20.8230
21.1600
21.5000
21.8400
22.1770
22.5200
22.8570
23.2000
23.5300
23.8730
24.2070
24.5470
24.8770
25.2100
25.5430
25.8800
26.2170
26.5470
26.8830
27.2130
27.5530
27.8870
28.2200
28.5600
28.8930
29.2330
29.5600
29.8970
