# Academic Ground Truth from ballroom
# Track ID: Media-103314
# Total Beats: 101
0.0800
0.3500
0.6300
0.9300
1.2400
1.5300
1.8300
2.1200
2.3900
2.7100
3.0200
3.3200
3.6200
3.9200
4.2300
4.5000
4.8200
5.1100
5.4100
5.7200
6.0200
6.3000
6.6000
6.9000
7.2100
7.5000
7.8100
8.1000
8.4000
8.7000
9.0000
9.2700
9.5700
9.8700
10.1800
10.4800
10.7900
11.0800
11.3800
11.6500
11.9400
12.2400
12.5500
12.8300
13.1400
13.4300
13.7400
14.0200
14.3200
14.6100
14.9200
15.2200
15.5200
15.8000
16.1000
16.4000
16.7000
16.9900
17.3100
17.5900
17.9000
18.1900
18.5000
18.7800
19.0900
19.3800
19.6900
19.9800
20.2900
20.5600
20.8400
21.1400
21.4300
21.7300
22.0400
22.3400
22.6400
22.9300
23.2400
23.5300
23.8300
24.1300
24.4300
24.7300
25.0300
25.3200
25.6200
25.9100
26.2100
26.5100
26.8000
27.0900
27.3900
27.6700
27.9600
28.2400
28.5300
28.8400
29.1300
29.4300
29.7300
