# Academic Ground Truth from ballroom
# Track ID: Media-104607
# Total Beats: 84
2.4900
2.8130
3.1230
3.4330
3.7400
4.0600
4.3870
4.7200
5.0570
5.3930
5.7230
6.0570
6.3830
6.7130
7.0400
7.3570
7.6700
7.9870
8.3230
8.6530
8.9870
9.3130
9.6470
9.9730
10.3130
10.6530
10.9870
11.3170
11.6470
11.9700
12.2870
12.6070
12.9400
13.2700
13.6030
13.9370
14.2700
14.6030
14.9370
15.2630
15.5900
15.9230
16.2670
16.6070
16.9400
17.2830
17.6230
17.9570
18.2700
18.5930
18.9130
19.2470
19.5800
19.9130
20.2370
20.5600
20.8930
21.2330
21.5670
21.8900
22.2070
22.5200
22.8430
23.1800
23.5270
23.8770
24.2200
24.5500
24.8670
25.1830
25.5070
25.8430
26.1900
26.5330
26.8770
27.2070
27.5370
27.8670
28.1970
28.5370
28.8730
29.2030
29.5330
29.8700
