# Academic Ground Truth from ballroom
# Track ID: Media-105407
# Total Beats: 63
0.0029
0.5050
0.9810
1.4600
1.9400
2.4200
2.9000
3.3900
3.8700
4.3600
4.8400
5.3200
5.8100
6.2900
6.7700
7.2600
7.7400
8.2200
8.7100
9.1900
9.6800
10.1600
10.6300
11.1200
11.6100
12.0900
12.5800
13.0600
13.5400
14.0300
14.5100
15.0000
15.4700
15.9600
16.4400
16.9300
17.4100
17.8900
18.3700
18.8600
19.3400
19.8200
20.3100
20.7900
21.2800
21.7600
22.2400
22.7300
23.2100
23.6900
24.1800
24.6600
25.1400
25.6300
26.1100
26.6000
27.0800
27.5600
28.0400
28.5300
29.0100
29.5000
29.9700
