# Academic Ground Truth from ballroom
# Track ID: Media-104507
# Total Beats: 89
0.3300
0.6910
1.0450
1.3830
1.7130
2.0430
2.3770
2.7200
3.0500
3.3770
3.6930
4.0130
4.3450
4.6830
5.0230
5.3620
5.7030
6.0370
6.3770
6.7130
7.0570
7.3920
7.7250
8.0720
8.4200
8.7700
9.1030
9.4270
9.7650
10.1150
10.4650
10.7970
11.1200
11.4370
11.7570
12.0900
12.4300
12.7630
13.0900
13.4220
13.7650
14.0980
14.4270
14.7510
15.0840
15.4170
15.7530
16.0870
16.4220
16.7480
17.0780
17.4070
17.7370
18.0770
18.4200
18.7600
19.0730
19.3830
19.7170
20.0640
20.4110
20.7530
21.0970
21.4340
21.7520
22.0590
22.3690
22.6880
23.0250
23.3810
23.7360
24.0820
24.4170
24.7520
25.0980
25.4470
25.7870
26.1170
26.4400
26.7700
27.1120
27.4580
27.8120
28.1540
28.4870
28.8030
29.1230
29.4530
29.8000
