# Academic Ground Truth from ballroom
# Track ID: Media-104907
# Total Beats: 63
0.1200
0.6030
1.1050
1.5760
2.0440
2.5050
2.9780
3.4620
3.9480
4.4280
4.9080
5.3920
5.8740
6.3570
6.8310
7.3020
7.7880
8.2650
8.7410
9.1910
9.6610
10.1380
10.6480
11.1480
11.6420
12.1180
12.5980
13.0780
13.5650
14.0620
14.5480
15.0150
15.4650
15.9380
16.4120
16.8920
17.3720
17.8780
18.3720
18.8580
19.3250
19.7950
20.2520
20.7180
21.1980
21.6920
22.1680
22.6450
23.1180
23.5950
24.0650
24.5280
25.0020
25.4550
25.9380
26.4180
26.9050
27.3720
27.8220
28.2920
28.7480
29.2250
29.6820
