# Academic Ground Truth from ballroom
# Track ID: Media-103703
# Total Beats: 60
0.0600
0.5500
1.0600
1.5300
2.0500
2.5700
3.0700
3.6000
4.0700
4.5700
5.0500
5.5700
6.0500
6.5600
7.0700
7.5600
8.0400
8.5400
9.0800
9.5600
10.0700
10.5600
11.0800
11.5500
12.0500
12.5700
13.0800
13.5600
14.0800
14.5700
15.0900
15.5700
16.0600
16.5700
17.0900
17.5700
18.0900
18.5700
19.0900
19.5800
20.0600
20.5700
21.1000
21.5700
22.0700
22.5700
23.0900
23.5900
24.0800
24.5800
25.0900
25.5800
26.0900
26.5800
27.0900
27.5800
28.0900
28.5800
29.1000
29.5900
