# Academic Ground Truth from ballroom
# Track ID: Media-105603
# Total Beats: 62
0.2482
0.7300
1.2100
1.7100
2.1800
2.6700
3.1500
3.6400
4.1100
4.6000
5.0800
5.5800
6.0500
6.5400
7.0200
7.5100
7.9900
8.4800
8.9500
9.4500
9.9200
10.4000
10.8900
11.3500
11.8600
12.3400
12.8200
13.3100
13.7900
14.2800
14.7600
15.2600
15.7300
16.2100
16.6900
17.2000
17.6600
18.1500
18.6300
19.1200
19.5900
20.0800
20.5700
21.0700
21.5300
22.0100
22.4900
22.9900
23.4700
23.9500
24.4400
24.9400
25.4100
25.8900
26.3700
26.8500
27.3500
27.8300
28.3000
28.7800
29.2700
29.7600
