# Academic Ground Truth from ballroom
# Track ID: Media-105717
# Total Beats: 101
0.4500
0.7420
1.0360
1.3300
1.6200
1.9100
2.2020
2.4920
2.7820
3.0700
3.3600
3.6420
3.9200
4.2030
4.4940
4.7870
5.0830
5.3870
5.6870
5.9850
6.2760
6.5700
6.8580
7.1460
7.4340
7.7240
8.0160
8.3100
8.6040
8.9000
9.2000
9.4980
9.7980
10.0960
10.3940
10.6900
10.9840
11.2760
11.5720
11.8680
12.1660
12.4680
12.7740
13.0780
13.3740
13.6620
13.9520
14.2400
14.5280
14.8220
15.1200
15.4120
15.7000
15.9880
16.2780
16.5680
16.8620
17.1600
17.4560
17.7500
18.0400
18.3300
18.6220
18.9160
19.2120
19.5120
19.8120
20.1080
20.4000
20.6940
20.9860
21.2760
21.5680
21.8660
22.1580
22.4540
22.7500
23.0440
23.3360
23.6320
23.9280
24.2240
24.5220
24.8180
25.1120
25.4060
25.7020
25.9920
26.2860
26.5820
26.8740
27.1620
27.4540
27.7460
28.0370
28.3310
28.6290
28.9290
29.2250
29.5220
29.8200
