# Academic Ground Truth from ballroom
# Track ID: Media-103917
# Total Beats: 63
0.0700
0.5530
1.0330
1.5170
1.9970
2.4830
2.9630
3.4470
3.9270
4.4130
4.8930
5.3770
5.8570
6.3430
6.8270
7.3100
7.7900
8.2730
8.7570
9.2400
9.7200
10.2030
10.6870
11.1700
11.6500
12.1330
12.6170
13.1030
13.5830
14.0670
14.5430
15.0300
15.5100
15.9970
16.4770
16.9630
17.4430
17.9270
18.4070
18.8930
19.3770
19.8600
20.3400
20.8230
21.3070
21.7900
22.2700
22.7530
23.2370
23.7200
24.2000
24.6830
25.1670
25.6500
26.1300
26.6130
27.0970
27.5830
28.0630
28.5470
29.0270
29.4930
29.9400
