# Academic Ground Truth from ballroom
# Track ID: Media-103719
# Total Beats: 66
1.0600
1.5200
1.9600
2.4100
2.8500
3.2800
3.7400
4.1700
4.6200
5.0600
5.5100
5.9400
6.3900
6.8100
7.2700
7.6900
8.1400
8.5800
9.0300
9.4600
9.8900
10.3300
10.7700
11.2000
11.6400
12.0700
12.5100
12.9500
13.3900
13.8100
14.2500
14.6600
15.1000
15.5300
15.9900
16.4300
16.8800
17.3100
17.7600
18.1900
18.6400
19.0700
19.5300
19.9600
20.4000
20.8400
21.2900
21.7200
22.1600
22.6000
23.0700
23.5000
23.9500
24.3800
24.8300
25.2700
25.7100
26.1500
26.6100
27.0400
27.4800
27.9300
28.3800
28.7900
29.2200
29.6700
