# Academic Ground Truth from ballroom
# Track ID: Media-103411
# Total Beats: 60
0.6900
1.1700
1.6500
2.1300
2.6200
3.1000
3.5900
4.0700
4.5600
5.0400
5.5200
6.0100
6.4900
6.9800
7.4700
7.9500
8.4300
8.9100
9.4000
9.8700
10.3600
10.8500
11.3300
11.8100
12.3000
12.8000
13.2800
13.7500
14.2400
14.7200
15.2000
15.6900
16.1800
16.6600
17.1400
17.6200
18.1100
18.5900
19.0800
19.5600
20.0500
20.5300
21.0100
21.4900
21.9800
22.4700
22.9500
23.4300
23.9200
24.3900
24.8900
25.3600
25.8500
26.3400
26.8200
27.3000
27.7900
28.2700
28.7500
29.2200
