# Academic Ground Truth from ballroom
# Track ID: Media-104209
# Total Beats: 90
0.0300
0.3630
0.7030
1.0430
1.3800
1.7100
2.0370
2.3600
2.6930
3.0330
3.3730
3.7100
4.0470
4.3800
4.7100
5.0400
5.3700
5.7070
6.0430
6.3800
6.7130
7.0430
7.3700
7.7000
8.0370
8.3770
8.7130
9.0500
9.3830
9.7100
10.0370
10.3570
10.6970
11.0370
11.3870
11.7200
12.0470
12.3770
12.7100
13.0500
13.3800
13.7130
14.0370
14.3730
14.7030
15.0430
15.3770
15.7130
16.0470
16.3830
16.7170
17.0500
17.3800
17.7100
18.0370
18.3670
18.7030
19.0370
19.3700
19.7030
20.0430
20.3800
20.7130
21.0530
21.4000
21.7330
22.0570
22.3770
22.7100
23.0430
23.3770
23.7070
24.0430
24.3770
24.7130
25.0370
25.3600
25.6900
26.0330
26.3730
26.7070
27.0470
27.3830
27.7200
28.0570
28.3930
28.7270
29.0570
29.3930
29.7300
