# Academic Ground Truth from ballroom
# Track ID: Media-105818
# Total Beats: 103
0.0200
0.3120
0.6020
0.8920
1.1860
1.4840
1.7820
2.0820
2.3820
2.6820
2.9760
3.2680
3.5580
3.8480
4.1360
4.4280
4.7200
5.0120
5.3040
5.5980
5.8900
6.1840
6.4780
6.7720
7.0660
7.3600
7.6540
7.9500
8.2460
8.5400
8.8340
9.1260
9.4180
9.7120
10.0080
10.3040
10.6000
10.8960
11.1900
11.4780
11.7700
12.0640
12.3560
12.6480
12.9460
13.2400
13.5340
13.8240
14.1180
14.4120
14.7060
15.0020
15.3000
15.5960
15.8900
16.1860
16.4780
16.7720
17.0660
17.3600
17.6520
17.9420
18.2360
18.5280
18.8180
19.1120
19.4100
19.7040
20.0000
20.3000
20.5960
20.8880
21.1840
21.4780
21.7720
22.0680
22.3640
22.6580
22.9520
23.2440
23.5360
23.8320
24.1280
24.4240
24.7200
25.0140
25.3080
25.6020
25.8960
26.1900
26.4860
26.7800
27.0720
27.3640
27.6560
27.9400
28.2300
28.5240
28.8200
29.1180
29.4200
29.7180
30.0140
