# Academic Ground Truth from ballroom
# Track ID: Media-104815
# Total Beats: 103
0.0500
0.3540
0.6590
0.9530
1.2480
1.5390
1.8370
2.1280
2.4150
2.6950
2.9800
3.2760
3.5770
3.8780
4.1770
4.4730
4.7710
5.0640
5.3570
5.6480
5.9460
6.2480
6.5490
6.8460
7.1410
7.4370
7.7320
8.0250
8.3160
8.6060
8.8970
9.1880
9.4810
9.7720
10.0670
10.3590
10.6550
10.9470
11.2410
11.5340
11.8280
12.1180
12.4060
12.6920
12.9800
13.2690
13.5600
13.8520
14.1460
14.4400
14.7340
15.0300
15.3240
15.6180
15.9100
16.2020
16.4970
16.7910
17.0890
17.3880
17.6900
17.9890
18.2890
18.5870
18.8880
19.1840
19.4810
19.7760
20.0760
20.3760
20.6760
20.9720
21.2690
21.5660
21.8620
22.1560
22.4470
22.7370
23.0340
23.3350
23.6390
23.9340
24.2280
24.5160
24.8080
25.0980
25.3910
25.6800
25.9720
26.2640
26.5580
26.8430
27.1360
27.4280
27.7330
28.0250
28.3190
28.6080
28.9030
29.1950
29.4850
29.7770
30.0720
