# Academic Ground Truth from ballroom
# Track ID: Media-104404
# Total Beats: 67
0.0800
0.5200
0.9770
1.4330
1.8930
2.3430
2.7970
3.2170
3.6370
4.0500
4.4900
4.9200
5.3700
5.8130
6.2630
6.6970
7.1230
7.5570
8.0070
8.4670
8.9300
9.3830
9.8330
10.2900
10.7430
11.2000
11.6500
12.1100
12.5770
13.0400
13.4970
13.9530
14.4030
14.8630
15.3100
15.7700
16.2270
16.6930
17.1400
17.5900
18.0370
18.4870
18.9370
19.3800
19.8330
20.2770
20.7230
21.1670
21.6130
22.0700
22.5270
22.9870
23.4470
23.9130
24.3730
24.8200
25.2770
25.7370
26.2000
26.6530
27.1130
27.5770
28.0330
28.5030
28.9600
29.4200
29.8600
