# Academic Ground Truth from ballroom
# Track ID: Media-103612
# Total Beats: 88
0.0300
0.3790
0.7260
1.0690
1.4120
1.7540
2.0960
2.4380
2.7790
3.1200
3.4620
3.8050
4.1480
4.4910
4.8310
5.1700
5.5110
5.8550
6.2020
6.5500
6.8950
7.2360
7.5740
7.9120
8.2520
8.5950
8.9390
9.2810
9.6220
9.9600
10.2980
10.6350
10.9740
11.3130
11.6520
11.9910
12.3310
12.6710
13.0150
13.3620
13.7110
14.0620
14.4120
14.7610
15.1060
15.4470
15.7860
16.1260
16.4660
16.8080
17.1520
17.4970
17.8410
18.1820
18.5180
18.8550
19.1880
19.5280
19.8690
20.2180
20.5550
20.8930
21.2250
21.5600
21.9000
22.2520
22.6100
22.9690
23.3240
23.6720
24.0150
24.3570
24.6960
25.0360
25.3770
25.7170
26.0520
26.3890
26.7260
27.0670
27.4080
27.7550
28.1010
28.4460
28.7890
29.1120
29.4545
29.7970
