# Academic Ground Truth from ballroom
# Track ID: Media-103306
# Total Beats: 64
0.1400
0.6370
1.1280
1.6020
2.0720
2.5300
2.9790
3.4360
3.8920
4.3730
4.8480
5.3270
5.7900
6.2480
6.7030
7.1680
7.6500
8.1240
8.5850
9.0390
9.5030
9.9670
10.4180
10.8660
11.3210
11.7830
12.2500
12.7030
13.1600
13.6180
14.0790
14.5330
14.9810
15.4450
15.9190
16.3960
16.8610
17.3130
17.7630
18.2120
18.6750
19.1350
19.5960
20.0540
20.5110
20.9700
21.4200
21.8790
22.3460
22.8080
23.2580
23.6970
24.1510
24.6180
25.0800
25.5330
25.9820
26.4540
26.9240
27.4141
27.8785
28.3312
28.8044
29.2717
