# Academic Ground Truth from ballroom
# Track ID: Media-104811
# Total Beats: 90
0.0500
0.3880
0.7350
1.0810
1.4260
1.7720
2.1020
2.4360
2.7620
3.1030
3.4430
3.7770
4.0960
4.4190
4.7390
5.0660
5.3920
5.7290
6.0670
6.4070
6.7460
7.0910
7.4260
7.7540
8.0830
8.4140
8.7490
9.0820
9.4140
9.7460
10.0770
10.4140
10.7520
11.0800
11.4080
11.7350
12.0730
12.4110
12.7430
13.0720
13.3960
13.7290
14.0660
14.4020
14.7320
15.0420
15.3590
15.6890
16.0390
16.3820
16.7220
17.0590
17.3920
17.7190
18.0520
18.3890
18.7190
19.0320
19.3620
19.6960
20.0320
20.3560
20.6790
21.0020
21.3250
21.6660
22.0110
22.3560
22.6980
23.0460
23.3920
23.7220
24.0450
24.3800
24.7160
25.0500
25.3860
25.7250
26.0790
26.4150
26.7460
27.0660
27.3860
27.7160
28.0460
28.3820
28.7190
29.0490
29.3690
29.6790
