# Academic Ground Truth from ballroom
# Track ID: Media-104916
# Total Beats: 102
0.0600
0.3480
0.6370
0.9290
1.2190
1.5070
1.7920
2.0790
2.3610
2.6410
2.9240
3.2160
3.5130
3.8110
4.1060
4.4010
4.6990
4.9990
5.2990
5.5990
5.8970
6.1920
6.4840
6.7780
7.0720
7.3700
7.6680
7.9630
8.2550
8.5470
8.8410
9.1390
9.4390
9.7380
10.0360
10.3320
10.6290
10.9270
11.2230
11.5190
11.8110
12.1030
12.3970
12.6910
12.9860
13.2780
13.5700
13.8620
14.1530
14.4420
14.7300
15.0230
15.3180
15.6160
15.9110
16.2060
16.4990
16.7940
17.0900
17.3870
17.6820
17.9760
18.2710
18.5680
18.8650
19.1590
19.4510
19.7410
20.0290
20.3190
20.6140
20.9130
21.2110
21.5060
21.8000
22.0930
22.3850
22.6750
22.9650
23.2540
23.5410
23.8290
24.1200
24.4180
24.7180
25.0180
25.3150
25.6090
25.9040
26.2000
26.4980
26.7950
27.0890
27.3820
27.6760
27.9690
28.2640
28.5590
28.8530
29.1450
29.4340
29.7230
