# Academic Ground Truth from ballroom
# Track ID: Media-105903
# Total Beats: 66
0.0500
0.5160
0.9800
1.4260
1.8820
2.3320
2.7800
3.2260
3.6820
4.1400
4.5960
5.0540
5.5100
5.9700
6.4280
6.8880
7.3460
7.8060
8.2660
8.7260
9.1920
9.6540
10.1220
10.5880
11.0540
11.5180
11.9840
12.4420
12.9040
13.3640
13.8220
14.2800
14.7440
15.2080
15.6720
16.1340
16.5980
17.0600
17.5140
17.9740
18.4380
18.9020
19.3540
19.8080
20.2640
20.7140
21.1520
21.6020
22.0520
22.4960
22.9420
23.3960
23.8480
24.3040
24.7640
25.2240
25.6880
26.1540
26.6220
27.0840
27.5520
28.0180
28.4840
28.9520
29.4240
29.8920
