# Academic Ground Truth from ballroom
# Track ID: Media-105812
# Total Beats: 87
0.1451
0.4934
0.8200
1.1670
1.5170
1.8700
2.2200
2.5700
2.9190
3.2690
3.6210
3.9670
4.3070
4.6510
4.9990
5.3510
5.6990
6.0450
6.3980
6.7550
7.1220
7.4820
7.8360
8.1880
8.5330
8.8760
9.2160
9.5460
9.8760
10.2110
10.5550
10.9080
11.2620
11.6150
11.9710
12.3250
12.6790
13.0310
13.3870
13.7360
14.0890
14.4390
14.7860
15.1310
15.4660
15.7900
16.1210
16.4500
16.7720
17.1040
17.4370
17.7760
18.1180
18.4600
18.7970
19.1440
19.4830
19.8220
20.1720
20.5310
20.8900
21.2570
21.6180
21.9810
22.3370
22.6800
23.0180
23.3510
23.6810
24.0130
24.3470
24.6830
25.0210
25.3570
25.6960
26.0360
26.3740
26.7140
27.0630
27.4100
27.7590
28.1070
28.4560
28.8040
29.1540
29.5000
29.8470
