# Academic Ground Truth from ballroom
# Track ID: Media-104016
# Total Beats: 83
1.1900
1.5430
1.8930
2.2430
2.5930
2.9500
3.3070
3.6600
4.0100
4.3600
4.7100
5.0600
5.4100
5.7630
6.1130
6.4630
6.8100
7.1630
7.5130
7.8670
8.2170
8.5730
8.9230
9.2730
9.6200
9.9730
10.3230
10.6730
11.0200
11.3730
11.7230
12.0730
12.4200
12.7700
13.1200
13.4700
13.8200
14.1700
14.5200
14.8730
15.2230
15.5770
15.9270
16.2800
16.6300
16.9800
17.3300
17.6830
18.0330
18.3870
18.7370
19.0900
19.4400
19.7900
20.1400
20.4900
20.8400
21.1900
21.5400
21.8900
22.2400
22.5930
22.9470
23.3000
23.6470
23.9970
24.3470
24.7000
25.0500
25.4000
25.7500
26.1030
26.4530
26.8070
27.1570
27.5100
27.8600
28.2100
28.5600
28.9130
29.2630
29.6030
29.9300
