# Academic Ground Truth from ballroom
# Track ID: Media-105709
# Total Beats: 88
0.4800
0.8000
1.1400
1.4830
1.8330
2.1730
2.5070
2.8430
3.1830
3.5230
3.8630
4.2000
4.5400
4.8770
5.2170
5.5530
5.8970
6.2370
6.5770
6.9130
7.2530
7.5970
7.9400
8.2770
8.6070
8.9430
9.2830
9.6300
9.9700
10.3100
10.6430
10.9700
11.3100
11.6570
12.0100
12.3470
12.6830
13.0200
13.3600
13.7000
14.0400
14.3800
14.7200
15.0530
15.3930
15.7270
16.0600
16.3970
16.7370
17.0870
17.4270
17.7700
18.1100
18.4470
18.7830
19.1200
19.4630
19.8000
20.1400
20.4800
20.8230
21.1630
21.5000
21.8300
22.1700
22.5100
22.8530
23.1900
23.5270
23.8670
24.2100
24.5500
24.8930
25.2300
25.5700
25.9070
26.2430
26.5770
26.9170
27.2530
27.5970
27.9370
28.2800
28.6200
28.9600
29.3000
29.6400
29.9800
