# Academic Ground Truth from ballroom
# Track ID: Media-106104
# Total Beats: 55
3.7400
4.2290
4.7130
5.1980
5.6830
6.1700
6.6570
7.1440
7.6310
8.1160
8.5990
9.0860
9.5710
10.0540
10.5410
11.0230
11.5100
11.9930
12.4780
12.9630
13.4480
13.9320
14.4180
14.8990
15.3840
15.8680
16.3520
16.8370
17.3210
17.8060
18.2900
18.7710
19.2570
19.7400
20.2240
20.7090
21.1930
21.6770
22.1620
22.6470
23.1320
23.6170
24.1010
24.5840
25.0700
25.5540
26.0400
26.5240
27.0090
27.4930
27.9780
28.4630
28.9490
29.4320
29.9170
