# Academic Ground Truth from ballroom
# Track ID: Media-104917
# Total Beats: 100
0.4900
0.8170
1.1270
1.4470
1.7500
2.0630
2.3670
2.6800
2.9830
3.2930
3.5900
3.9030
4.2130
4.5300
4.8330
5.1300
5.4330
5.7470
6.0700
6.3930
6.7010
6.9910
7.2680
7.5530
7.8560
8.1750
8.4980
8.8220
9.1290
9.4240
9.7050
9.9880
10.2720
10.5600
10.8500
11.1410
11.4300
11.7290
12.0150
12.2950
12.5750
12.8760
13.1890
13.4890
13.7820
14.0770
14.3830
14.6840
14.9810
15.2650
15.5500
15.8290
16.1190
16.4130
16.7100
17.0100
17.3120
17.6140
17.9070
18.1980
18.4900
18.7800
19.0600
19.3470
19.6300
19.9200
20.2030
20.5100
20.8070
21.1130
21.3930
21.6870
21.9670
22.2700
22.5720
22.8780
23.1790
23.4810
23.7770
24.0480
24.3230
24.6190
24.9330
25.2510
25.5560
25.8540
26.1440
26.4360
26.7380
27.0370
27.3260
27.6180
27.9080
28.2030
28.4880
28.7720
29.0500
29.3430
29.6450
29.9670
