# Academic Ground Truth from ballroom
# Track ID: Media-104816
# Total Beats: 74
8.9600
9.2600
9.5600
9.8300
10.1300
10.4000
10.7000
10.9800
11.2500
11.5400
11.8400
12.1200
12.4100
12.7000
12.9800
13.2700
13.5600
13.8400
14.1400
14.4200
14.7100
15.0000
15.2900
15.5800
15.8500
16.1500
16.4400
16.7300
17.0300
17.3000
17.6000
17.8800
18.1700
18.4600
18.7600
19.0400
19.3300
19.6100
19.9100
20.1900
20.4700
20.7600
21.0800
21.3700
21.6600
21.9300
22.2200
22.5000
22.7800
23.0700
23.3700
23.6600
23.9500
24.2400
24.5200
24.8100
25.0800
25.3600
25.6600
25.9600
26.2400
26.5200
26.8100
27.0900
27.3700
27.6700
27.9700
28.2500
28.5400
28.8300
29.1200
29.4100
29.7100
29.9900
