# Academic Ground Truth from ballroom
# Track ID: Media-105811
# Total Beats: 89
0.0300
0.3690
0.7080
1.0450
1.3900
1.7320
2.0720
2.4150
2.7510
3.0850
3.4180
3.7500
4.0850
4.4320
4.7770
5.1240
5.4720
5.8210
6.1640
6.5080
6.8410
7.1710
7.5000
7.8310
8.1600
8.4890
8.8240
9.1630
9.5010
9.8440
10.1810
10.5170
10.8610
11.1990
11.5340
11.8760
12.2110
12.5500
12.8940
13.2300
13.5670
13.9110
14.2490
14.5870
14.9290
15.2660
15.6030
15.9460
16.2810
16.6190
16.9610
17.2980
17.6350
17.9780
18.3150
18.6540
18.9960
19.3330
19.6700
20.0140
20.3510
20.6890
21.0310
21.3690
21.7110
22.0540
22.3880
22.7270
23.0690
23.4050
23.7420
24.0800
24.4170
24.7540
25.0930
25.4300
25.7670
26.1100
26.4490
26.7860
27.1300
27.4700
27.8090
28.1510
28.4890
28.8240
29.1610
29.4960
29.8330
