# Academic Ground Truth from ballroom
# Track ID: Media-103918
# Total Beats: 72
0.0400
0.4630
0.8900
1.3300
1.7500
2.1730
2.5900
3.0170
3.4470
3.8800
4.3100
4.7430
5.1670
5.5930
6.0100
6.4300
6.8570
7.2800
7.7100
8.1400
8.5670
8.9870
9.3970
9.8130
10.2270
10.6500
11.0670
11.4870
11.8970
12.3170
12.7300
13.1430
13.5530
13.9770
14.4030
14.8270
15.2430
15.6600
16.0770
16.4970
16.9170
17.3470
17.7700
18.1930
18.6070
19.0230
19.4370
19.8570
20.2770
20.7100
21.1370
21.5600
21.9700
22.3970
22.8200
23.2470
23.6630
24.0900
24.5070
24.9230
25.3330
25.7530
26.1670
26.5830
27.0030
27.4300
27.8530
28.2700
28.6800
29.0970
29.5130
29.9300
