# Academic Ground Truth from ballroom
# Track ID: Media-105020
# Total Beats: 103
0.0670
0.3600
0.6540
0.9500
1.2460
1.5430
1.8380
2.1380
2.4320
2.7240
3.0160
3.3120
3.6000
3.8920
4.1860
4.4800
4.7680
5.0620
5.3520
5.6440
5.9340
6.2260
6.5140
6.8060
7.0940
7.3820
7.6740
7.9680
8.2580
8.5480
8.8360
9.1280
9.4140
9.7060
9.9980
10.2940
10.5840
10.8780
11.1660
11.4560
11.7440
12.0320
12.3180
12.6100
12.8980
13.1860
13.4720
13.7660
14.0560
14.3420
14.6360
14.9360
15.2300
15.5260
15.8280
16.1260
16.4160
16.7100
17.0000
17.2940
17.5840
17.8800
18.1720
18.4680
18.7600
19.0560
19.3500
19.6460
19.9360
20.2320
20.5240
20.8160
21.1060
21.3920
21.6680
21.9440
22.2240
22.5060
22.8040
23.1080
23.4180
23.7280
24.0340
24.3320
24.6300
24.9260
25.2140
25.5080
25.8000
26.0940
26.3800
26.6720
26.9600
27.2480
27.5360
27.8300
28.1200
28.4140
28.7080
29.0000
29.2920
29.5860
29.8740
