# Academic Ground Truth from ballroom
# Track ID: Media-104810
# Total Beats: 90
0.1900
0.5070
0.8170
1.1300
1.4530
1.7930
2.1400
2.4800
2.8100
3.1370
3.4670
3.8070
4.1400
4.4770
4.8100
5.1470
5.4770
5.8030
6.1200
6.4330
6.7630
7.1070
7.4600
7.8000
8.1330
8.4700
8.8170
9.1630
9.5100
9.8430
10.1670
10.4870
10.8130
11.1530
11.4730
11.8070
12.1400
12.4870
12.8230
13.1530
13.4770
13.8070
14.1370
14.4830
14.8200
15.1530
15.4870
15.8170
16.1470
16.4730
16.8070
17.1500
17.4930
17.8370
18.1770
18.5200
18.8470
19.1770
19.5030
19.8370
20.1700
20.5030
20.8430
21.1830
21.5200
21.8570
22.1900
22.5200
22.8430
23.1730
23.5070
23.8470
24.1770
24.5070
24.8400
25.1770
25.5200
25.8600
26.2000
26.5300
26.8630
27.1900
27.5230
27.8530
28.1930
28.5200
28.8500
29.1700
29.5030
29.8230
