# Academic Ground Truth from ballroom
# Track ID: Media-105010
# Total Beats: 90
0.0600
0.4070
0.7570
1.1000
1.4330
1.7570
2.0900
2.4300
2.7630
3.0930
3.4200
3.7500
4.0800
4.4170
4.7670
5.1030
5.4270
5.7570
6.0930
6.4400
6.7700
7.1000
7.4330
7.7630
8.0930
8.4200
8.7530
9.0930
9.4370
9.7670
10.0870
10.3970
10.7330
11.0670
11.4000
11.7200
12.0530
12.3870
12.7300
13.0700
13.4230
13.7570
14.0870
14.4170
14.7470
15.0800
15.4130
15.7530
16.0870
16.4130
16.7470
17.0870
17.4230
17.7570
18.0830
18.4130
18.7470
19.0900
19.4230
19.7570
20.0800
20.4230
20.7570
21.0970
21.4370
21.7700
22.1070
22.4300
22.7600
23.0800
23.3930
23.7270
24.0630
24.4230
24.7630
25.1000
25.4200
25.7430
26.0730
26.4030
26.7270
27.0500
27.3830
27.7200
28.0630
28.4000
28.7470
29.0870
29.4270
29.7600
