# Academic Ground Truth from ballroom
# Track ID: Media-105420
# Total Beats: 56
3.1300
3.5900
4.0630
4.5530
5.0470
5.5370
6.0230
6.5130
6.9970
7.4870
7.9730
8.4630
8.9470
9.4370
9.9230
10.4130
10.8970
11.3870
11.8730
12.3670
12.8500
13.3400
13.8230
14.3130
14.7970
15.2870
15.7730
16.2670
16.7500
17.2430
17.7270
18.2170
18.6970
19.1870
19.6730
20.1630
20.6470
21.1370
21.6230
22.1130
22.5970
23.0870
23.5730
24.0630
24.5470
25.0370
25.5230
26.0130
26.4970
26.9870
27.4730
27.9670
28.4500
28.9400
29.4230
29.9170
