# Neural Ground Truth Beats (BeatNet CRNN + DBN)
# Track: 01-Plastic-People
# Duration: 861.53s, Estimated BPM: 125.0
# Total Beats: 1765, Downbeats: 442
0.2000
0.7000
1.1800
1.6600
2.1400
2.6600
3.1200
3.6200
4.1000
4.5800
5.0800
5.5600
6.0400
6.5400
7.0200
7.5200
8.0000
8.5200
8.9800
9.4600
9.9400
10.4400
10.9200
11.4200
11.9000
12.4200
12.8800
13.3800
13.8600
14.3400
14.8200
15.3200
15.8000
16.3000
16.7800
17.2800
17.7600
18.2600
18.7400
19.2200
19.7000
20.2000
20.6800
21.1800
21.6600
22.1600
22.6400
23.1200
23.6000
24.1000
24.5800
25.0800
25.5600
26.0600
26.5400
27.0200
27.5000
28.0000
28.4800
28.9800
29.4600
29.9600
30.4400
30.9400
31.4200
31.9000
32.3800
32.8800
33.3600
33.8600
34.3400
34.8400
35.3200
35.8000
36.2800
36.7800
37.2600
37.7600
38.2400
38.7400
39.2200
39.7000
40.1800
40.6800
41.1600
41.6800
42.1400
42.6400
43.1200
43.6200
44.1000
44.5800
45.0800
45.5600
46.0400
46.5400
47.0200
47.5200
48.0000
48.5000
48.9800
49.4600
49.9400
50.4400
50.9200
51.4200
51.9000
52.4000
52.8800
53.3600
53.8600
54.3400
54.8200
55.3200
55.8000
56.3000
56.7800
57.2800
57.7600
58.2400
58.7200
59.2200
59.7000
60.2000
60.6800
61.1800
61.6600
62.1400
62.6400
63.1200
63.6000
64.1000
64.5800
65.0800
65.5600
66.0600
66.5400
67.0200
67.5000
68.0000
68.4800
68.9800
69.4600
69.9600
70.4400
70.9200
71.4000
71.9000
72.4000
72.8800
73.3600
73.8600
74.3400
74.8400
75.3200
75.8000
76.3000
76.7800
77.2600
77.7600
78.2400
78.7400
79.2200
79.7000
80.2000
80.6800
81.1600
81.6600
82.1400
82.6400
83.1200
83.6200
84.1000
84.6000
85.0800
85.5600
86.0400
86.5400
87.0200
87.5200
88.0000
88.5000
88.9800
89.4600
89.9400
90.4400
90.9200
91.4200
91.9000
92.4000
92.8800
93.3600
93.8600
94.3400
94.8200
95.3200
95.8000
96.3000
96.7800
97.2600
97.7600
98.2400
98.7400
99.2200
99.7000
100.2000
100.6800
101.1800
101.6600
102.1400
102.6200
103.1200
103.6000
104.1000
104.5800
105.0800
105.5600
106.0600
106.5400
107.0200
107.5200
108.0000
108.4800
108.9800
109.4600
109.9600
110.4400
110.9400
111.4200
111.9200
112.3800
112.8800
113.3600
113.8600
114.3400
114.8400
115.3200
115.8000
116.2800
116.7800
117.2600
117.7600
118.2400
118.7400
119.2200
119.7200
120.2000
120.6800
121.1600
121.6600
122.1400
122.6400
123.1200
123.6200
124.1000
124.5800
125.0800
125.5600
126.0400
126.5400
127.0200
127.5200
128.0000
128.4800
128.9800
129.4600
129.9400
130.4400
130.9200
131.4200
131.9000
132.4000
132.8800
133.3600
133.8400
134.3400
134.8400
135.3200
135.8200
136.3000
136.7800
137.2800
137.7600
138.2400
138.7400
139.2400
139.7200
140.2000
140.6800
141.1800
141.6600
142.1600
142.6400
143.1400
143.6200
144.1000
144.6000
145.0800
145.5600
146.0600
146.5400
147.0200
147.5200
148.0000
148.5000
148.9800
149.4800
149.9600
150.4400
150.9400
151.4200
151.9000
152.4000
152.9200
153.5200
154.1200
154.7400
155.3200
155.9200
156.5400
157.1400
157.7200
158.2400
158.7400
159.2400
159.7200
160.2000
160.7000
161.1800
161.6600
162.1400
162.6400
163.1400
163.6200
164.1000
164.6000
165.0800
165.5600
166.0400
166.5400
167.0400
167.5200
168.0000
168.5000
168.9800
169.4600
169.9600
170.4600
170.9400
171.4200
171.9200
172.4000
172.9000
173.4800
174.0400
174.6000
175.1000
175.5800
176.0600
176.5600
177.0400
177.5200
178.0200
178.5000
179.0000
179.4800
179.9800
180.4600
180.9200
181.4200
181.9000
182.4000
182.9000
183.3800
183.8600
184.3600
184.8400
185.3200
185.8000
186.3000
186.8000
187.2800
187.7800
188.2600
188.7600
189.2400
189.7200
190.2000
190.7000
191.1800
191.6800
192.1600
192.6600
193.1400
193.6000
194.1000
194.6000
195.0800
195.5800
196.0600
196.5600
197.0400
197.5200
198.0000
198.5000
199.0000
199.4800
199.9600
200.4600
200.9400
201.4200
201.9000
202.3600
202.7800
203.2400
203.6600
204.1000
204.5800
205.0800
205.5600
206.0400
206.5400
207.0200
207.5200
208.0000
208.4800
208.9800
209.4800
209.9400
210.4400
210.9200
211.4200
211.9000
212.4000
212.8800
213.3800
213.8600
214.3400
214.8200
215.3200
215.8000
216.3000
216.7800
217.2800
217.7600
218.2400
218.7200
219.2200
219.7000
220.2000
220.6800
221.1800
221.6600
222.1400
222.6400
223.1200
223.6000
224.1000
224.5800
225.0800
225.5600
226.0600
226.5400
227.0200
227.5000
228.0000
228.5000
228.9800
229.4600
229.9600
230.4400
230.9200
231.4200
231.9000
232.4000
232.8800
233.3600
233.8600
234.3400
234.8400
235.3200
235.8200
236.3000
236.7800
237.2600
237.7600
238.2400
238.7400
239.2200
239.7200
240.2000
240.7000
241.1600
241.6600
242.1400
242.6400
243.1200
243.6200
244.1000
244.6000
245.0800
245.5600
246.0400
246.5400
247.0200
247.5200
248.0000
248.5000
248.9800
249.4600
249.9400
250.4400
250.9200
251.4200
251.9000
252.4000
252.8800
253.3600
253.8600
254.3400
254.8200
255.3200
255.8000
256.3000
256.7800
257.2600
257.7600
258.2400
258.7200
259.2200
259.7200
260.2000
260.6800
261.1800
261.6600
262.1400
262.6400
263.1200
263.6200
264.1000
264.5800
265.0800
265.5600
266.0600
266.5400
267.0200
267.5200
268.0000
268.4800
268.9800
269.4600
269.9600
270.4400
270.9200
271.4200
271.9200
272.3800
272.8800
273.3600
273.8600
274.3400
274.8400
275.3200
275.8200
276.3000
276.7800
277.2600
277.7600
278.2400
278.7400
279.2200
279.7200
280.2000
280.6800
281.1800
281.6600
282.1400
282.6400
283.1200
283.6200
284.1000
284.6000
285.0800
285.5600
286.0600
286.5400
287.0400
287.5200
288.0000
288.5000
288.9800
289.4600
289.9600
290.4400
290.9400
291.4200
291.9000
292.4000
292.8800
293.3800
293.8600
294.3600
294.8400
295.3200
295.8200
296.3000
296.7800
297.2800
297.7600
298.2400
298.7400
299.2200
299.7000
300.2000
300.6800
301.1800
301.6600
302.1400
302.6400
303.1200
303.6000
304.1000
304.5800
305.0600
305.5600
306.0600
306.5400
307.0200
307.5200
308.0000
308.4800
308.9800
309.4600
309.9600
310.4400
310.9400
311.4200
311.9000
312.3800
312.8800
313.3600
313.8600
314.3400
314.8400
315.3200
315.8000
316.2800
316.7800
317.2600
317.7600
318.2400
318.7400
319.2200
319.7200
320.2000
320.6800
321.1600
321.6600
322.1600
322.6400
323.1200
323.6000
324.1000
324.5800
325.0800
325.5600
326.0600
326.5400
327.0200
327.5200
328.0000
328.4800
328.9800
329.4600
329.9600
330.4400
330.9200
331.4200
331.9000
332.3800
332.8800
333.3600
333.8600
334.3600
334.8200
335.3200
335.8000
336.2800
336.7800
337.2800
337.7600
338.2400
338.7400
339.2200
339.7000
340.2000
340.6800
341.1800
341.6600
342.1600
342.6400
343.1200
343.6000
344.1000
344.5800
345.0800
345.5600
346.0600
346.5400
347.0200
347.5200
348.0000
348.4800
348.9800
349.4600
349.9600
350.4400
350.9200
351.4200
351.9000
352.3800
352.8800
353.3600
353.8600
354.3400
354.8200
355.3200
355.8000
356.3000
356.7800
357.2800
357.7600
358.2400
358.7400
359.2200
359.7000
360.2000
360.6800
361.1800
361.6600
362.1400
362.6400
363.1200
363.6000
364.1000
364.5800
365.0800
365.5800
366.0400
366.5400
367.0200
367.5000
368.0000
368.5000
368.9800
369.4600
369.9600
370.4400
370.9400
371.4200
371.9000
372.4000
372.8800
373.3600
373.8600
374.3600
374.8400
375.3200
375.8000
376.3000
376.7800
377.2800
377.7600
378.2400
378.7400
379.2200
379.7200
380.2000
380.6800
381.1800
381.6600
382.1600
382.6400
383.1200
383.6200
384.1000
384.6000
385.0800
385.5600
386.0600
386.5400
387.0200
387.5200
388.0000
388.5000
388.9800
389.4600
389.9600
390.4400
390.9400
391.4200
391.9200
392.4000
392.8800
393.3800
393.8600
394.3600
394.8400
395.3400
395.8200
396.3000
396.8000
397.2800
397.7600
398.2600
398.7400
399.2400
399.7200
400.2000
400.7000
401.1800
401.6800
402.1600
402.6400
403.1400
403.6200
404.1000
404.6000
405.0800
405.5800
406.0600
406.5400
407.0400
407.5200
408.0000
408.5000
408.9800
409.4800
409.9600
410.4400
410.9400
411.4200
411.9200
412.4000
412.9000
413.3800
413.8600
414.3400
414.8400
415.3200
415.8200
416.3000
416.8000
417.2800
417.7600
418.2600
418.7400
419.2400
419.7200
420.2000
420.7000
421.1800
421.6600
422.1600
422.6400
423.1400
423.6400
424.1400
424.6200
425.1000
425.5800
426.0600
426.5600
427.0200
427.4800
427.9400
428.3000
428.6400
429.0200
429.3800
429.7400
430.1000
430.4600
430.8200
431.2000
431.5600
431.9400
432.3400
432.7200
433.1600
433.6200
434.0600
434.4800
434.9200
435.3600
435.8400
436.3400
436.8000
437.2800
437.7600
438.2400
438.7400
439.2200
439.7000
440.2000
440.6800
441.1600
441.6400
442.1600
442.6400
443.1200
443.6200
444.1000
444.5800
445.0800
445.5600
446.0400
446.5400
447.0200
447.5200
448.0000
448.5000
448.9800
449.4600
449.9400
450.4400
450.9200
451.4200
451.9000
452.4000
452.8800
453.3600
453.8600
454.3400
454.8400
455.3200
455.8000
456.2600
456.7600
457.2800
457.7600
458.2400
458.7200
459.2200
459.7200
460.2000
460.6800
461.1800
461.6600
462.1400
462.6400
463.1400
463.6000
464.1000
464.5800
465.0800
465.5600
466.0600
466.5400
467.0400
467.5000
468.0000
468.4800
468.9800
469.4600
469.9600
470.4400
470.9400
471.4200
471.9000
472.3800
472.8800
473.3600
473.8600
474.3400
474.8400
475.3200
475.8000
476.3000
476.7800
477.2600
477.7600
478.2400
478.7400
479.2200
479.7200
480.2000
480.6800
481.1400
481.6600
482.1600
482.6400
483.1200
483.6200
484.1000
484.5800
485.0800
485.5600
486.0600
486.5400
487.0200
487.5200
488.0000
488.4800
488.9800
489.4600
489.9600
490.4400
490.9200
491.4200
491.9000
492.3600
492.8800
493.3600
493.8600
494.3400
494.8200
495.3200
495.8000
496.2800
496.7800
497.2800
497.7600
498.2600
498.7400
499.2200
499.7000
500.2000
500.6800
501.1800
501.6600
502.1600
502.6400
503.1200
503.6000
504.1000
504.5800
505.0800
505.5600
506.0600
506.5400
507.0200
507.5200
508.0000
508.4800
508.9800
509.4600
509.9600
510.4400
510.9200
511.4000
511.8800
512.4000
512.8800
513.3800
513.8600
514.3400
514.8400
515.3200
515.8000
516.3000
516.7800
517.2800
517.7600
518.2400
518.7400
519.2200
519.7000
520.2000
520.6800
521.1800
521.6600
522.1400
522.6400
523.1200
523.6000
524.1000
524.5800
525.0800
525.5600
526.0400
526.5400
527.0200
527.5200
528.0000
528.5000
528.9800
529.4600
529.9400
530.4400
530.9000
531.4200
531.9000
532.4000
532.8800
533.3800
533.8600
534.3400
534.8200
535.3200
535.8000
536.3000
536.7800
537.2800
537.7600
538.2400
538.7400
539.2200
539.7000
540.2000
540.6800
541.1800
541.6600
542.1600
542.6400
543.1200
543.6000
544.1000
544.5800
545.0800
545.5800
546.0600
546.5400
547.0400
547.5200
548.0000
548.5000
549.0000
549.4600
549.9600
550.4400
550.9200
551.4200
551.9000
552.4000
552.8800
553.3800
553.8600
554.3400
554.8200
555.3200
555.8000
556.3000
556.7800
557.2800
557.7600
558.2400
558.7400
559.2200
559.7200
560.2000
560.7000
561.1600
561.6600
562.1400
562.6000
563.1200
563.6200
564.1000
564.6000
565.0800
565.5600
566.0600
566.5400
567.0200
567.5200
568.0000
568.5000
568.9800
569.4600
569.9400
570.4400
570.9400
571.4200
571.9200
572.4000
572.8800
573.3600
573.8400
574.3400
574.8400
575.3200
575.8200
576.3000
576.7800
577.2800
577.7800
578.2600
578.7400
579.2200
579.7200
580.2000
580.7000
581.1800
581.6800
582.1600
582.6400
583.1400
583.6200
584.1200
584.6000
585.0800
585.5800
586.0600
586.5400
587.0400
587.5200
588.0000
588.5000
588.9800
589.4600
589.9600
590.4400
590.9400
591.4400
591.9200
592.4000
592.9000
593.3800
593.8600
594.3400
594.8400
595.3400
595.8200
596.3200
596.8000
597.2800
597.7600
598.2400
598.7200
599.2200
599.7200
600.2200
600.7000
601.2000
601.6800
602.1600
602.6400
603.1400
603.6200
604.1000
604.5800
605.0600
605.5600
606.0600
606.5400
607.0400
607.5200
608.0200
608.5000
608.9800
609.4400
609.9400
610.4400
610.9400
611.4200
611.9000
612.4000
612.8800
613.3600
613.8600
614.3400
614.8400
615.3200
615.8000
616.3000
616.7800
617.2600
617.7600
618.2400
618.7400
619.2200
619.7200
620.2000
620.6800
621.1600
621.6600
622.1400
622.6400
623.1200
623.6200
624.1000
624.5800
625.0800
625.5600
626.0600
626.5400
627.0200
627.5200
628.0000
628.4800
628.9800
629.4600
629.9600
630.4400
630.9400
631.4200
631.9000
632.4000
632.8800
633.3600
633.8600
634.3400
634.8400
635.3200
635.8000
636.2800
636.7800
637.2600
637.7600
638.2400
638.7400
639.2200
639.7000
640.2000
640.6800
641.1800
641.6600
642.1400
642.6400
643.1200
643.6200
644.1000
644.5800
645.0800
645.5600
646.0600
646.5400
647.0200
647.5200
648.0000
648.5000
648.9800
649.4600
649.9600
650.4400
650.9200
651.4200
651.9000
652.4000
652.8800
653.3600
653.8600
654.3400
654.8400
655.3200
655.8000
656.3000
656.7800
657.2600
657.7600
658.2400
658.7400
659.2200
659.7200
660.2000
660.6800
661.1600
661.6600
662.1400
662.6400
663.1200
663.6200
664.1000
664.5800
665.0800
665.5600
666.0600
666.5400
667.0200
667.5200
668.0000
668.5000
668.9800
669.4600
669.9600
670.4400
670.9200
671.4200
671.9000
672.3800
672.8800
673.3800
673.8600
674.3400
674.8400
675.3200
675.8000
676.3000
676.7800
677.2800
677.7600
678.2400
678.7400
679.2200
679.7000
680.2000
680.6800
681.1800
681.6600
682.1400
682.6400
683.1200
683.6000
684.1000
684.5800
685.0800
685.5600
686.0600
686.5400
687.0200
687.5200
688.0000
688.4800
688.9800
689.4600
689.9600
690.4400
690.9400
691.4200
691.9000
692.4000
692.8800
693.3600
693.8600
694.3400
694.8400
695.3200
695.8000
696.3000
696.7800
697.2600
697.7600
698.2400
698.7400
699.2200
699.7000
700.2000
700.6800
701.1800
701.6600
702.1400
702.6400
703.1200
703.6200
704.1000
704.5800
705.0800
705.5600
706.0600
706.5400
707.0200
707.5200
708.0000
708.5000
708.9800
709.4600
709.9600
710.4400
710.9200
711.4200
711.9000
712.4000
712.8800
713.3600
713.8600
714.3400
714.8200
715.3200
715.8000
716.3000
716.7800
717.2800
717.7600
718.2400
718.7400
719.2200
719.7000
720.2000
720.6800
721.1800
721.6600
722.1400
722.6400
723.1200
723.6000
724.1000
724.5800
725.0800
725.5600
726.0400
726.5400
727.0200
727.5200
728.0000
728.5000
728.9800
729.4600
729.9600
730.4400
730.9200
731.4200
731.9000
732.4000
732.8800
733.3600
733.8600
734.3400
734.8400
735.3200
735.8000
736.3000
736.7800
737.2600
737.7600
738.2400
738.7400
739.2200
739.7200
740.2000
740.6800
741.1800
741.6600
742.1400
742.6400
743.1200
743.6200
744.1000
744.6000
745.0800
745.5600
746.0400
746.5400
747.0200
747.5200
748.0000
748.5000
748.9800
749.4600
749.9400
750.4400
750.9400
751.4200
751.9000
752.4000
752.8800
753.3800
753.8600
754.3400
754.8200
755.3200
755.8200
756.3000
756.7800
757.2800
757.7600
758.2400
758.7400
759.2200
759.7200
760.2000
760.6800
761.1800
761.6600
762.1400
762.6400
763.1200
763.6200
764.1000
764.5800
765.0800
765.5600
766.0400
766.5400
767.0200
767.5200
768.0000
768.4800
768.9800
769.4600
769.9600
770.4400
770.9400
771.4200
771.9000
772.4000
772.8800
773.3600
773.8600
774.3400
774.8400
775.3200
775.8200
776.3000
776.7800
777.2600
777.7600
778.2400
778.7400
779.2200
779.7200
780.2000
780.6800
781.1800
781.6600
782.1400
782.6400
783.1200
783.6200
784.1000
784.6000
785.0800
785.5600
786.0600
786.5400
787.0400
787.5200
788.0000
788.5000
788.9800
789.4600
789.9600
790.4400
790.9400
791.4200
791.9000
792.4000
792.8800
793.3600
793.8600
794.3400
794.8400
795.3200
795.8000
796.3000
796.7800
797.2800
797.7600
798.2600
798.7400
799.2200
799.7200
800.2000
800.6800
801.1800
801.6600
802.1600
802.6400
803.1200
803.6200
804.1000
804.5800
805.0800
805.5600
806.0600
806.5400
807.0200
807.5200
808.0000
808.4800
808.9800
809.4600
809.9600
810.4400
810.9400
811.4200
811.9000
812.4000
812.8800
813.3600
813.8600
814.3400
814.8400
815.3200
815.8000
816.3000
816.7800
817.2800
817.7600
818.2400
818.7400
819.2200
819.7200
820.2000
820.6800
821.1800
821.6600
822.1600
822.6400
823.1200
823.6200
824.1000
824.5800
825.0800
825.5600
826.0600
826.5400
827.0200
827.5200
828.0000
828.4800
828.9800
829.4600
829.9600
830.4400
830.9400
831.4200
831.9000
832.3800
832.8800
833.3600
833.8600
834.3400
834.8400
835.3200
835.8000
836.2800
836.7800
837.2600
837.7600
838.2400
838.7400
839.2200
839.7000
840.2000
840.6800
841.1800
841.6600
842.1400
842.6400
843.1200
843.6400
844.1000
844.6000
845.0800
845.5600
846.0400
846.5400
847.0200
847.5400
848.0000
848.5000
848.9800
849.4600
849.9400
850.4400
850.9200
851.4200
851.9000
852.4000
852.8800
853.3800
853.8600
854.3400
854.8200
855.3400
855.8000
856.3000
856.7800
857.2800
857.7600
858.2600
858.7600
859.2600
859.7800
