# Neural Ground Truth Downbeats (BeatNet CRNN + DBN)
# Track: Another One Bites The Dust - Remastered 2011
1.0400
2.1200
3.2000
4.3000
5.3600
6.4600
7.5800
8.6600
9.7800
10.8600
11.9400
13.0400
14.1000
15.1800
16.3000
17.4000
18.4800
19.5800
20.6600
21.7600
22.8400
23.9200
25.0400
26.1200
27.2200
28.3200
29.4000
30.4800
31.5800
32.6600
33.7600
34.8600
35.9600
37.0400
38.1200
39.2200
40.2800
41.3800
42.5000
43.6000
44.6800
45.7800
46.8600
47.9600
49.0400
50.1400
51.2400
52.3400
53.4200
54.5000
55.6000
56.7000
57.8000
58.8800
59.9800
61.0600
62.1400
63.2600
64.3400
65.4400
66.5200
67.6400
68.7600
69.8800
70.9800
72.1000
73.3200
74.4800
75.5800
76.6600
77.7200
78.8600
79.9600
81.0400
82.1200
83.2200
84.3200
85.4000
86.5000
87.6200
88.6800
89.7600
90.8600
91.9400
93.0000
94.1400
95.3600
96.5400
97.6200
98.7000
99.7800
100.8800
101.9800
103.0800
104.1600
105.2400
106.3800
107.4600
108.5400
109.6200
110.6800
111.7600
112.9000
114.0200
115.1000
116.1800
117.2800
118.3600
119.4600
120.5600
121.6400
122.7400
123.8200
124.9000
126.0000
127.1000
128.1800
129.2800
130.4000
131.5000
132.5600
133.6600
134.7200
135.8000
136.9200
138.0200
139.1200
140.2400
141.3200
142.4000
143.4800
144.5800
145.6600
146.7400
147.8400
148.9400
150.0400
151.1200
152.2200
153.3000
154.4000
155.5000
156.5600
157.6400
158.7800
159.8400
160.9400
162.0200
163.1200
164.2200
165.3400
166.4200
167.5000
168.5800
169.6800
170.7600
171.8200
172.9400
174.0400
175.1600
176.2400
177.3200
178.4000
179.4800
180.6000
181.7000
182.7800
183.9000
184.9600
186.0400
187.1400
188.2200
189.2800
190.4000
191.5000
192.6000
193.7000
194.7800
195.8600
196.9600
198.0600
199.1400
200.2200
201.3400
202.4200
203.5000
204.5800
205.6800
206.7800
207.8600
209.2200
211.1400
213.3200
215.4800
217.6800
219.8800
222.0400
224.2400
226.4200
228.6200
230.8000
232.9600
235.1600
237.3400
239.5200
241.7000
243.9000
246.0800
248.2600
250.4400
252.6200
254.8200
256.9800
259.1800
261.3600
263.2400
264.6400
265.7200
266.8200
267.9200
269.0200
270.0800
271.2200
272.2800
273.3800
274.4600
275.5600
276.6400
277.7400
278.7600
279.8800
281.0000
282.0600
283.2000
284.3200
285.3800
286.4600
287.5600
288.6600
289.7800
290.8600
291.9400
293.0200
294.0800
295.1800
296.2800
297.4000
298.4800
299.5600
300.6600
301.7600
302.8400
303.9400
305.0200
306.1400
307.2200
308.3000
309.3800
310.4800
311.5600
312.6800
313.7600
314.8400
315.9200
317.0000
318.1200
319.2200
320.3000
321.4200
322.5000
323.5800
324.6800
325.7600
326.8600
327.9400
329.0400
330.1400
331.2200
332.3200
333.4200
334.4800
335.5800
336.6600
337.7400
338.8800
339.9600
341.0200
342.1600
343.2400
344.3200
345.4200
346.5000
347.5600
348.6600
349.7800
350.8800
351.9600
353.0400
354.1400
355.2000
356.3000
357.4200
358.5400
359.6200
360.6800
361.7800
362.8800
363.9400
365.0800
366.1600
367.2600
368.3400
369.4200
370.5200
371.5800
372.6800
373.8000
374.9000
375.9600
377.0800
378.1600
379.2400
380.3400
381.4000
382.4800
383.6200
384.7400
385.8200
386.9000
387.9800
389.0600
390.1200
391.2400
392.3400
393.4800
394.5600
395.6200
396.7200
397.8000
398.8600
399.9600
401.0800
402.1800
403.2800
404.3800
405.4600
406.5400
407.6400
408.7400
409.8200
410.9200
412.0200
413.1000
414.1800
415.2800
416.3600
417.4600
418.5600
419.6800
420.8000
421.9800
423.1200
424.3200
425.5200
426.7400
