# Neural Ground Truth Beats (BeatNet CRNN + DBN)
# Track: Bohemian Rhapsody - Remastered 2011
# Duration: 354.33s, Estimated BPM: 136.4
# Total Beats: 632, Downbeats: 158
0.2400
1.0600
1.8800
2.6800
3.5400
4.3600
5.1200
5.9200
6.6800
7.4600
8.2200
9.0600
9.9000
10.7000
11.5400
12.3200
13.1400
14.0000
14.8200
15.7200
16.5800
17.4000
18.3000
19.1200
20.0200
20.8400
21.7600
22.6000
23.5200
24.4000
25.2400
26.1600
26.9800
27.8600
28.7000
29.5200
30.4000
31.2200
32.0200
32.8200
33.6600
34.4600
35.3200
36.1200
36.9200
37.7400
38.6200
39.4800
40.3400
41.1800
42.0200
42.8600
43.7200
44.5600
45.4200
46.2200
47.0800
47.9800
48.8200
49.7000
50.5400
51.4000
52.2600
53.1200
53.9400
54.7800
55.6600
56.5000
57.3400
58.2000
59.0400
59.9000
60.7200
61.5800
62.4200
63.2800
64.1200
64.9600
65.8200
66.6600
67.4600
68.3400
69.1600
70.0000
70.8400
71.6600
72.5200
73.4000
74.2600
75.1000
75.9400
76.8200
77.6400
78.4800
79.3400
80.2000
81.0400
81.9000
82.7400
83.6200
84.4800
85.3200
86.1600
87.0200
87.8400
88.7000
89.5600
90.4000
91.2400
92.0800
92.9400
93.7600
94.6000
95.4200
96.2400
97.0600
97.9400
98.7800
99.6200
100.5000
101.3400
102.2200
103.0800
103.7200
104.3200
104.9600
105.5600
106.1800
106.8000
107.4200
108.1000
108.9600
109.8200
110.6800
111.5400
112.4000
113.2400
114.1000
114.9400
115.8000
116.6600
117.5000
118.3600
119.2400
120.0600
120.9000
121.7600
122.6200
123.4200
124.3000
125.1400
125.9800
126.8200
127.6800
128.5000
129.3600
130.1800
131.0400
131.9000
132.7600
133.6000
134.4400
135.3000
136.1600
136.9800
137.8600
138.6800
139.5400
140.3800
141.2400
142.0800
142.9600
143.7800
144.6400
145.5000
146.3400
147.2200
148.0800
148.9200
149.7200
150.6000
151.4600
152.3000
153.1600
153.9800
154.8200
155.6200
156.4800
157.3400
158.2400
159.0800
159.9200
160.7600
161.6200
162.4600
163.2800
164.1400
164.9400
165.8200
166.6800
167.5400
168.3800
169.2000
170.0600
170.9400
171.8000
172.6400
173.4800
174.3600
175.2200
176.0400
176.9000
177.7200
178.5800
179.4000
180.1800
180.8200
181.4400
182.0800
182.7400
183.3600
184.0200
184.4200
184.8600
185.2800
185.7000
186.1200
186.5400
186.9400
187.3600
187.7600
188.1800
188.5800
189.0000
189.3800
189.8000
190.2000
190.6000
190.9800
191.3600
191.7400
192.1400
192.5600
192.9400
193.3400
193.7400
194.1600
194.5600
194.9400
195.3600
195.7400
196.1600
196.5400
196.9200
197.3000
197.6600
198.0000
198.3200
198.6600
199.0000
199.3600
199.7000
200.0600
200.4400
200.8000
201.1600
201.5000
201.8800
202.2200
202.5600
202.9000
203.2200
203.5800
203.9800
204.3800
204.7800
205.1600
205.5800
205.9800
206.3600
206.7600
207.1800
207.5800
207.9800
208.3600
208.7600
209.1600
209.5600
209.9600
210.3800
210.7600
211.1800
211.5800
211.9800
212.3800
212.7800
213.1800
213.5800
213.9800
214.3800
214.7800
215.1800
215.6000
216.0000
216.4000
216.7800
217.1800
217.5800
217.9800
218.4000
218.8000
219.1800
219.5800
220.0000
220.3800
220.7800
221.2000
221.6000
221.9800
222.3800
222.7400
223.1600
223.5600
223.9400
224.3400
224.7600
225.1600
225.5600
225.9200
226.3400
226.7200
227.1400
227.5200
227.9200
228.3200
228.7200
229.1200
229.5000
229.8800
230.2600
230.6200
231.0200
231.4200
231.8200
232.2000
232.6000
233.0000
233.4200
233.8200
234.2200
234.6200
235.0200
235.4000
235.8000
236.2000
236.5800
236.9600
237.3600
237.7600
238.2000
238.5800
239.0000
239.3800
239.7800
240.1800
240.5800
240.9800
241.4000
241.8000
242.2600
242.7000
243.1200
243.5600
243.9800
244.4000
244.8200
245.2400
245.6800
246.1000
246.5000
246.9400
247.3800
247.8200
248.2600
248.7000
249.1600
249.5800
250.0400
250.4600
250.9000
251.3400
251.7800
252.2000
252.6400
253.0400
253.4800
253.9200
254.3600
254.8000
255.2400
255.6600
256.1200
256.5400
256.9600
257.4000
257.8400
258.2800
258.7200
259.1400
259.6000
260.0200
260.4600
260.8200
261.1400
261.4400
261.7400
262.0400
262.3400
262.6600
263.0800
263.5200
263.9400
264.3600
264.8200
265.2400
265.6600
266.0600
266.5000
266.9400
267.4000
267.8400
268.2800
268.7000
269.1600
269.6000
270.0200
270.4400
270.9000
271.3200
271.7800
272.2000
272.6600
273.0800
273.5400
273.9400
274.3800
274.8000
275.2400
275.6800
276.1200
276.5400
276.9800
277.4000
277.8200
278.2600
278.7000
279.1400
279.5800
280.0200
280.4600
280.8800
281.3400
281.7800
282.2000
282.6000
283.0600
283.4800
283.9400
284.3800
284.8000
285.2600
285.7000
286.1200
286.5600
287.0200
287.5000
287.9600
288.4000
288.8600
289.3600
289.8600
290.3400
290.8600
291.3400
291.8600
292.3800
292.9200
293.4200
293.9600
294.4800
295.0000
295.4400
295.9000
296.3200
296.7400
297.1800
297.6000
298.0200
298.4200
298.8600
299.2400
299.6600
300.0600
300.4800
300.8800
301.3200
301.7200
302.1400
302.5400
302.9200
303.3600
303.7800
304.1800
304.6000
305.0200
305.4400
305.8600
306.2800
306.7000
307.1200
307.5600
307.9800
308.4000
308.8200
309.2600
309.7000
310.1400
310.5800
311.0200
311.4400
311.8400
312.3000
312.7400
313.1600
313.5800
314.0200
314.4400
314.8600
315.3000
315.7400
316.1600
316.6000
317.0600
317.5000
317.9400
318.3400
318.7600
319.1800
319.6000
320.0200
320.4400
320.8600
321.2800
321.6800
322.0800
322.4800
322.9000
323.2400
323.6000
323.9800
324.3400
324.7000
325.0400
325.4200
325.7800
326.1400
326.5000
326.9000
327.2800
327.6400
328.0200
328.4000
328.8000
329.1600
329.5400
329.9400
330.3200
330.7200
331.1000
331.5000
331.8600
332.2400
332.6400
333.0200
333.3800
333.7600
334.1600
334.5200
334.9000
335.2800
335.6800
336.0600
336.4200
336.8000
337.2000
337.5600
337.9400
338.3200
338.7000
339.1000
339.4800
339.8800
340.3000
340.6800
341.1000
341.4800
341.9200
342.4000
342.9000
343.3800
343.8400
344.3200
344.8000
345.2800
345.7800
346.2600
346.7400
347.2200
347.7000
348.1800
348.6400
349.1200
349.6200
350.1000
350.5800
351.0400
351.5200
352.0000
352.4800
352.9600
353.4600
353.9200
