# Neural Ground Truth Beats (BeatNet CRNN + DBN)
# Track: Chan Chan
# Duration: 257.75s, Estimated BPM: 166.7
# Total Beats: 709, Downbeats: 178
0.3200
0.7800
1.2400
1.7000
2.1000
2.5200
2.9400
3.3200
3.7200
4.1200
4.5000
4.8800
5.2800
5.6600
6.0400
6.4200
6.8000
7.1800
7.5800
7.9800
8.3800
8.7600
9.1200
9.5000
9.8800
10.2600
10.6600
11.0200
11.4000
11.7800
12.1400
12.5200
12.9000
13.2600
13.6400
14.0200
14.4200
14.7800
15.1600
15.5000
15.9000
16.2600
16.6600
17.0400
17.4000
17.8000
18.1600
18.5400
18.9000
19.2800
19.6400
20.0200
20.4000
20.7800
21.1600
21.5200
21.9200
22.2800
22.6600
23.0600
23.4400
23.8000
24.1800
24.5800
24.9400
25.3200
25.7000
26.0400
26.4200
26.8000
27.1800
27.5600
27.9200
28.3000
28.7000
29.0600
29.4400
29.8000
30.1600
30.5200
30.8800
31.2400
31.6200
32.0000
32.3600
32.7600
33.1400
33.5000
33.8800
34.2400
34.6200
35.0000
35.3800
35.7600
36.1400
36.5200
36.8800
37.2600
37.6400
38.0200
38.4000
38.7800
39.1600
39.5800
39.9600
40.3400
40.7200
41.0800
41.4600
41.8400
42.2200
42.6000
42.9800
43.3800
43.7400
44.0800
44.4400
44.7800
45.1200
45.4400
45.7800
46.1200
46.5000
46.8600
47.2600
47.6400
47.9800
48.3600
48.7200
49.1000
49.4800
49.8400
50.2200
50.6000
50.9600
51.3200
51.7200
52.0800
52.4800
52.8400
53.2400
53.6000
53.9800
54.3400
54.7000
55.0800
55.4200
55.8200
56.2000
56.5600
56.9400
57.3000
57.6800
58.0400
58.4200
58.8000
59.2000
59.5400
59.9200
60.2800
60.6400
60.9800
61.3600
61.7200
62.1000
62.4800
62.8800
63.2200
63.6000
63.9400
64.3200
64.6600
65.0200
65.4000
65.7600
66.1000
66.4800
66.8600
67.2400
67.6000
67.9800
68.3600
68.7400
69.1000
69.4600
69.8200
70.2000
70.5600
70.9000
71.2800
71.6400
71.9800
72.3600
72.7400
73.1200
73.4800
73.8600
74.2200
74.6000
74.9400
75.3200
75.7000
76.0800
76.4400
76.8400
77.1800
77.5600
77.9000
78.2800
78.6400
79.0200
79.4000
79.7600
80.1200
80.5000
80.8400
81.2200
81.5600
81.9400
82.2800
82.6400
83.0000
83.3600
83.7200
84.0800
84.4400
84.8200
85.2000
85.5800
85.9400
86.3000
86.6600
87.0200
87.3800
87.7600
88.1200
88.4800
88.8400
89.1800
89.5400
89.9000
90.2600
90.6400
91.0000
91.3400
91.7000
92.0800
92.4400
92.8000
93.1600
93.5000
93.8800
94.2200
94.5800
94.9600
95.3000
95.6800
96.0200
96.3800
96.7400
97.1000
97.4800
97.8400
98.1800
98.5400
98.9000
99.2800
99.6400
100.0400
100.4000
100.7600
101.1200
101.4800
101.8200
102.1800
102.5600
102.9200
103.2800
103.6400
104.0000
104.3600
104.7200
105.0800
105.4200
105.7800
106.1400
106.5200
106.8600
107.2200
107.5800
107.9600
108.3200
108.7200
109.0600
109.4200
109.8000
110.1600
110.5200
110.8600
111.2400
111.6000
111.9400
112.2800
112.6200
113.0000
113.3400
113.7200
114.0800
114.4200
114.8000
115.1600
115.5000
115.8600
116.2200
116.6000
116.9400
117.3000
117.6800
118.0400
118.4000
118.7600
119.1000
119.4800
119.8400
120.2200
120.5600
120.9400
121.2800
121.6400
122.0000
122.3600
122.7200
123.1000
123.4400
123.8000
124.1600
124.5400
124.8800
125.2400
125.6000
125.9600
126.3400
126.7000
127.0600
127.4200
127.7800
128.1400
128.5000
128.8600
129.2200
129.5800
129.9400
130.3000
130.6400
131.0000
131.3600
131.7200
132.1000
132.4600
132.8000
133.1800
133.5400
133.9000
134.2600
134.6200
134.9800
135.3200
135.7000
136.0800
136.4600
136.8200
137.1800
137.5200
137.9000
138.2600
138.6000
138.9800
139.3200
139.7000
140.0400
140.4200
140.7800
141.1400
141.5000
141.8600
142.2000
142.5800
142.9200
143.3000
143.6600
144.0200
144.3600
144.7400
145.1000
145.4600
145.8200
146.1800
146.5400
146.8800
147.2400
147.6200
147.9800
148.3200
148.7000
149.0400
149.4200
149.7800
150.1200
150.5000
150.8600
151.2200
151.5600
151.9200
152.2800
152.6600
153.0000
153.3600
153.7200
154.0800
154.4400
154.8000
155.1600
155.5400
155.8800
156.2400
156.6000
156.9800
157.3400
157.6800
158.0600
158.4200
158.7800
159.1400
159.5000
159.8600
160.2400
160.6200
160.9800
161.3400
161.7000
162.0600
162.4200
162.7800
163.1600
163.5000
163.8800
164.2400
164.6000
164.9400
165.3000
165.6600
166.0200
166.3600
166.7400
167.0800
167.4400
167.8200
168.1800
168.5200
168.9000
169.2600
169.6000
169.9800
170.3400
170.7000
171.0600
171.4200
171.7600
172.1400
172.5000
172.8600
173.2200
173.5800
173.9400
174.3400
174.7000
175.0600
175.4200
175.7800
176.1200
176.4800
176.8400
177.2200
177.5800
177.9400
178.3000
178.6800
179.0600
179.4200
179.8000
180.1600
180.5200
180.8800
181.2600
181.6200
181.9800
182.3400
182.7000
183.0600
183.4000
183.7800
184.1200
184.4800
184.8600
185.2200
185.5800
185.9400
186.2800
186.6600
187.0200
187.3800
187.7400
188.1000
188.4400
188.8000
189.1800
189.5400
189.9000
190.2600
190.6000
190.9600
191.3200
191.6600
192.0200
192.3800
192.7200
193.0800
193.4400
193.8000
194.1600
194.5200
194.8800
195.2400
195.6200
195.9600
196.3200
196.7000
197.0400
197.4000
197.7600
198.1200
198.4800
198.8600
199.2000
199.5600
199.9200
200.2800
200.6400
201.0000
201.3600
201.7200
202.0800
202.4200
202.7600
203.1000
203.4600
203.8000
204.1600
204.5200
204.8600
205.2000
205.5800
205.9400
206.2800
206.6400
207.0000
207.3800
207.7400
208.1000
208.4400
208.8000
209.1400
209.5000
209.8800
210.2200
210.6000
210.9400
211.3000
211.6600
212.0000
212.3600
212.7000
213.0600
213.4200
213.7800
214.1200
214.5000
214.8400
215.2000
215.5400
215.9000
216.2600
216.6200
216.9600
217.3200
217.6800
218.0600
218.4000
218.7600
219.1200
219.5000
219.8400
220.2200
220.5600
220.9400
221.2800
221.6600
222.0200
222.3800
222.7400
223.1000
223.4600
223.8200
224.1800
224.5400
224.8800
225.2400
225.6000
225.9600
226.3200
226.6800
227.0400
227.4000
227.7400
228.1000
228.4400
228.8200
229.1600
229.5200
229.9000
230.2400
230.6000
230.9800
231.3200
231.7000
232.0600
232.4000
232.7800
233.1200
233.4800
233.8400
234.2000
234.5600
234.9400
235.2800
235.6400
236.0000
236.3400
236.7000
237.0600
237.4200
237.7600
238.1200
238.4800
238.8400
239.2000
239.5400
239.9000
240.2600
240.6200
240.9800
241.3400
241.6800
242.0400
242.4200
242.7600
243.1200
243.5000
243.8400
244.2200
244.5600
244.9200
245.3000
245.6800
246.0600
246.4200
246.7600
247.1200
247.4800
247.8600
248.2000
248.5800
248.9400
249.2800
249.6400
250.0200
250.3800
250.7200
251.0800
251.4400
251.7600
252.1200
252.4400
252.8000
253.1400
253.4800
253.8000
254.1200
254.4400
254.7600
255.0800
255.4000
255.7200
256.0400
256.3600
256.6800
257.0000
257.3200
257.6400
