# Neural Ground Truth Downbeats (BeatNet CRNN + DBN)
# Track: Chanson pour l'auvergnat
1.3800
3.2600
4.9800
6.7400
8.5200
10.3200
12.1000
13.8600
15.6400
17.4400
19.1800
20.9200
22.7200
24.5000
26.2400
27.9800
29.7600
31.5600
33.3200
35.0600
36.8400
38.6200
40.4600
42.3400
44.3400
46.1200
47.8600
49.6000
51.3000
53.0400
54.8000
56.5800
58.3600
60.0800
61.8400
63.6000
65.4200
67.2200
69.0200
70.8200
72.6200
74.4600
76.2600
78.0200
79.8200
81.6800
83.4600
85.2800
87.0200
88.9400
90.7000
92.5000
94.2400
96.0600
97.8400
99.6400
101.4600
103.2600
104.9800
106.7200
108.5000
110.3000
112.1200
113.9200
115.7000
117.4600
119.2200
121.0000
122.8000
124.6200
126.4200
128.2200
129.9600
131.8000
133.5200
135.3000
137.1000
138.9000
140.6800
142.4800
144.2800
146.1400
147.8600
149.6600
151.4400
153.2400
155.0400
156.9000
158.7000
160.5200
162.2400
164.0000
165.7600
167.6200
169.4200
171.2400
173.0400
174.8000
176.6200
178.3800
180.1200
