# Neural Ground Truth Downbeats (BeatNet CRNN + DBN)
# Track: Chan Chan
0.3200
2.1000
3.7200
5.2800
6.8000
8.3800
9.8800
11.4000
12.9000
14.4200
15.9000
17.4000
18.9000
20.4000
21.9200
23.4400
24.9400
26.4200
27.9200
29.4400
30.8800
32.3600
33.8800
35.3800
36.8800
38.4000
39.9600
41.4600
42.9800
44.4400
45.7800
47.2600
48.7200
50.2200
51.7200
53.2400
54.7000
56.2000
57.6800
59.2000
60.6400
62.1000
63.6000
65.0200
66.4800
67.9800
69.4600
70.9000
72.3600
73.8600
75.3200
76.8400
78.2800
79.7600
81.2200
82.6400
84.0800
85.5800
87.0200
88.4800
89.9000
91.3400
92.8000
94.2200
95.6800
97.1000
98.5400
100.0400
101.4800
102.9200
104.3600
105.7800
107.2200
108.7200
110.1600
111.6000
113.0000
114.4200
115.8600
117.3000
118.7600
120.2200
121.6400
123.1000
124.5400
125.9600
127.4200
128.8600
130.3000
131.7200
133.1800
134.6200
136.0800
137.5200
138.9800
140.4200
141.8600
143.3000
144.7400
146.1800
147.6200
149.0400
150.5000
151.9200
153.3600
154.8000
156.2400
157.6800
159.1400
160.6200
162.0600
163.5000
164.9400
166.3600
167.8200
169.2600
170.7000
172.1400
173.5800
175.0600
176.4800
177.9400
179.4200
180.8800
182.3400
183.7800
185.2200
186.6600
188.1000
189.5400
190.9600
192.3800
193.8000
195.2400
196.7000
198.1200
199.5600
201.0000
202.4200
203.8000
205.2000
206.6400
208.1000
209.5000
210.9400
212.3600
213.7800
215.2000
216.6200
218.0600
219.5000
220.9400
222.3800
223.8200
225.2400
226.6800
228.1000
229.5200
230.9800
232.4000
233.8400
235.2800
236.7000
238.1200
239.5400
240.9800
242.4200
243.8400
245.3000
246.7600
248.2000
249.6400
251.0800
252.4400
253.8000
255.0800
256.3600
257.6400
