# Neural Ground Truth Beats (BeatNet CRNN + DBN)
# Track: Chanson pour l'auvergnat
# Duration: 182.38s, Estimated BPM: 100.0
# Total Beats: 304, Downbeats: 101
0.1200
0.7600
1.3800
2.0400
2.6400
3.2600
3.8400
4.4000
4.9800
5.5800
6.1600
6.7400
7.3000
7.9200
8.5200
9.1000
9.7200
10.3200
10.9000
11.5000
12.1000
12.6600
13.2600
13.8600
14.4400
15.0400
15.6400
16.2600
16.8400
17.4400
18.0200
18.6000
19.1800
19.7800
20.3400
20.9200
21.5000
22.1000
22.7200
23.3000
23.9000
24.5000
25.0800
25.6600
26.2400
26.8200
27.4200
27.9800
28.5600
29.1600
29.7600
30.3600
30.9600
31.5600
32.1400
32.7400
33.3200
33.9000
34.4800
35.0600
35.6400
36.2600
36.8400
37.4600
38.0400
38.6200
39.2200
39.8400
40.4600
41.1000
41.7000
42.3400
43.0200
43.7000
44.3400
44.9200
45.5200
46.1200
46.7000
47.2800
47.8600
48.4400
49.0200
49.6000
50.1800
50.7600
51.3000
51.8600
52.4400
53.0400
53.6000
54.1800
54.8000
55.3800
56.0000
56.5800
57.1800
57.7600
58.3600
58.9400
59.5200
60.0800
60.6800
61.2400
61.8400
62.4200
63.0200
63.6000
64.2000
64.8000
65.4200
66.0000
66.6200
67.2200
67.8000
68.4000
69.0200
69.6200
70.2200
70.8200
71.4200
72.0200
72.6200
73.2600
73.8600
74.4600
75.0600
75.6600
76.2600
76.8600
77.4400
78.0200
78.6000
79.2000
79.8200
80.4400
81.0800
81.6800
82.2800
82.8600
83.4600
84.0600
84.6800
85.2800
85.8600
86.4200
87.0200
87.6400
88.2800
88.9400
89.5000
90.0800
90.7000
91.2800
91.8800
92.5000
93.0800
93.6400
94.2400
94.8600
95.4600
96.0600
96.6400
97.2400
97.8400
98.4400
99.0600
99.6400
100.2400
100.8400
101.4600
102.0600
102.6400
103.2600
103.8200
104.4000
104.9800
105.5600
106.1400
106.7200
107.3000
107.9200
108.5000
109.1200
109.7000
110.3000
110.9200
111.5000
112.1200
112.7200
113.3000
113.9200
114.5200
115.1000
115.7000
116.2800
116.8800
117.4600
118.0200
118.6200
119.2200
119.8200
120.4000
121.0000
121.6000
122.2200
122.8000
123.4000
124.0000
124.6200
125.2000
125.8200
126.4200
127.0000
127.6200
128.2200
128.7800
129.3600
129.9600
130.5600
131.1800
131.8000
132.3600
132.9600
133.5200
134.1000
134.6800
135.3000
135.8800
136.4800
137.1000
137.7000
138.3000
138.9000
139.5000
140.1000
140.6800
141.2800
141.9000
142.4800
143.1000
143.6800
144.2800
144.8800
145.5000
146.1400
146.7000
147.3000
147.8600
148.4600
149.0400
149.6600
150.2600
150.8400
151.4400
152.0600
152.6400
153.2400
153.8400
154.4400
155.0400
155.6800
156.3000
156.9000
157.5000
158.0800
158.7000
159.3000
159.9200
160.5200
161.1000
161.6600
162.2400
162.8200
163.4200
164.0000
164.5800
165.1800
165.7600
166.4000
167.0200
167.6200
168.2400
168.8200
169.4200
170.0200
170.6200
171.2400
171.8200
172.4400
173.0400
173.6400
174.2400
174.8000
175.4200
176.0000
176.6200
177.2200
177.8200
178.3800
178.9800
179.5600
180.1200
180.7000
