# Neural Ground Truth Downbeats (BeatNet CRNN + DBN)
# Track: Django
0.7200
3.1800
5.6000
8.0200
10.4400
12.8800
15.3400
17.5000
19.9600
22.3400
24.8200
27.3000
29.7200
32.1800
34.6800
37.1200
39.6200
42.0800
44.6000
47.0600
49.5600
52.0400
54.5200
56.9800
59.4400
61.9400
64.4400
66.9000
69.3800
71.8000
74.2400
76.7000
79.1800
81.6600
84.1200
86.5800
89.0200
91.5000
93.9600
96.3800
99.4800
102.2400
104.7000
107.1400
109.6400
112.1200
114.6000
117.0800
119.5600
121.9800
125.4400
129.1800
132.8400
135.6200
138.1200
140.5800
143.0800
145.5400
148.0200
150.4600
152.9600
155.4000
157.8600
160.3400
162.7600
165.2200
167.7000
170.1600
172.6400
