# Neural Ground Truth Beats (BeatNet CRNN + DBN)
# Track: Django
# Duration: 173.70s, Estimated BPM: 96.8
# Total Beats: 275, Downbeats: 69
0.0200
0.7200
1.3600
1.9600
2.5800
3.1800
3.7800
4.3800
4.9800
5.6000
6.2000
6.7800
7.4000
8.0200
8.6400
9.2200
9.8400
10.4400
11.0400
11.6400
12.2600
12.8800
13.5000
14.1000
14.7200
15.3400
15.8800
16.3800
16.9000
17.5000
18.1000
18.7400
19.3400
19.9600
20.5600
21.1600
21.7400
22.3400
22.9600
23.5800
24.1800
24.8200
25.4200
26.0400
26.6600
27.3000
27.9000
28.5200
29.1400
29.7200
30.3200
30.9400
31.5800
32.1800
32.8200
33.4400
34.0400
34.6800
35.3000
35.9000
36.5000
37.1200
37.7400
38.3800
39.0000
39.6200
40.2400
40.8600
41.4600
42.0800
42.7400
43.3400
43.9600
44.6000
45.2000
45.8200
46.4400
47.0600
47.6800
48.3000
48.9200
49.5600
50.1800
50.8000
51.4200
52.0400
52.6600
53.2600
53.9000
54.5200
55.1200
55.7400
56.3600
56.9800
57.6000
58.2000
58.8200
59.4400
60.0800
60.6800
61.3200
61.9400
62.5600
63.1800
63.8200
64.4400
65.0800
65.7000
66.3000
66.9000
67.5200
68.1400
68.7600
69.3800
70.0000
70.6000
71.2000
71.8000
72.4200
73.0400
73.6400
74.2400
74.8400
75.4600
76.0600
76.7000
77.3200
77.9400
78.5600
79.1800
79.8000
80.4200
81.0200
81.6600
82.2400
82.8600
83.4800
84.1200
84.7400
85.3600
85.9600
86.5800
87.2000
87.8000
88.4200
89.0200
89.6400
90.2600
90.8600
91.5000
92.1000
92.7200
93.3400
93.9600
94.6000
95.2000
95.7800
96.3800
97.0200
97.6600
98.5800
99.4800
100.3800
101.0000
101.6000
102.2400
102.8600
103.4600
104.1000
104.7000
105.3000
105.9200
106.5200
107.1400
107.7800
108.3800
109.0200
109.6400
110.2600
110.8800
111.4800
112.1200
112.7200
113.3600
113.9600
114.6000
115.2200
115.8200
116.4600
117.0800
117.7000
118.3000
118.9400
119.5600
120.1400
120.7600
121.3800
121.9800
122.6600
123.5600
124.5200
125.4400
126.3600
127.3000
128.2200
129.1800
130.0800
131.0200
131.9200
132.8400
133.7600
134.3600
134.9800
135.6200
136.2400
136.8400
137.5000
138.1200
138.7200
139.3600
139.9600
140.5800
141.2000
141.8200
142.4400
143.0800
143.7000
144.3000
144.9200
145.5400
146.1400
146.7800
147.4000
148.0200
148.6200
149.2200
149.8400
150.4600
151.0800
151.7000
152.3200
152.9600
153.5800
154.2000
154.8000
155.4000
156.0200
156.6200
157.2400
157.8600
158.4800
159.0800
159.7000
160.3400
160.9600
161.5600
162.1600
162.7600
163.3800
163.9800
164.6000
165.2200
165.8400
166.4600
167.0800
167.7000
168.3200
168.9200
169.5400
170.1600
170.8000
171.4000
172.0200
172.6400
173.2800
