# Neural Ground Truth Beats (BeatNet CRNN + DBN)
# Track: Djon maya maï (feat. Victor Démé)
# Duration: 389.42s, Estimated BPM: 103.4
# Total Beats: 687, Downbeats: 172
0.0400
0.6000
1.1800
1.7400
2.3000
2.8800
3.4400
4.0400
4.6000
5.1800
5.7600
6.3200
6.8600
7.4400
8.0000
8.5800
9.1800
9.7600
10.3400
10.9000
11.5000
12.0800
12.6200
13.1800
13.7800
14.3600
14.9400
15.5000
16.0800
16.6400
17.2000
17.7600
18.3200
18.8600
19.4400
20.0200
20.6000
21.1800
21.7400
22.3000
22.8800
23.4200
24.0200
24.6000
25.1800
25.7400
26.3200
26.8800
27.4600
28.0200
28.6000
29.1600
29.7400
30.3200
30.8800
31.4600
32.0400
32.6400
33.1800
33.7400
34.3200
34.8800
35.4600
36.0400
36.6000
37.2000
37.7400
38.3200
38.8800
39.4600
40.0200
40.6000
41.1800
41.7400
42.3200
42.8800
43.4400
44.0400
44.6000
45.1600
45.7400
46.3200
46.8800
47.4400
48.0000
48.4200
48.8400
49.2600
49.6600
50.0800
50.5400
51.0000
51.4600
52.0200
52.6000
53.1400
53.7400
54.3200
54.8800
55.4800
56.0200
56.6000
57.1600
57.7600
58.3000
58.8800
59.4400
60.0200
60.6000
61.1800
61.7400
62.3400
62.8800
63.4400
64.0200
64.6000
65.1800
65.7400
66.3000
66.9000
67.4600
68.0400
68.6200
69.1800
69.7400
70.3200
70.8800
71.4600
72.0200
72.6200
73.1800
73.7600
74.3400
74.9000
75.4600
76.0600
76.6200
77.1800
77.7600
78.3400
78.9000
79.4800
80.0400
80.6400
81.1800
81.7600
82.3200
82.9000
83.4800
84.0400
84.6200
85.2000
85.7800
86.3600
86.9600
87.5400
88.1200
88.6800
89.2600
89.8400
90.3800
90.9400
91.5000
92.0800
92.6400
93.2000
93.7800
94.3600
94.9400
95.5000
96.0600
96.6400
97.2200
97.8200
98.3800
98.9600
99.5000
100.0800
100.6800
101.2600
101.8400
102.4000
103.0000
103.5800
104.1200
104.6800
105.2600
105.8200
106.3800
106.9600
107.5400
108.1200
108.6800
109.2800
109.8200
110.3800
110.9400
111.5000
112.0600
112.6600
113.2200
113.8200
114.4000
114.9600
115.5200
116.1000
116.6600
117.2200
117.7800
118.3800
118.9600
119.5400
120.0800
120.6600
121.2000
121.7800
122.3800
122.9600
123.5200
124.1000
124.6800
125.2800
125.8400
126.4000
126.9400
127.5200
128.0800
128.6400
129.2000
129.7400
130.3200
130.8800
131.4600
132.0400
132.6400
133.2000
133.8000
134.3800
134.9600
135.5400
136.0800
136.6400
137.2200
137.7800
138.3600
138.9400
139.5400
140.1400
140.7600
141.3200
141.8600
142.4400
143.0000
143.5600
144.1000
144.6600
145.2400
145.8400
146.4000
147.0000
147.5600
148.1400
148.7200
149.2800
149.8400
150.4200
150.9600
151.5200
152.1000
152.6600
153.2200
153.7800
154.3400
154.9400
155.5200
156.1000
156.6600
157.2200
157.8000
158.3600
158.9400
159.5000
160.0800
160.6600
161.2200
161.8000
162.3600
162.9600
163.5000
164.0800
164.6400
165.2400
165.8000
166.3800
166.9400
167.5200
168.0800
168.6800
169.2400
169.8200
170.3800
170.9400
171.5000
172.0800
172.6400
173.2000
173.8000
174.3800
174.9400
175.5400
176.1000
176.6800
177.2400
177.8000
178.3800
178.9600
179.5400
180.1000
180.6800
181.2800
181.8200
182.3800
182.9600
183.5400
184.1000
184.6600
185.2400
185.8200
186.4000
186.9800
187.5600
188.1200
188.7200
189.2600
189.8400
190.4000
190.9600
191.5400
192.1200
192.6800
193.2600
193.8200
194.3800
194.9800
195.5400
196.1000
196.6800
197.2600
197.8200
198.4000
198.9600
199.5600
200.1000
200.6600
201.2200
201.8200
202.4000
202.9600
203.5200
204.1200
204.6800
205.2600
205.8400
206.4000
206.9600
207.5400
208.1000
208.6800
209.2400
209.8200
210.3800
210.9600
211.5400
212.1000
212.6800
213.2600
213.7800
214.3000
214.8000
215.3600
215.9200
216.5000
217.0600
217.6600
218.2000
218.7600
219.3400
219.9200
220.5000
221.0600
221.6400
222.2200
222.7800
223.2400
223.7000
224.1600
224.6200
225.1000
225.5800
226.0600
226.5400
227.0400
227.5200
228.0000
228.5000
229.0200
229.6200
230.2000
230.7800
231.3400
231.9200
232.4800
233.0400
233.6000
234.2000
234.7800
235.3400
235.9200
236.4600
237.0600
237.6400
238.2200
238.7800
239.3200
239.9200
240.5000
241.0600
241.6600
242.2200
242.7800
243.3400
243.9200
244.5000
245.0800
245.6600
246.2200
246.8000
247.3800
247.9400
248.5000
249.0800
249.5800
250.1000
250.6200
251.1400
251.6800
252.1800
252.7600
253.3200
253.8800
254.4400
255.0200
255.6000
256.2000
256.7600
257.3000
257.8800
258.4400
259.0400
259.6200
260.1800
260.7800
261.3200
261.9000
262.4600
263.0000
263.6000
264.1600
264.7600
265.3400
265.9000
266.4800
267.0400
267.5800
268.1600
268.7200
269.3200
269.9000
270.4600
271.0400
271.6000
272.1800
272.7200
273.3200
273.8800
274.4600
275.0400
275.6200
276.1800
276.7400
277.3000
277.8400
278.4400
279.0000
279.6000
280.1800
280.7400
281.3200
281.9000
282.4600
283.0200
283.6000
284.1800
284.7400
285.3200
285.9200
286.4600
287.0200
287.6000
288.1400
288.7400
289.3200
289.8800
290.4800
291.0400
291.6000
292.1800
292.7600
293.3200
293.8800
294.4600
295.0400
295.6200
296.1800
296.7600
297.3600
297.9200
298.4600
299.0400
299.6000
300.1600
300.7200
301.2800
301.8600
302.4600
303.0200
303.6000
304.2000
304.7400
305.3000
305.9000
306.4600
307.0400
307.6000
308.1600
308.7600
309.3200
309.8800
310.4600
311.0400
311.6200
312.1800
312.7400
313.3200
313.8800
314.4600
315.0400
315.6200
316.1800
316.7400
317.3200
317.8800
318.4400
319.0400
319.6000
320.1800
320.7400
321.3200
321.8800
322.4800
323.0200
323.6000
324.1800
324.7600
325.3200
325.8800
326.4600
327.0600
327.6000
328.1600
328.7400
329.3200
329.9000
330.4600
331.0200
331.6000
332.1800
332.7600
333.3200
333.9000
334.4600
335.0400
335.6000
336.1600
336.7200
337.3200
337.8800
338.4600
339.0400
339.6000
340.1800
340.7600
341.3000
341.8800
342.4600
343.0400
343.6000
344.1800
344.7400
345.3400
345.8800
346.4600
347.0200
347.6200
348.1800
348.7400
349.3200
349.9000
350.4800
351.0600
351.6400
352.2000
352.7600
353.3400
353.9000
354.4800
355.0600
355.6400
356.1800
356.7600
357.3400
357.9000
358.4800
359.0800
359.6200
360.1800
360.7600
361.3400
361.9000
362.4800
363.0400
363.6400
364.1800
364.7600
365.3400
365.9200
366.4800
367.0400
367.6200
368.2000
368.7600
369.3400
369.9400
370.5000
371.0600
371.6200
372.2000
372.7800
373.3400
373.9000
374.4800
375.0400
375.6000
376.1600
376.7200
377.2800
377.8200
378.4000
378.9400
379.5200
380.0600
380.6400
381.1800
381.7600
382.3400
382.9200
383.5000
384.0800
384.6600
385.2600
385.8400
386.4200
386.9800
387.5800
388.1400
388.7400
389.3000
