# Neural Ground Truth Beats (BeatNet CRNN + DBN)
# Track: Don't You Know - Radio Edit
# Duration: 185.00s, Estimated BPM: 120.0
# Total Beats: 369, Downbeats: 92
0.2000
0.6800
1.2000
1.6800
2.2000
2.6800
3.2000
3.7000
4.1800
4.6800
5.1800
5.6800
6.2000
6.7000
7.2000
7.6800
8.1800
8.6800
9.2000
9.7000
10.1800
10.6800
11.2000
11.7000
12.1800
12.6800
13.2000
13.6800
14.1400
14.6000
15.0400
15.5000
15.9800
16.4400
16.9000
17.3600
17.8200
18.2600
18.7200
19.2000
19.7000
20.2000
20.7000
21.2000
21.7000
22.2000
22.6800
23.2000
23.7000
24.2000
24.7200
25.2200
25.7000
26.2200
26.7200
27.2000
27.7000
28.2000
28.7200
29.2000
29.7000
30.2000
30.7000
31.2000
31.7000
32.2000
32.7000
33.2000
33.7000
34.2000
34.7200
35.2000
35.7000
36.2000
36.7200
37.2000
37.7000
38.2000
38.7000
39.2000
39.7200
40.2000
40.7200
41.2000
41.7000
42.2000
42.7200
43.2000
43.7000
44.2000
44.7000
45.2000
45.7000
46.2000
46.7000
47.2000
47.7200
48.2000
48.7200
49.2000
49.7000
50.2000
50.7200
51.2000
51.7000
52.2000
52.7000
53.2000
53.7000
54.2200
54.7000
55.2000
55.7000
56.2200
56.7200
57.2000
57.7000
58.2200
58.7000
59.2000
59.7000
60.2000
60.7200
61.2000
61.7200
62.2000
62.7000
63.2200
63.7200
64.2200
64.7200
65.2200
65.7200
66.2200
66.7400
67.2200
67.7400
68.2200
68.7400
69.2200
69.7400
70.2200
70.7200
71.2200
71.7400
72.2400
72.7400
73.2400
73.7200
74.2400
74.7400
75.2200
75.7400
76.2200
76.7400
77.2400
77.7400
78.2400
78.7400
79.2400
79.7400
80.2400
80.7400
81.2400
81.7400
82.2600
82.7600
83.2400
83.7400
84.2400
84.7400
85.2400
85.7400
86.2400
86.7400
87.2400
87.7400
88.2400
88.7400
89.2200
89.7400
90.2200
90.7400
91.2200
91.7400
92.2400
92.7400
93.2200
93.7400
94.2400
94.7400
95.2400
95.7400
96.2400
96.7200
97.2400
97.7400
98.2400
98.7400
99.2400
99.7400
100.2400
100.7400
101.2400
101.7400
102.2200
102.7400
103.2400
103.7200
104.2400
104.7400
105.2400
105.7200
106.2400
106.7400
107.2400
107.7400
108.2400
108.7400
109.2400
109.7400
110.2400
110.7200
111.2400
111.7400
112.2400
112.7400
113.2400
113.7400
114.2400
114.7400
115.2400
115.7400
116.2400
116.7400
117.2400
117.7600
118.2400
118.7600
119.2400
119.7400
120.2400
120.7600
121.2400
121.7400
122.2400
122.7600
123.2600
123.7600
124.2400
124.7600
125.2600
125.7600
126.2600
126.7600
127.2600
127.7600
128.2600
128.7600
129.2600
129.7600
130.2600
130.7800
131.2600
131.7600
132.2600
132.7600
133.2800
133.7800
134.2600
134.7600
135.2600
135.7600
136.2600
136.7600
137.2600
137.7600
138.2600
138.7600
139.2600
139.7800
140.2800
140.7800
141.2800
141.7800
142.2800
142.7800
143.2600
143.7800
144.2600
144.7800
145.2800
145.7800
146.2800
146.7800
147.2800
147.7800
148.2800
148.8000
149.2800
149.8000
150.2800
150.7800
151.2800
151.7800
152.2800
152.7800
153.2800
153.7800
154.2800
154.7800
155.2800
155.8000
156.3000
156.8000
157.2800
157.7800
158.3000
158.8000
159.2800
159.7800
160.2800
160.7800
161.2800
161.7800
162.2800
162.7800
163.2800
163.7800
164.3000
164.8000
165.2800
165.8400
166.4800
167.1400
167.7800
168.4200
169.1000
169.6400
170.1200
170.6400
171.1200
171.6400
172.1200
172.6400
173.1200
173.6400
174.1200
174.6400
175.1200
175.6200
176.1200
176.6400
177.1200
177.6400
178.1200
178.6400
179.1400
179.6400
180.1400
180.6200
181.1200
181.6400
182.1400
182.6200
183.1200
183.6400
184.1400
184.6400
