# Neural Ground Truth Beats (BeatNet CRNN + DBN)
# Track: Elle a les yeux revolver
# Duration: 216.81s, Estimated BPM: 78.9
# Total Beats: 285, Downbeats: 143
0.4400
1.2000
1.9400
2.6600
3.4000
4.1600
4.9200
5.6800
6.4200
7.1800
7.9400
8.7000
9.4200
10.1800
10.9200
11.6400
12.4000
13.1400
13.8800
14.6600
15.4200
16.1800
16.9200
17.7400
18.6000
19.4400
20.3200
21.2000
22.0200
22.9200
23.6800
24.4000
25.1800
25.9600
26.6600
27.4000
28.1400
28.8800
29.6200
30.3600
31.1600
31.9200
32.6800
33.4000
34.1600
34.8800
35.6200
36.3800
37.1000
37.8800
38.6600
39.4000
40.1600
40.9200
41.6400
42.4000
43.1200
43.9000
44.6800
45.4000
46.1600
46.9600
47.7000
48.4000
49.1400
49.9000
50.6400
51.3800
52.1000
52.8400
53.5800
54.3200
55.0400
55.7800
56.5400
57.2800
58.0400
58.7600
59.5000
60.2400
60.9600
61.7200
62.4400
63.2000
63.9400
64.6600
65.4400
66.1400
66.8800
67.6400
68.3800
69.1200
69.8400
70.5800
71.3200
72.0600
72.8000
73.5800
74.3400
75.0800
75.8400
76.5800
77.3400
78.1000
78.8400
79.6000
80.3400
81.1000
81.8600
82.6000
83.3600
84.1000
84.8400
85.6000
86.3600
87.1200
87.8400
88.5600
89.3600
90.1000
90.8600
91.6200
92.3600
93.1000
93.8400
94.5600
95.3600
96.1000
96.8600
97.6000
98.3600
99.1000
99.8600
100.6000
101.3600
102.0800
102.8600
103.6400
104.3600
105.1200
105.8600
106.6200
107.3400
108.1200
108.9000
109.6200
110.4000
111.1200
111.8800
112.6200
113.3600
114.1000
114.8800
115.6000
116.3600
117.1200
117.8400
118.6000
119.3400
120.1000
120.8400
121.5600
122.3400
123.0800
123.8400
124.5600
125.3200
126.0600
126.8600
127.5600
128.3200
129.0600
129.8000
130.5600
131.3000
132.0600
132.8000
133.5400
134.3000
135.0200
135.7600
136.5200
137.2600
137.9800
138.7400
139.4600
140.2200
140.9600
141.7200
142.4800
143.2400
144.0000
144.7600
145.5400
146.3000
147.0200
147.7800
148.5400
149.3000
150.0400
150.7000
151.4000
152.1400
152.8400
153.5800
154.4400
155.3000
156.0800
156.8200
157.5800
158.3200
159.0400
159.8400
160.6000
161.3400
162.1000
162.8600
163.6200
164.3600
165.1200
165.8800
166.6000
167.3800
168.1200
168.9000
169.6400
170.4000
171.1400
171.9000
172.6200
173.3800
174.1400
174.9400
175.6600
176.4200
177.1800
177.9400
178.6800
179.4200
180.2000
180.9200
181.6800
182.4200
183.1200
183.8600
184.6200
185.3800
186.1200
186.8400
187.6000
188.3200
189.0800
189.8000
190.5600
191.2600
192.0200
192.7600
193.5200
194.2400
194.9600
195.7000
196.4400
197.2000
197.9600
198.6800
199.4400
200.1600
200.8800
201.6400
202.4000
203.2200
203.9600
204.8000
205.6600
206.5400
207.4000
208.2600
209.1000
209.9600
210.8200
211.6600
212.5200
213.4000
214.2600
215.1400
