# Neural Ground Truth Beats (BeatNet CRNN + DBN)
# Track: Feeling Good
# Duration: 397.61s, Estimated BPM: 111.1
# Total Beats: 724, Downbeats: 362
1.9600
2.5200
3.1200
3.7000
4.2800
4.8600
5.4400
6.0200
6.6000
7.1800
7.7600
8.3400
8.8800
9.4200
9.9400
10.4800
11.0400
11.5800
12.1200
12.6800
13.2600
13.8200
14.3600
14.9000
15.4400
15.9800
16.5200
17.0800
17.6400
18.1800
18.7400
19.2800
19.8400
20.4000
20.9400
21.5000
22.0600
22.6200
23.1800
23.7800
24.3400
24.9000
25.4800
26.0400
26.5800
27.1400
27.7000
28.2800
28.8200
29.3800
29.9000
30.4800
31.0200
31.5800
32.1600
32.7000
33.2400
33.8000
34.3400
34.8800
35.4400
36.0200
36.5600
37.1200
37.7000
38.2400
38.8200
39.3800
39.9200
40.5000
41.0400
41.5800
42.1200
42.6800
43.2200
43.7800
44.3600
44.9000
45.4800
46.0200
46.5800
47.1400
47.7200
48.2600
48.8200
49.3400
49.8800
50.4400
50.9800
51.5000
52.0600
52.6000
53.1400
53.7200
54.2800
54.8400
55.3800
55.9400
56.5200
57.1200
57.7000
58.2600
58.8000
59.3600
59.8800
60.4400
61.0000
61.5600
62.1400
62.7000
63.2400
63.7800
64.3200
64.8800
65.4200
65.9800
66.5200
67.0800
67.6600
68.2200
68.7800
69.3400
69.8800
70.4600
71.0200
71.5600
72.1400
72.6800
73.2400
73.8000
74.3600
74.9400
75.5000
76.0400
76.5800
77.1400
77.6800
78.2200
78.7400
79.2600
79.7600
80.2800
80.8000
81.3400
81.8600
82.3800
82.9000
83.4000
83.9400
84.4600
85.0200
85.5800
86.1200
86.6800
87.2600
87.7600
88.3000
88.8600
89.4000
89.9800
90.5400
91.0400
91.5600
92.0800
92.6000
93.1600
93.7400
94.2600
94.8000
95.3600
95.9000
96.4200
96.9600
97.5200
98.0600
98.6000
99.1200
99.6800
100.2800
100.8600
101.4200
102.0200
102.6000
103.1400
103.6800
104.1800
104.7000
105.2800
105.8400
106.4000
106.9400
107.4800
108.0200
108.5400
109.1000
109.6400
110.1800
110.7200
111.2400
111.7800
112.3400
112.8600
113.4000
113.9600
114.4800
115.0200
115.5600
116.1000
116.6400
117.2000
117.7200
118.2800
118.8000
119.3400
119.8600
120.3600
120.8600
121.3600
121.8800
122.3600
122.9200
123.5200
124.0800
124.6800
125.2600
125.7800
126.3400
126.8600
127.3800
127.8800
128.4000
128.9400
129.4400
130.0000
130.5400
131.0600
131.6200
132.1800
132.7400
133.3000
133.8600
134.4400
135.0000
135.5400
136.0800
136.6200
137.1600
137.7000
138.2600
138.7800
139.3200
139.8400
140.3800
140.9200
141.4800
142.0200
142.5600
143.0800
143.6400
144.1800
144.7000
145.2600
145.8000
146.3200
146.8400
147.4000
147.9200
148.4400
148.9800
149.5000
150.0200
150.5600
151.1200
151.6400
152.1800
152.7000
153.1800
153.6800
154.1800
154.7000
155.2200
155.7600
156.3200
156.9000
157.4400
158.0000
158.5600
159.1400
159.7000
160.2400
160.8000
161.3800
161.9400
162.5000
163.0600
163.6200
164.1800
164.7400
165.2800
165.8200
166.3800
166.9200
167.5200
168.1000
168.6800
169.2400
169.8200
170.4000
170.9800
171.5600
172.1400
172.7200
173.4200
174.0800
174.7800
175.4800
176.1600
176.8000
177.4800
178.1800
178.8800
179.5000
180.1800
180.8000
181.4400
182.1000
182.7200
183.3200
183.9400
184.5800
185.2000
185.7600
186.3600
186.9200
187.5200
188.0600
188.6400
189.1800
189.7600
190.3200
190.8600
191.4200
192.0000
192.5400
193.1200
193.6600
194.2200
194.7800
195.3600
195.9400
196.5200
197.1200
197.6600
198.2200
198.7800
199.3400
199.9000
200.4800
201.0400
201.5800
202.1400
202.7000
203.2600
203.8400
204.4000
204.9400
205.5400
206.1200
206.6800
207.2600
207.8200
208.3800
208.9600
209.5000
210.0600
210.6400
211.2000
211.7600
212.3200
212.8800
213.4400
213.9800
214.5600
215.1200
215.6800
216.2200
216.8000
217.3400
217.9000
218.4600
219.0000
219.5200
220.0600
220.5800
221.1000
221.6400
222.1800
222.7400
223.2800
223.8000
224.3400
224.9000
225.4800
226.0400
226.5800
227.1000
227.6200
228.1400
228.7200
229.2800
229.8200
230.3600
230.8600
231.4000
231.9200
232.4800
233.0200
233.5400
234.1000
234.6800
235.2400
235.7600
236.3200
236.8400
237.3400
237.9000
238.4200
238.9800
239.5200
240.0600
240.5600
241.0800
241.6000
242.1200
242.6600
243.1800
243.7000
244.2400
244.7800
245.3200
245.8800
246.4200
246.9400
247.5000
248.0400
248.5800
249.1200
249.6600
250.2000
250.7400
251.2800
251.8200
252.3400
252.9000
253.4600
254.0000
254.5600
255.1400
255.6800
256.2400
256.8000
257.3600
257.8600
258.4000
258.9000
259.4400
259.9600
260.4800
261.0200
261.5600
262.1200
262.6600
263.1800
263.7200
264.2600
264.8200
265.3200
265.8400
266.3800
266.9400
267.4800
268.0000
268.5600
269.1000
269.6200
270.1600
270.7200
271.2400
271.7800
272.3000
272.8200
273.3800
273.9200
274.4400
275.0000
275.5400
276.0600
276.6000
277.1400
277.6800
278.2200
278.7600
279.3000
279.8400
280.3800
280.9200
281.4400
281.9800
282.4800
283.0400
283.5800
284.1200
284.6400
285.1800
285.7000
286.2400
286.7600
287.2600
287.7800
288.2600
288.7800
289.2600
289.7800
290.2400
290.7200
291.2200
291.6800
292.1800
292.6600
293.1400
293.6200
294.1000
294.5800
295.0400
295.5200
296.0000
296.4800
296.9600
297.4600
297.9400
298.4200
298.8800
299.3600
299.8600
300.3200
300.8000
301.2800
301.7600
302.2600
302.7200
303.2000
303.6800
304.1800
304.7000
305.2000
305.7000
306.1800
306.6800
307.1400
307.6200
308.1000
308.5800
309.0600
309.5600
310.0800
310.5800
311.1000
311.6400
312.1600
312.6600
313.2000
313.7000
314.2400
314.7600
315.2800
315.8000
316.2800
316.7800
317.3000
317.8000
318.3000
318.8200
319.3200
319.8400
320.3600
320.8800
321.4000
321.9400
322.4800
323.0200
323.5600
324.1000
324.6200
325.1600
325.7000
326.2800
326.8400
327.4000
327.9400
328.5000
329.1000
329.6800
330.2600
330.8200
331.4200
332.0000
332.5400
333.1200
333.6600
334.2400
334.8000
335.3600
335.9200
336.4800
337.0400
337.6000
338.2000
338.7600
339.3200
339.9000
340.4600
341.0200
341.6000
342.1800
342.7400
343.3200
343.9000
344.4800
345.0600
345.6600
346.2200
346.7800
347.3600
347.9200
348.4800
349.0400
349.5800
350.1200
350.6800
351.2000
351.7800
352.3200
352.8800
353.4600
354.0200
354.5800
355.1200
355.6600
356.2200
356.7800
357.3600
357.9200
358.4800
359.0400
359.5800
360.1400
360.7000
361.2600
361.8200
362.4000
362.9600
363.5200
364.0800
364.6400
365.2000
365.7400
366.3000
366.8800
367.4400
368.0000
368.5600
369.1000
369.6600
370.2400
370.8000
371.3600
371.9000
372.4800
373.0400
373.6000
374.1400
374.6800
375.2400
375.7600
376.3200
376.8400
377.4000
377.9200
378.4400
378.9800
379.4800
380.0200
380.5200
381.0000
381.5000
382.0200
382.5600
383.0800
383.5800
384.1000
384.6400
385.1200
385.6200
386.1200
386.5600
387.0200
387.4600
387.9000
388.3200
388.7600
389.2200
389.6400
390.0800
390.5200
390.9800
391.4200
391.8400
392.2800
392.7400
393.1800
393.6000
394.0600
394.5000
394.9200
