# Neural Ground Truth Downbeats (BeatNet CRNN + DBN)
# Track: Feeling Good
1.9600
3.1200
4.2800
5.4400
6.6000
7.7600
8.8800
9.9400
11.0400
12.1200
13.2600
14.3600
15.4400
16.5200
17.6400
18.7400
19.8400
20.9400
22.0600
23.1800
24.3400
25.4800
26.5800
27.7000
28.8200
29.9000
31.0200
32.1600
33.2400
34.3400
35.4400
36.5600
37.7000
38.8200
39.9200
41.0400
42.1200
43.2200
44.3600
45.4800
46.5800
47.7200
48.8200
49.8800
50.9800
52.0600
53.1400
54.2800
55.3800
56.5200
57.7000
58.8000
59.8800
61.0000
62.1400
63.2400
64.3200
65.4200
66.5200
67.6600
68.7800
69.8800
71.0200
72.1400
73.2400
74.3600
75.5000
76.5800
77.6800
78.7400
79.7600
80.8000
81.8600
82.9000
83.9400
85.0200
86.1200
87.2600
88.3000
89.4000
90.5400
91.5600
92.6000
93.7400
94.8000
95.9000
96.9600
98.0600
99.1200
100.2800
101.4200
102.6000
103.6800
104.7000
105.8400
106.9400
108.0200
109.1000
110.1800
111.2400
112.3400
113.4000
114.4800
115.5600
116.6400
117.7200
118.8000
119.8600
120.8600
121.8800
122.9200
124.0800
125.2600
126.3400
127.3800
128.4000
129.4400
130.5400
131.6200
132.7400
133.8600
135.0000
136.0800
137.1600
138.2600
139.3200
140.3800
141.4800
142.5600
143.6400
144.7000
145.8000
146.8400
147.9200
148.9800
150.0200
151.1200
152.1800
153.1800
154.1800
155.2200
156.3200
157.4400
158.5600
159.7000
160.8000
161.9400
163.0600
164.1800
165.2800
166.3800
167.5200
168.6800
169.8200
170.9800
172.1400
173.4200
174.7800
176.1600
177.4800
178.8800
180.1800
181.4400
182.7200
183.9400
185.2000
186.3600
187.5200
188.6400
189.7600
190.8600
192.0000
193.1200
194.2200
195.3600
196.5200
197.6600
198.7800
199.9000
201.0400
202.1400
203.2600
204.4000
205.5400
206.6800
207.8200
208.9600
210.0600
211.2000
212.3200
213.4400
214.5600
215.6800
216.8000
217.9000
219.0000
220.0600
221.1000
222.1800
223.2800
224.3400
225.4800
226.5800
227.6200
228.7200
229.8200
230.8600
231.9200
233.0200
234.1000
235.2400
236.3200
237.3400
238.4200
239.5200
240.5600
241.6000
242.6600
243.7000
244.7800
245.8800
246.9400
248.0400
249.1200
250.2000
251.2800
252.3400
253.4600
254.5600
255.6800
256.8000
257.8600
258.9000
259.9600
261.0200
262.1200
263.1800
264.2600
265.3200
266.3800
267.4800
268.5600
269.6200
270.7200
271.7800
272.8200
273.9200
275.0000
276.0600
277.1400
278.2200
279.3000
280.3800
281.4400
282.4800
283.5800
284.6400
285.7000
286.7600
287.7800
288.7800
289.7800
290.7200
291.6800
292.6600
293.6200
294.5800
295.5200
296.4800
297.4600
298.4200
299.3600
300.3200
301.2800
302.2600
303.2000
304.1800
305.2000
306.1800
307.1400
308.1000
309.0600
310.0800
311.1000
312.1600
313.2000
314.2400
315.2800
316.2800
317.3000
318.3000
319.3200
320.3600
321.4000
322.4800
323.5600
324.6200
325.7000
326.8400
327.9400
329.1000
330.2600
331.4200
332.5400
333.6600
334.8000
335.9200
337.0400
338.2000
339.3200
340.4600
341.6000
342.7400
343.9000
345.0600
346.2200
347.3600
348.4800
349.5800
350.6800
351.7800
352.8800
354.0200
355.1200
356.2200
357.3600
358.4800
359.5800
360.7000
361.8200
362.9600
364.0800
365.2000
366.3000
367.4400
368.5600
369.6600
370.8000
371.9000
373.0400
374.1400
375.2400
376.3200
377.4000
378.4400
379.4800
380.5200
381.5000
382.5600
383.5800
384.6400
385.6200
386.5600
387.4600
388.3200
389.2200
390.0800
390.9800
391.8400
392.7400
393.6000
394.5000
