# Neural Ground Truth Downbeats (BeatNet CRNN + DBN)
# Track: Flashback
0.0200
1.9600
3.9400
5.9000
7.8600
9.8400
11.8000
13.7600
15.7400
17.7000
19.6600
21.6400
23.6000
25.5800
27.5400
29.5200
31.4600
33.4400
35.4000
37.3800
39.3400
41.3200
43.2800
45.2400
47.2000
49.1800
51.1400
53.1000
55.0800
57.0400
59.0200
60.9800
62.9400
64.9000
66.8800
68.8400
70.8200
72.7800
74.7400
76.7200
78.6800
80.6400
82.6200
84.5800
86.5400
88.5200
90.4800
92.4400
94.4200
96.3800
98.3600
100.3200
102.2800
104.2600
105.8800
107.2000
109.1800
111.1400
113.1000
115.0800
117.0400
119.0000
120.9800
122.9400
124.9200
126.8800
128.8400
130.8200
132.7800
134.7400
136.7000
138.6800
140.6200
142.6200
144.5800
146.5600
148.5200
150.4800
152.4600
154.4200
156.3800
158.3600
160.3200
162.2800
164.2400
166.2200
168.1800
170.1600
172.0200
173.3800
175.0800
177.0400
179.0200
180.9800
182.9400
184.9200
186.8800
188.8400
190.8200
192.7800
194.7400
196.7200
198.6800
200.6600
202.6200
204.5800
206.5600
208.5200
210.4800
212.4600
214.4200
216.4000
218.3600
220.3400
222.3000
224.2600
226.2200
228.2000
230.1600
232.1400
234.1000
236.0600
238.0400
240.0000
241.9600
243.9400
245.9000
247.8600
249.8200
251.8000
253.8800
255.9600
257.9600
259.9800
261.9600
