# Neural Ground Truth Beats (BeatNet CRNN + DBN)
# Track: Palladium
# Duration: 747.73s, Estimated BPM: 120.0
# Total Beats: 1460, Downbeats: 365
0.2200
0.7400
1.2400
1.7600
2.2600
2.7600
3.2600
3.7800
4.2800
4.8000
5.3000
5.8200
6.3200
6.8400
7.3200
7.8400
8.3400
8.8600
9.3400
9.8600
10.3600
10.8800
11.3800
11.9000
12.4000
12.9200
13.4200
13.9400
14.4400
14.9600
15.4400
15.9800
16.4800
17.0000
17.4800
18.0000
18.5000
19.0200
19.5200
20.0400
20.5400
21.0600
21.5600
22.0800
22.5800
23.1000
23.5800
24.1000
24.6000
25.1200
25.6200
26.1400
26.6400
27.1400
27.6400
28.1600
28.6600
29.1800
29.6800
30.2000
30.7000
31.2200
31.7000
32.2400
32.7400
33.2600
33.7400
34.2600
34.7600
35.2800
35.7800
36.3000
36.8000
37.3200
37.8200
38.3400
38.8400
39.3600
39.8600
40.3600
40.8600
41.3800
41.9000
42.4000
42.9200
43.4200
43.9200
44.4400
44.9400
45.4400
45.9400
46.4600
46.9600
47.4800
47.9600
48.4800
48.9800
49.5000
50.0000
50.5200
51.0400
51.5400
52.0400
52.5600
53.0600
53.5600
54.0800
54.6000
55.1000
55.6200
56.1200
56.6200
57.1400
57.6400
58.1400
58.6800
59.1800
59.7000
60.1800
60.6800
61.0200
61.3600
61.7000
62.0200
62.3600
62.7200
63.2200
63.7200
64.2400
64.7400
65.2600
65.7600
66.2600
66.7800
67.2800
67.8000
68.3000
68.8000
69.3000
69.8200
70.3400
70.8400
71.3600
71.8600
72.3600
72.8800
73.3800
73.9000
74.4000
74.9200
75.4200
75.9200
76.4200
76.9400
77.4400
77.9600
78.4600
78.9800
79.4800
79.9800
80.5000
81.0000
81.5000
82.0000
82.5200
83.0400
83.5400
84.0600
84.5600
85.0600
85.5800
86.0800
86.5800
87.1000
87.6200
88.1200
88.6200
89.1400
89.6400
90.1200
90.6600
91.1600
91.6800
92.1800
92.6800
93.2000
93.7200
94.2200
94.7400
95.2400
95.7400
96.2400
96.7600
97.2600
97.7600
98.2600
98.7800
99.3000
99.8000
100.3200
100.8200
101.3200
101.8400
102.3200
102.8400
103.3600
103.8800
104.3800
104.8800
105.3800
105.9000
106.4000
106.9200
107.4400
107.9400
108.4400
108.9600
109.4600
109.9600
110.4600
110.9800
111.5000
112.0000
112.5200
113.0200
113.5200
114.0400
114.5400
115.0400
115.5600
116.0600
116.5800
117.0800
117.5800
118.1000
118.5800
119.1000
119.6200
120.1200
120.6400
121.1400
121.6400
122.1600
122.6600
123.1800
123.6800
124.2000
124.7000
125.2000
125.7000
126.2200
126.7400
127.2400
127.7600
128.2600
128.7800
129.2800
129.7800
130.2800
130.8000
131.3200
131.8200
132.3400
132.8400
133.3400
133.8400
134.3600
134.8400
135.3600
135.8800
136.4000
136.9000
137.4200
137.9200
138.4200
138.9200
139.4400
139.9400
140.4600
140.9600
141.4800
141.9800
142.4800
143.0000
143.5200
144.0200
144.5200
145.0400
145.5400
146.0400
146.5400
147.0600
147.5600
148.0800
148.5800
149.0800
149.6000
150.1000
150.6200
151.1200
151.6200
152.1400
152.6600
153.1600
153.6600
154.1600
154.6800
155.1800
155.7000
156.2200
156.7200
157.2200
157.7200
158.2400
158.7400
159.2400
159.7600
160.2800
160.7800
161.3000
161.8000
162.3000
162.8200
163.3200
163.8200
164.3400
164.8400
165.3600
165.8600
166.3600
166.8800
167.3800
167.8800
168.3800
168.9000
169.4200
169.9200
170.4200
170.9400
171.4200
171.9600
172.4800
172.9800
173.4800
173.9800
174.5000
175.0000
175.5200
176.0200
176.5400
177.0400
177.5400
178.0600
178.5600
179.0800
179.5800
180.0800
180.6000
181.1000
181.6200
182.1200
182.6200
183.1400
183.6400
184.1400
184.6400
185.1600
185.6800
186.1800
186.6800
187.1800
187.7000
188.2000
188.7200
189.2400
189.7400
190.2400
190.7600
191.2600
191.7800
192.2800
192.8000
193.3000
193.8000
194.3000
194.8000
195.3200
195.8400
196.3400
196.8600
197.3800
197.8800
198.3800
198.8800
199.4000
199.8800
200.4000
200.9000
201.4200
201.9400
202.4400
202.9400
203.4600
203.9400
204.4600
204.9800
205.5000
206.0000
206.5000
207.0000
207.5200
208.0200
208.5400
209.0400
209.5600
210.0600
210.5600
211.0600
211.6000
212.1000
212.6000
213.1200
213.6400
214.1400
214.6400
215.1400
215.6600
216.1400
216.6800
217.1800
217.7000
218.2000
218.7000
219.2000
219.7200
220.2000
220.7200
221.2400
221.7600
222.2600
222.7600
223.2600
223.7800
224.2800
224.8000
225.3000
225.8200
226.3200
226.8200
227.3200
227.8600
228.3600
228.8600
229.3800
229.8800
230.4000
230.9000
231.4000
231.9200
232.4000
232.9400
233.4400
233.9600
234.4600
234.9600
235.4800
235.9800
236.4600
236.9800
237.5000
238.0200
238.5200
239.0200
239.5200
240.0400
240.5400
241.0600
241.5600
242.0600
242.5800
243.0800
243.5800
244.1000
244.6200
245.1200
245.6400
246.1400
246.6600
247.1600
247.6600
248.1800
248.6800
249.2000
249.7000
250.2200
250.7200
251.2200
251.7200
252.2400
252.7600
253.2600
253.7600
254.2800
254.7800
255.2800
255.7800
256.3000
256.8000
257.3200
257.8200
258.3200
258.8200
259.3400
259.8400
260.3600
260.8600
261.3800
261.9000
262.4000
262.9200
263.4200
263.9200
264.4400
264.9400
265.4400
265.9600
266.4600
266.9800
267.4800
267.9800
268.5000
269.0000
269.5200
270.0400
270.5400
271.0400
271.5400
272.0400
272.5600
273.0600
273.5800
274.0800
274.5800
275.1000
275.6000
276.1000
276.6200
277.1200
277.6400
278.1400
278.6600
279.1600
279.6600
280.1800
280.6800
281.2000
281.7000
282.2200
282.7200
283.2400
283.7400
284.2600
284.7600
285.2600
285.7800
286.3000
286.8000
287.3000
287.8000
288.3000
288.8200
289.3200
289.8400
290.3400
290.8400
291.3600
291.8600
292.3600
292.8800
293.3800
293.8800
294.4000
294.9200
295.4200
295.9200
296.4400
296.9400
297.4400
297.9600
298.4600
298.9800
299.5000
300.0000
300.5000
301.0200
301.5200
302.0400
302.5400
303.0600
303.5600
304.0600
304.5600
305.0800
305.6000
306.1000
306.6000
307.1000
307.6200
308.1200
308.6200
309.1400
309.6400
310.1400
310.6600
311.1800
311.6800
312.1800
312.7000
313.2000
313.7000
314.2200
314.7200
315.2400
315.7600
316.2600
316.7600
317.2800
317.7800
318.3000
318.8000
319.3000
319.8200
320.3200
320.8400
321.3400
321.8600
322.3600
322.8800
323.3800
323.8800
324.3800
324.9000
325.4000
325.9200
326.4200
326.9200
327.4200
327.9400
328.4400
328.9600
329.4600
329.9600
330.4600
330.9800
331.4800
332.0000
332.5000
333.0200
333.5400
334.0400
334.5400
335.0600
335.5600
336.0800
336.5800
337.0800
337.6000
337.9200
338.2400
338.5600
338.8800
339.2200
339.6200
340.1400
340.6400
341.1600
341.6600
342.1800
342.6800
343.1800
343.6800
344.2000
344.7200
345.2200
345.7200
346.2400
346.7400
347.2600
347.7600
348.2800
348.7800
349.2800
349.7800
350.3000
350.8000
351.3000
351.8200
352.3200
352.8400
353.3400
353.8400
354.3600
354.8600
355.3600
355.8800
356.3800
356.9000
357.4000
357.9200
358.4200
358.9400
359.4400
359.9400
360.4600
360.9600
361.4800
361.9800
362.5000
363.0000
363.5000
364.0200
364.5200
365.0400
365.5400
366.0600
366.5600
367.0600
367.5800
368.0800
368.5800
369.1000
369.6000
370.1200
370.6200
371.1400
371.6400
372.1600
372.6600
373.1800
373.6800
374.1800
374.7000
375.2000
375.7200
376.2200
376.7400
377.2400
377.7400
378.2600
378.7600
379.2800
379.7800
380.2800
380.8000
381.3000
381.8000
382.3200
382.8200
383.3200
383.8400
384.3400
384.8400
385.3600
385.8600
386.3800
386.8800
387.4000
387.9000
388.4200
388.9200
389.4200
389.9400
390.4400
390.9400
391.4600
391.9600
392.4600
392.9800
393.4800
394.0000
394.5000
395.0200
395.5200
396.0400
396.5400
397.0400
397.5600
398.0600
398.5800
399.0800
399.6000
400.1000
400.6200
401.1200
401.6400
402.1400
402.6400
403.1600
403.6600
404.1600
404.6600
405.1800
405.6800
406.2000
406.7000
407.2000
407.7200
408.2200
408.7200
409.2400
409.7400
410.2600
410.7600
411.2600
411.7800
412.3000
412.8000
413.3000
413.8200
414.3200
414.8400
415.3400
415.8400
416.3600
416.8600
417.3800
417.8800
418.3800
418.9000
419.4000
419.9000
420.4200
420.9200
421.4400
421.9400
422.4600
422.9600
423.4600
423.9800
424.4800
425.0000
425.5000
426.0200
426.5200
427.0200
427.5400
428.0600
428.5600
429.0600
429.5800
430.0800
430.5800
431.0800
431.5800
432.1200
432.8800
433.6400
434.4200
435.1600
435.6800
436.1800
436.6800
437.2000
437.7000
438.2000
438.7000
439.2000
439.7200
440.2200
440.7400
441.2600
441.7600
442.2600
442.7800
443.2800
443.8000
444.3000
444.8200
445.3200
445.8400
446.3200
446.8400
447.3400
447.8600
448.3600
448.8800
449.4000
449.9000
450.4000
450.9200
451.4400
451.9400
452.4400
452.9600
453.4600
453.9600
454.4600
454.9800
455.4800
455.9800
456.5000
457.0000
457.5000
458.0200
458.5200
459.0400
459.5400
460.0600
460.5600
461.0600
461.5800
462.0800
462.5800
463.1000
463.6200
464.1200
464.6400
465.1400
465.6600
466.1600
466.6400
467.1800
467.6800
468.2000
468.7000
469.2200
469.7200
470.2200
470.7200
471.2400
471.7400
472.2600
472.7600
473.2600
473.7800
474.2800
474.7800
475.3000
475.8000
476.3000
476.8200
477.3200
477.8400
478.3400
478.8400
479.3600
479.8800
480.3800
480.8800
481.4000
481.9000
482.4200
482.9200
483.4200
483.9200
484.4400
484.9600
485.4600
485.9600
486.4800
486.9800
487.4800
488.0000
488.5200
489.0200
489.5400
490.0400
490.5600
491.0600
491.5600
492.0800
492.5800
493.1000
493.6000
494.1200
494.6200
495.1200
495.6400
496.1400
496.6400
497.1400
497.6600
498.1600
498.6800
499.1600
499.6800
500.2000
500.7000
501.2200
501.7200
502.2200
502.7400
503.2400
503.7600
504.2600
504.7600
505.2800
505.7800
506.3000
506.8000
507.3200
507.8200
508.3400
508.8400
509.3400
509.8600
510.3600
510.8800
511.3800
511.9000
512.4000
512.9000
513.4200
513.9200
514.4200
514.9400
515.4400
515.9400
516.4600
516.9600
517.4800
517.9800
518.4800
519.0000
519.5000
520.0000
520.5200
521.0200
521.5400
522.0400
522.5600
523.0600
523.5800
524.0800
524.5800
525.1000
525.6000
526.1200
526.6200
527.1400
527.6400
528.1400
528.6600
529.1600
529.6800
530.1800
530.7000
531.2000
531.7000
532.2000
532.7200
533.2200
533.7400
534.2400
534.7400
535.2400
535.7600
536.2600
536.7600
537.2800
537.7800
538.3000
538.8200
539.3200
539.8200
540.3400
540.8400
541.3600
541.8600
542.3800
542.8800
543.4000
543.9000
544.4000
544.9200
545.4200
545.9200
546.4400
546.9600
547.4600
547.9600
548.4600
548.9800
549.4800
550.0000
550.5000
551.0000
551.5200
552.0200
552.5200
553.0400
553.5400
554.0400
554.5600
555.0800
555.5800
556.0800
556.5800
557.1000
557.6000
558.1200
558.6400
559.1400
559.6400
560.1400
560.6600
561.1600
561.6600
562.1800
562.7000
563.2200
563.7200
564.2200
564.7200
565.2400
565.7400
566.2400
566.7600
567.2800
567.7800
568.2800
568.7800
569.2800
569.7800
570.3000
570.8200
571.3200
571.8400
572.3400
572.8400
573.3600
573.8600
574.3600
574.8800
575.4000
575.9000
576.4000
576.9200
577.4400
577.9400
578.4400
578.9600
579.4600
579.9800
580.4800
580.9800
581.5000
582.0000
582.5200
583.0200
583.5400
584.0400
584.5400
585.0400
585.5600
586.0600
586.5800
587.0800
587.5800
588.1000
588.6000
589.1000
589.6200
590.1200
590.6400
591.1400
591.6600
592.1600
592.6800
593.1800
593.7000
594.2000
594.7000
595.2200
595.7200
596.2400
596.7200
597.2400
597.7400
598.2600
598.7800
599.2800
599.8000
600.2800
600.8000
601.3000
601.8200
602.3400
602.8400
603.3600
603.8600
604.3600
604.8800
605.3600
605.9000
606.3800
606.9000
607.4000
607.9200
608.4200
608.9200
609.4200
609.9400
610.4400
610.9600
611.4800
611.9800
612.5000
613.0000
613.5000
614.0000
614.5200
615.0200
615.5400
616.0600
616.5600
617.0600
617.5600
618.0800
618.6000
619.1000
619.6200
620.1200
620.6200
621.1400
621.6200
622.1400
622.6400
623.1600
623.6600
624.1800
624.6800
625.1800
625.6800
626.2000
626.7000
627.2200
627.7200
628.2400
628.7400
629.2600
629.7400
630.2600
630.7800
631.3000
631.8000
632.3000
632.8200
633.3200
633.8200
634.3400
634.8600
635.3600
635.8800
636.3800
636.9000
637.4000
637.8800
638.4000
638.8800
639.4200
639.9200
640.4400
640.9600
641.4600
641.9600
642.4800
642.9800
643.4800
643.9800
644.5000
645.0000
645.5000
646.0000
646.5400
647.0400
647.5400
648.0600
648.5600
649.0800
649.5800
650.0800
650.6000
651.1000
651.6200
652.1200
652.6400
653.1400
653.6600
654.1400
654.6800
655.1800
655.6800
656.1800
656.7000
657.2000
657.7000
658.2200
658.7200
659.2200
659.7400
660.2400
660.7600
661.2600
661.7600
662.2600
662.8000
663.3000
663.8000
664.3200
664.8200
665.3200
665.8400
666.3400
666.8600
667.3600
667.8600
668.3800
668.9000
669.4000
669.9200
670.4000
670.9200
671.4000
671.9400
672.4400
672.9600
673.4800
673.9800
674.4800
675.0000
675.5000
676.0000
676.5000
677.0200
677.5200
678.0200
678.5200
679.0400
679.5400
680.0600
680.5600
681.0800
681.5800
682.1000
682.6000
683.1000
683.6200
684.1200
684.6400
685.1600
685.6600
686.1600
686.6600
687.1800
687.6800
688.2000
688.7000
689.2200
689.7400
690.2400
690.7400
691.2600
691.7600
692.2600
692.7800
693.2800
693.7800
694.2800
694.8000
695.3000
695.8000
696.3200
696.8200
697.3400
697.8400
698.3600
698.8600
699.3800
699.8800
700.3800
700.9000
701.4200
701.9200
702.4200
702.9200
703.4400
703.9200
704.4600
704.9600
705.4800
706.0000
706.5000
707.0000
707.5200
708.0200
708.5200
709.0400
709.5600
710.0400
710.5600
711.0600
711.5800
712.0800
712.5800
713.1000
713.6000
714.1000
714.6200
715.1200
715.6400
716.1400
716.6400
717.1600
717.6600
718.1800
718.6800
719.1800
719.7000
720.2000
720.7200
721.2200
721.7400
722.2400
722.7600
723.2600
723.7600
724.2800
724.7800
725.3200
725.8000
726.3200
726.8200
727.3200
727.8400
728.3400
728.8400
729.3600
729.8600
730.3800
730.8800
731.4000
731.9000
732.4000
732.9200
733.4400
733.9400
734.4600
734.9400
735.4600
735.9600
736.4600
736.9800
737.4800
738.0000
738.5200
739.0600
739.5600
740.0800
740.6000
