# Neural Ground Truth Downbeats (BeatNet CRNN + DBN)
# Track: Palladium
1.2400
3.2600
5.3000
7.3200
9.3400
11.3800
13.4200
15.4400
17.4800
19.5200
21.5600
23.5800
25.6200
27.6400
29.6800
31.7000
33.7400
35.7800
37.8200
39.8600
41.9000
43.9200
45.9400
47.9600
50.0000
52.0400
54.0800
56.1200
58.1400
60.1800
61.7000
63.2200
65.2600
67.2800
69.3000
71.3600
73.3800
75.4200
77.4400
79.4800
81.5000
83.5400
85.5800
87.6200
89.6400
91.6800
93.7200
95.7400
97.7600
99.8000
101.8400
103.8800
105.9000
107.9400
109.9600
112.0000
114.0400
116.0600
118.1000
120.1200
122.1600
124.2000
126.2200
128.2600
130.2800
132.3400
134.3600
136.4000
138.4200
140.4600
142.4800
144.5200
146.5400
148.5800
150.6200
152.6600
154.6800
156.7200
158.7400
160.7800
162.8200
164.8400
166.8800
168.9000
170.9400
172.9800
175.0000
177.0400
179.0800
181.1000
183.1400
185.1600
187.1800
189.2400
191.2600
193.3000
195.3200
197.3800
199.4000
201.4200
203.4600
205.5000
207.5200
209.5600
211.6000
213.6400
215.6600
217.7000
219.7200
221.7600
223.7800
225.8200
227.8600
229.8800
231.9200
233.9600
235.9800
238.0200
240.0400
242.0600
244.1000
246.1400
248.1800
250.2200
252.2400
254.2800
256.3000
258.3200
260.3600
262.4000
264.4400
266.4600
268.5000
270.5400
272.5600
274.5800
276.6200
278.6600
280.6800
282.7200
284.7600
286.8000
288.8200
290.8400
292.8800
294.9200
296.9400
298.9800
301.0200
303.0600
305.0800
307.1000
309.1400
311.1800
313.2000
315.2400
317.2800
319.3000
321.3400
323.3800
325.4000
327.4200
329.4600
331.4800
333.5400
335.5600
337.6000
338.8800
340.6400
342.6800
344.7200
346.7400
348.7800
350.8000
352.8400
354.8600
356.9000
358.9400
360.9600
363.0000
365.0400
367.0600
369.1000
371.1400
373.1800
375.2000
377.2400
379.2800
381.3000
383.3200
385.3600
387.4000
389.4200
391.4600
393.4800
395.5200
397.5600
399.6000
401.6400
403.6600
405.6800
407.7200
409.7400
411.7800
413.8200
415.8400
417.8800
419.9000
421.9400
423.9800
426.0200
428.0600
430.0800
432.1200
435.1600
437.2000
439.2000
441.2600
443.2800
445.3200
447.3400
449.4000
451.4400
453.4600
455.4800
457.5000
459.5400
461.5800
463.6200
465.6600
467.6800
469.7200
471.7400
473.7800
475.8000
477.8400
479.8800
481.9000
483.9200
485.9600
488.0000
490.0400
492.0800
494.1200
496.1400
498.1600
500.2000
502.2200
504.2600
506.3000
508.3400
510.3600
512.4000
514.4200
516.4600
518.4800
520.5200
522.5600
524.5800
526.6200
528.6600
530.7000
532.7200
534.7400
536.7600
538.8200
540.8400
542.8800
544.9200
546.9600
548.9800
551.0000
553.0400
555.0800
557.1000
559.1400
561.1600
563.2200
565.2400
567.2800
569.2800
571.3200
573.3600
575.4000
577.4400
579.4600
581.5000
583.5400
585.5600
587.5800
589.6200
591.6600
593.7000
595.7200
597.7400
599.8000
601.8200
603.8600
605.9000
607.9200
609.9400
611.9800
614.0000
616.0600
618.0800
620.1200
622.1400
624.1800
626.2000
628.2400
630.2600
632.3000
634.3400
636.3800
638.4000
640.4400
642.4800
644.5000
646.5400
648.5600
650.6000
652.6400
654.6800
656.7000
658.7200
660.7600
662.8000
664.8200
666.8600
668.9000
670.9200
672.9600
675.0000
677.0200
679.0400
681.0800
683.1000
685.1600
687.1800
689.2200
691.2600
693.2800
695.3000
697.3400
699.3800
701.4200
703.4400
705.4800
707.5200
709.5600
711.5800
713.6000
715.6400
717.6600
719.7000
721.7400
723.7600
725.8000
727.8400
729.8600
731.9000
733.9400
735.9600
738.0000
740.0800
