# Neural Ground Truth Downbeats (BeatNet CRNN + DBN)
# Track: 01-Plastic-People
0.2000
2.1400
4.1000
6.0400
8.0000
9.9400
11.9000
13.8600
15.8000
17.7600
19.7000
21.6600
23.6000
25.5600
27.5000
29.4600
31.4200
33.3600
35.3200
37.2600
39.2200
41.1600
43.1200
45.0800
47.0200
48.9800
50.9200
52.8800
54.8200
56.7800
58.7200
60.6800
62.6400
64.5800
66.5400
68.4800
70.4400
72.4000
74.3400
76.3000
78.2400
80.2000
82.1400
84.1000
86.0400
88.0000
89.9400
91.9000
93.8600
95.8000
97.7600
99.7000
101.6600
103.6000
105.5600
107.5200
109.4600
111.4200
113.3600
115.3200
117.2600
119.2200
121.1600
123.1200
125.0800
127.0200
128.9800
130.9200
132.8800
134.8400
136.7800
138.7400
140.6800
142.6400
144.6000
146.5400
148.5000
150.4400
152.4000
154.7400
157.1400
159.2400
161.1800
163.1400
165.0800
167.0400
168.9800
170.9400
172.9000
175.1000
177.0400
179.0000
180.9200
182.9000
184.8400
186.8000
188.7600
190.7000
192.6600
194.6000
196.5600
198.5000
200.4600
202.3600
204.1000
206.0400
208.0000
209.9400
211.9000
213.8600
215.8000
217.7600
219.7000
221.6600
223.6000
225.5600
227.5000
229.4600
231.4200
233.3600
235.3200
237.2600
239.2200
241.1600
243.1200
245.0800
247.0200
248.9800
250.9200
252.8800
254.8200
256.7800
258.7200
260.6800
262.6400
264.5800
266.5400
268.4800
270.4400
272.3800
274.3400
276.3000
278.2400
280.2000
282.1400
284.1000
286.0600
288.0000
289.9600
291.9000
293.8600
295.8200
297.7600
299.7000
301.6600
303.6000
305.5600
307.5200
309.4600
311.4200
313.3600
315.3200
317.2600
319.2200
321.1600
323.1200
325.0800
327.0200
328.9800
330.9200
332.8800
334.8200
336.7800
338.7400
340.6800
342.6400
344.5800
346.5400
348.4800
350.4400
352.3800
354.3400
356.3000
358.2400
360.2000
362.1400
364.1000
366.0400
368.0000
369.9600
371.9000
373.8600
375.8000
377.7600
379.7200
381.6600
383.6200
385.5600
387.5200
389.4600
391.4200
393.3800
395.3400
397.2800
399.2400
401.1800
403.1400
405.0800
407.0400
408.9800
410.9400
412.9000
414.8400
416.8000
418.7400
420.7000
422.6400
424.6200
426.5600
428.3000
429.7400
431.2000
432.7200
434.4800
436.3400
438.2400
440.2000
442.1600
444.1000
446.0400
448.0000
449.9400
451.9000
453.8600
455.8000
457.7600
459.7200
461.6600
463.6000
465.5600
467.5000
469.4600
471.4200
473.3600
475.3200
477.2600
479.2200
481.1400
483.1200
485.0800
487.0200
488.9800
490.9200
492.8800
494.8200
496.7800
498.7400
500.6800
502.6400
504.5800
506.5400
508.4800
510.4400
512.4000
514.3400
516.3000
518.2400
520.2000
522.1400
524.1000
526.0400
528.0000
529.9400
531.9000
533.8600
535.8000
537.7600
539.7000
541.6600
543.6000
545.5800
547.5200
549.4600
551.4200
553.3800
555.3200
557.2800
559.2200
561.1600
563.1200
565.0800
567.0200
568.9800
570.9400
572.8800
574.8400
576.7800
578.7400
580.7000
582.6400
584.6000
586.5400
588.5000
590.4400
592.4000
594.3400
596.3200
598.2400
600.2200
602.1600
604.1000
606.0600
608.0200
609.9400
611.9000
613.8600
615.8000
617.7600
619.7200
621.6600
623.6200
625.5600
627.5200
629.4600
631.4200
633.3600
635.3200
637.2600
639.2200
641.1800
643.1200
645.0800
647.0200
648.9800
650.9200
652.8800
654.8400
656.7800
658.7400
660.6800
662.6400
664.5800
666.5400
668.5000
670.4400
672.3800
674.3400
676.3000
678.2400
680.2000
682.1400
684.1000
686.0600
688.0000
689.9600
691.9000
693.8600
695.8000
697.7600
699.7000
701.6600
703.6200
705.5600
707.5200
709.4600
711.4200
713.3600
715.3200
717.2800
719.2200
721.1800
723.1200
725.0800
727.0200
728.9800
730.9200
732.8800
734.8400
736.7800
738.7400
740.6800
742.6400
744.6000
746.5400
748.5000
750.4400
752.4000
754.3400
756.3000
758.2400
760.2000
762.1400
764.1000
766.0400
768.0000
769.9600
771.9000
773.8600
775.8200
777.7600
779.7200
781.6600
783.6200
785.5600
787.5200
789.4600
791.4200
793.3600
795.3200
797.2800
799.2200
801.1800
803.1200
805.0800
807.0200
808.9800
810.9400
812.8800
814.8400
816.7800
818.7400
820.6800
822.6400
824.5800
826.5400
828.4800
830.4400
832.3800
834.3400
836.2800
838.2400
840.2000
842.1400
844.1000
846.0400
848.0000
849.9400
851.9000
853.8600
855.8000
857.7600
859.7800
