# Neural Ground Truth Beats (BeatNet CRNN + DBN)
# Track: Another One Bites The Dust - Remastered 2011
# Duration: 429.31s, Estimated BPM: 111.1
# Total Beats: 730, Downbeats: 365
0.5000
1.0400
1.6000
2.1200
2.6800
3.2000
3.7600
4.3000
4.8400
5.3600
5.9200
6.4600
7.0200
7.5800
8.1200
8.6600
9.2000
9.7800
10.3200
10.8600
11.4000
11.9400
12.5000
13.0400
13.5800
14.1000
14.6600
15.1800
15.7600
16.3000
16.8600
17.4000
17.9400
18.4800
19.0400
19.5800
20.1200
20.6600
21.2000
21.7600
22.3200
22.8400
23.4000
23.9200
24.4600
25.0400
25.6000
26.1200
26.6800
27.2200
27.8000
28.3200
28.8600
29.4000
29.9600
30.4800
31.0400
31.5800
32.1200
32.6600
33.2200
33.7600
34.3200
34.8600
35.4000
35.9600
36.5200
37.0400
37.6000
38.1200
38.6800
39.2200
39.7400
40.2800
40.8400
41.3800
41.9600
42.5000
43.0600
43.6000
44.1400
44.6800
45.2400
45.7800
46.3200
46.8600
47.4400
47.9600
48.5200
49.0400
49.5800
50.1400
50.7000
51.2400
51.8000
52.3400
52.8800
53.4200
53.9800
54.5000
55.0600
55.6000
56.1200
56.7000
57.2600
57.8000
58.3400
58.8800
59.4200
59.9800
60.5200
61.0600
61.5800
62.1400
62.7200
63.2600
63.8200
64.3400
64.9000
65.4400
65.9600
66.5200
67.0600
67.6400
68.1800
68.7600
69.3000
69.8800
70.4400
70.9800
71.5400
72.1000
72.7000
73.3200
73.9200
74.4800
75.0200
75.5800
76.1200
76.6600
77.2000
77.7200
78.2800
78.8600
79.4200
79.9600
80.5000
81.0400
81.5800
82.1200
82.7000
83.2200
83.7600
84.3200
84.8400
85.4000
85.9600
86.5000
87.0600
87.6200
88.1600
88.6800
89.2400
89.7600
90.3200
90.8600
91.4000
91.9400
92.4800
93.0000
93.5400
94.1400
94.7400
95.3600
95.9400
96.5400
97.0800
97.6200
98.1800
98.7000
99.2600
99.7800
100.3400
100.8800
101.4000
101.9800
102.5200
103.0800
103.6400
104.1600
104.7200
105.2400
105.8200
106.3800
106.9000
107.4600
107.9800
108.5400
109.0600
109.6200
110.1400
110.6800
111.2200
111.7600
112.3400
112.9000
113.4400
114.0200
114.5800
115.1000
115.6400
116.1800
116.7400
117.2800
117.8200
118.3600
118.9400
119.4600
120.0000
120.5600
121.1000
121.6400
122.2000
122.7400
123.3000
123.8200
124.3800
124.9000
125.4600
126.0000
126.5400
127.1000
127.6600
128.1800
128.7400
129.2800
129.8600
130.4000
130.9600
131.5000
132.0400
132.5600
133.1200
133.6600
134.2000
134.7200
135.2600
135.8000
136.3600
136.9200
137.5000
138.0200
138.5600
139.1200
139.6800
140.2400
140.7800
141.3200
141.8800
142.4000
142.9600
143.4800
144.0200
144.5800
145.1000
145.6600
146.1800
146.7400
147.2600
147.8400
148.3800
148.9400
149.5000
150.0400
150.5800
151.1200
151.6800
152.2200
152.7400
153.3000
153.8400
154.4000
154.9600
155.5000
156.0400
156.5600
157.1000
157.6400
158.2200
158.7800
159.3200
159.8400
160.3800
160.9400
161.4600
162.0200
162.5400
163.1200
163.6800
164.2200
164.8000
165.3400
165.9000
166.4200
166.9800
167.5000
168.0400
168.5800
169.1400
169.6800
170.2200
170.7600
171.2800
171.8200
172.3600
172.9400
173.5000
174.0400
174.6000
175.1600
175.7200
176.2400
176.7800
177.3200
177.8800
178.4000
178.9600
179.4800
180.0400
180.6000
181.1400
181.7000
182.2400
182.7800
183.3200
183.9000
184.4400
184.9600
185.5200
186.0400
186.5800
187.1400
187.6600
188.2200
188.7400
189.2800
189.8200
190.4000
190.9600
191.5000
192.0600
192.6000
193.1600
193.7000
194.2400
194.7800
195.3000
195.8600
196.4200
196.9600
197.5000
198.0600
198.5800
199.1400
199.6600
200.2200
200.7800
201.3400
201.8800
202.4200
202.9600
203.5000
204.0400
204.5800
205.1600
205.6800
206.2400
206.7800
207.3200
207.8600
208.4200
209.2200
210.0800
211.1400
212.2200
213.3200
214.4000
215.4800
216.6000
217.6800
218.8000
219.8800
220.9600
222.0400
223.1400
224.2400
225.3400
226.4200
227.5400
228.6200
229.7200
230.8000
231.8800
232.9600
234.0600
235.1600
236.2600
237.3400
238.4200
239.5200
240.6000
241.7000
242.8200
243.9000
245.0000
246.0800
247.1600
248.2600
249.3400
250.4400
251.5400
252.6200
253.7400
254.8200
255.9000
256.9800
258.0800
259.1800
260.2800
261.3600
262.4600
263.2400
264.0000
264.6400
265.2000
265.7200
266.2800
266.8200
267.3600
267.9200
268.4600
269.0200
269.5400
270.0800
270.6600
271.2200
271.7600
272.2800
272.8400
273.3800
273.9200
274.4600
274.9800
275.5600
276.1200
276.6400
277.2000
277.7400
278.2600
278.7600
279.3000
279.8800
280.4400
281.0000
281.5200
282.0600
282.6200
283.2000
283.7600
284.3200
284.8600
285.3800
285.9400
286.4600
287.0000
287.5600
288.1000
288.6600
289.2200
289.7800
290.3000
290.8600
291.3800
291.9400
292.4800
293.0200
293.5400
294.0800
294.6200
295.1800
295.7200
296.2800
296.8200
297.4000
297.9400
298.4800
299.0200
299.5600
300.1200
300.6600
301.2400
301.7600
302.3200
302.8400
303.3800
303.9400
304.4600
305.0200
305.5800
306.1400
306.6800
307.2200
307.7600
308.3000
308.8600
309.3800
309.9200
310.4800
311.0200
311.5600
312.1200
312.6800
313.2200
313.7600
314.3200
314.8400
315.4000
315.9200
316.4800
317.0000
317.5600
318.1200
318.6800
319.2200
319.7600
320.3000
320.8400
321.4200
321.9400
322.5000
323.0400
323.5800
324.1600
324.6800
325.2400
325.7600
326.3200
326.8600
327.4000
327.9400
328.4800
329.0400
329.5800
330.1400
330.6800
331.2200
331.7800
332.3200
332.8800
333.4200
333.9600
334.4800
335.0400
335.5800
336.1000
336.6600
337.2000
337.7400
338.3000
338.8800
339.4200
339.9600
340.4800
341.0200
341.6000
342.1600
342.7200
343.2400
343.7800
344.3200
344.8800
345.4200
345.9600
346.5000
347.0200
347.5600
348.1200
348.6600
349.2200
349.7800
350.3200
350.8800
351.4200
351.9600
352.5200
353.0400
353.6000
354.1400
354.6800
355.2000
355.7400
356.3000
356.8800
357.4200
357.9800
358.5400
359.0800
359.6200
360.1600
360.6800
361.2600
361.7800
362.3400
362.8800
363.4200
363.9400
364.5000
365.0800
365.6200
366.1600
366.7200
367.2600
367.8000
368.3400
368.9000
369.4200
369.9800
370.5200
371.0400
371.5800
372.1200
372.6800
373.2600
373.8000
374.3400
374.9000
375.4400
375.9600
376.5400
377.0800
377.6200
378.1600
378.7000
379.2400
379.7800
380.3400
380.8800
381.4000
381.9600
382.4800
383.0600
383.6200
384.1600
384.7400
385.2800
385.8200
386.3400
386.9000
387.4200
387.9800
388.5000
389.0600
389.5800
390.1200
390.6600
391.2400
391.7800
392.3400
392.9200
393.4800
394.0200
394.5600
395.1000
395.6200
396.1600
396.7200
397.2600
397.8000
398.3200
398.8600
399.4000
399.9600
400.5000
401.0800
401.6200
402.1800
402.7600
403.2800
403.8200
404.3800
404.9000
405.4600
405.9800
406.5400
407.0600
407.6400
408.1800
408.7400
409.2800
409.8200
410.4000
410.9200
411.4800
412.0200
412.5600
413.1000
413.6200
414.1800
414.7600
415.2800
415.8200
416.3600
416.9200
417.4600
417.9800
418.5600
419.1200
419.6800
420.2200
420.8000
421.4000
421.9800
422.5400
423.1200
423.7200
424.3200
424.9200
425.5200
426.1400
426.7400
