# Neural Ground Truth Downbeats (BeatNet CRNN + DBN)
# Track: Bohemian Rhapsody - Remastered 2011
1.8800
5.1200
8.2200
11.5400
14.8200
18.3000
21.7600
25.2400
28.7000
32.0200
35.3200
38.6200
42.0200
45.4200
48.8200
52.2600
55.6600
59.0400
62.4200
65.8200
69.1600
72.5200
75.9400
79.3400
82.7400
86.1600
89.5600
92.9400
96.2400
99.6200
103.0800
105.5600
108.1000
111.5400
114.9400
118.3600
121.7600
125.1400
128.5000
131.9000
135.3000
138.6800
142.0800
145.5000
148.9200
152.3000
155.6200
159.0800
162.4600
165.8200
169.2000
172.6400
176.0400
179.4000
182.0800
184.4200
186.1200
187.7600
189.3800
190.9800
192.5600
194.1600
195.7400
197.3000
198.6600
200.0600
201.5000
202.9000
204.3800
205.9800
207.5800
209.1600
210.7600
212.3800
213.9800
215.6000
217.1800
218.8000
220.3800
221.9800
223.5600
225.1600
226.7200
228.3200
229.8800
231.4200
233.0000
234.6200
236.2000
237.7600
239.3800
240.9800
242.7000
244.4000
246.1000
247.8200
249.5800
251.3400
253.0400
254.8000
256.5400
258.2800
260.0200
261.4400
262.6600
264.3600
266.0600
267.8400
269.6000
271.3200
273.0800
274.8000
276.5400
278.2600
280.0200
281.7800
283.4800
285.2600
287.0200
288.8600
290.8600
292.9200
295.0000
296.7400
298.4200
300.0600
301.7200
303.3600
305.0200
306.7000
308.4000
310.1400
311.8400
313.5800
315.3000
317.0600
318.7600
320.4400
322.0800
323.6000
325.0400
326.5000
328.0200
329.5400
331.1000
332.6400
334.1600
335.6800
337.2000
338.7000
340.3000
341.9200
343.8400
345.7800
347.7000
349.6200
351.5200
353.4600
