# Neural Ground Truth Beats (BeatNet CRNN + DBN)
# Track: Bonnie And Clyde
# Duration: 256.00s, Estimated BPM: 96.8
# Total Beats: 411, Downbeats: 103
0.0400
0.6600
1.2600
1.8400
2.4600
3.0600
3.6400
4.2600
4.8600
5.4400
6.0200
6.6000
7.2600
7.9400
8.5800
9.1800
9.8000
10.4200
11.0200
11.6600
12.2600
12.8800
13.4600
14.0600
14.6800
15.3200
15.9400
16.5600
17.1600
17.8000
18.4200
19.0200
19.6600
20.2400
20.8600
21.4800
22.1000
22.7200
23.3200
23.9400
24.5600
25.2000
25.8000
26.4200
27.0400
27.6600
28.3000
28.9200
29.5200
30.1400
30.7800
31.3800
32.0000
32.6000
33.2000
33.8000
34.3600
34.9400
35.5400
36.1400
36.7600
37.3600
37.9400
38.5600
39.2000
39.8200
40.4400
41.0600
41.6800
42.3000
42.8800
43.3800
43.8600
44.3200
44.8000
45.2800
45.8400
46.5000
47.1800
47.7800
48.4000
48.9800
49.5800
50.2000
50.8400
51.4600
52.0600
52.6600
53.2400
53.8800
54.5000
55.1200
55.7400
56.3400
56.9600
57.5800
58.1800
58.8000
59.4000
60.0200
60.6200
61.2600
61.8600
62.4400
63.0600
63.6400
64.2800
64.8800
65.5200
66.1200
66.7400
67.3400
67.9600
68.5400
69.1200
69.6800
70.2600
70.8800
71.4600
72.0600
72.7000
73.3600
73.9800
74.6400
75.2800
75.9000
76.5000
77.1200
77.7200
78.3200
78.9200
79.5200
80.1600
80.7600
81.3400
81.9400
82.5400
83.1600
83.8000
84.4200
85.0400
85.6400
86.2600
86.8800
87.5000
88.1400
88.7400
89.3400
89.9200
90.5400
91.1400
91.7400
92.3600
93.0000
93.6000
94.2400
94.8200
95.4200
96.0400
96.6400
97.2400
97.8200
98.4200
99.0400
99.6800
100.3000
100.9000
101.4800
102.1000
102.7000
103.2800
103.9000
104.5200
105.1400
105.7400
106.3800
107.0000
107.6200
108.2200
108.8600
109.5000
110.2000
111.0400
111.9000
112.7600
113.5800
114.3600
114.9800
115.6000
116.2200
116.8400
117.4800
118.0800
118.6800
119.2800
119.8800
120.5000
121.1400
121.7400
122.3800
123.0000
123.6200
124.2200
124.8000
125.4000
126.0400
126.6600
127.2800
127.9000
128.5200
129.1200
129.7400
130.3400
130.9600
131.5600
132.1400
132.7600
133.4000
134.0000
134.6200
135.2400
135.8800
136.4600
137.0800
137.6800
138.2800
138.9200
139.5400
140.1600
140.7800
141.3800
141.9800
142.5800
143.2200
143.8400
144.4600
145.0800
145.6800
146.3000
146.9200
147.5400
148.1600
148.7600
149.3600
150.0000
150.6200
151.2400
151.8600
152.4600
153.1000
153.7000
154.3000
154.9000
155.5000
156.1200
156.7000
157.3400
157.9400
158.5800
159.1800
159.8000
160.4200
161.0200
161.6000
162.2000
162.8200
163.4400
164.0800
164.7000
165.3200
165.9400
166.5400
167.1600
167.7800
168.4000
169.0000
169.6200
170.2400
170.8600
171.5000
172.1000
172.7400
173.3200
173.9400
174.5400
175.1200
175.7600
176.3800
177.0000
177.6000
178.2200
178.8000
179.4200
180.0400
180.6600
181.2600
181.9600
182.7000
183.4000
184.1000
184.8400
185.5600
186.1800
186.8000
187.4000
188.0200
188.6600
189.2600
189.8600
190.4600
191.0400
191.6400
192.2600
192.9000
193.5200
194.1400
194.7400
195.3600
195.9600
196.5800
197.2000
197.8200
198.4200
199.0600
199.6800
200.2800
200.9200
201.5200
202.1400
202.7600
203.3600
203.9600
204.5600
205.2000
205.9400
206.7200
207.4400
208.2000
208.8800
209.5000
210.1200
210.7400
211.3400
211.9600
212.6000
213.2000
213.8000
214.4000
215.0200
215.6400
216.2600
216.8600
217.4800
218.1000
218.7200
219.3600
219.9600
220.5200
221.1200
221.6800
222.3400
222.9600
223.6200
224.2400
224.8800
225.4800
226.1000
226.7000
227.3200
227.9400
228.5400
229.1600
229.7800
230.4000
230.9800
231.6000
232.2400
232.8400
233.4600
234.0400
234.6600
235.3000
235.9000
236.5400
237.1400
237.7200
238.3600
238.9800
239.5800
240.2200
240.8200
241.4000
242.0400
242.6600
243.2600
243.8800
244.5000
245.1000
245.7000
246.2800
246.8600
247.4400
248.0400
248.6200
249.2000
249.7800
250.3600
250.9400
251.5000
252.0800
252.6600
