# Neural Ground Truth Downbeats (BeatNet CRNN + DBN)
# Track: Bonnie And Clyde
0.6600
3.0600
5.4400
7.9400
10.4200
12.8800
15.3200
17.8000
20.2400
22.7200
25.2000
27.6600
30.1400
32.6000
34.9400
37.3600
39.8200
42.3000
44.3200
46.5000
48.9800
51.4600
53.8800
56.3400
58.8000
61.2600
63.6400
66.1200
68.5400
70.8800
73.3600
75.9000
78.3200
80.7600
83.1600
85.6400
88.1400
90.5400
93.0000
95.4200
97.8200
100.3000
102.7000
105.1400
107.6200
110.2000
113.5800
116.2200
118.6800
121.1400
123.6200
126.0400
128.5200
130.9600
133.4000
135.8800
138.2800
140.7800
143.2200
145.6800
148.1600
150.6200
153.1000
155.5000
157.9400
160.4200
162.8200
165.3200
167.7800
170.2400
172.7400
175.1200
177.6000
180.0400
182.7000
185.5600
188.0200
190.4600
192.9000
195.3600
197.8200
200.2800
202.7600
205.2000
208.2000
210.7400
213.2000
215.6400
218.1000
220.5200
222.9600
225.4800
227.9400
230.4000
232.8400
235.3000
237.7200
240.2200
242.6600
245.1000
247.4400
249.7800
252.0800
