# Neural Ground Truth Beats (BeatNet CRNN + DBN)
# Track: Boogie Wonderland
# Duration: 576.60s, Estimated BPM: 130.4
# Total Beats: 1270, Downbeats: 318
0.1600
0.6400
1.1000
1.5600
2.0000
2.5000
2.9600
3.4600
3.9400
4.4000
4.8600
5.3400
5.8000
6.2800
6.7400
7.2400
7.7200
8.1600
8.6600
9.1200
9.6200
10.0800
10.5400
11.0200
11.5000
11.9600
12.4400
12.9200
13.4200
13.8600
14.3400
14.8000
15.2600
15.7200
16.2000
16.6800
17.1400
17.6200
18.1000
18.5600
19.0200
19.4800
19.9400
20.3800
20.8600
21.3200
21.7800
22.2400
22.7200
23.1800
23.6600
24.1000
24.5600
25.0200
25.4800
25.9400
26.4200
26.8600
27.3400
27.8000
28.2600
28.7000
29.1800
29.6400
30.1000
30.5600
31.0200
31.4800
31.9400
32.4000
32.8600
33.3200
33.8000
34.2600
34.7200
35.2000
35.6600
36.1200
36.5600
37.0400
37.4800
37.9400
38.4200
38.8800
39.3400
39.8000
40.2800
40.7400
41.2000
41.6600
42.1400
42.6000
43.0600
43.5000
43.9600
44.4200
44.9000
45.3400
45.8200
46.2600
46.7400
47.1800
47.6600
48.1200
48.6000
49.0600
49.5000
49.9600
50.4400
50.9000
51.3400
51.8000
52.2800
52.7200
53.1800
53.6400
54.1200
54.5600
55.0400
55.4800
55.9600
56.4200
56.8800
57.3400
57.8000
58.2600
58.7200
59.1800
59.6400
60.0800
60.5600
61.0000
61.4600
61.8800
62.3600
62.8000
63.2600
63.7200
64.1800
64.6600
65.1200
65.5600
66.0200
66.4800
66.9400
67.3800
67.8400
68.3000
68.7800
69.2200
69.6600
70.1200
70.5800
71.0400
71.5000
71.9400
72.4200
72.8800
73.3400
73.7800
74.2400
74.7000
75.1600
75.6200
76.1000
76.5600
77.0000
77.4600
77.9400
78.3800
78.8400
79.3000
79.7800
80.2400
80.6800
81.1200
81.5800
82.0400
82.5000
82.9600
83.4200
83.8600
84.3000
84.7600
85.2200
85.6800
86.1200
86.6000
87.0400
87.5000
87.9400
88.4000
88.8600
89.3200
89.7600
90.2400
90.7000
91.1400
91.6000
92.0400
92.5200
92.9800
93.4400
93.8800
94.3600
94.8000
95.2600
95.7200
96.1600
96.6400
97.0800
97.5400
98.0000
98.4600
98.9000
99.3600
99.8000
100.2600
100.7200
101.2000
101.6600
102.0800
102.5400
103.0000
103.4600
103.9200
104.3600
104.8200
105.3000
105.7400
106.2200
106.6800
107.1400
107.5800
108.0400
108.5000
108.9800
109.4000
109.8400
110.3200
110.7600
111.2400
111.7000
112.1600
112.6200
113.0600
113.5000
113.9800
114.4200
114.9000
115.3400
115.8000
116.2600
116.7000
117.1400
117.6000
118.0600
118.5000
118.9800
119.4400
119.8800
120.3200
120.7600
121.2200
121.7000
122.1400
122.6000
123.0600
123.5200
123.9400
124.4000
124.8600
125.3400
125.8000
126.2400
126.7000
127.1600
127.5800
128.0600
128.5200
128.9800
129.4200
129.9000
130.3400
130.8200
131.2600
131.7400
132.1800
132.6600
133.1000
133.5600
134.0200
134.5000
134.9400
135.4200
135.8600
136.3600
136.8000
137.2800
137.7400
138.2000
138.6400
139.1000
139.5400
140.0000
140.4400
140.9000
141.3600
141.8400
142.2800
142.7600
143.2000
143.6800
144.1400
144.6000
145.0600
145.5200
145.9800
146.4400
146.9000
147.3400
147.8000
148.2600
148.7200
149.1800
149.6400
150.1000
150.5600
151.0200
151.4800
151.9200
152.4000
152.8600
153.3000
153.7400
154.2000
154.6600
155.1000
155.5600
156.0200
156.4400
156.9000
157.3600
157.8200
158.2800
158.7200
159.2000
159.6400
160.1200
160.5600
161.0000
161.4600
161.9200
162.3800
162.8200
163.2800
163.7400
164.2000
164.6600
165.1200
165.6000
166.0600
166.5000
166.9800
167.4200
167.8800
168.3400
168.7800
169.2200
169.6800
170.1400
170.6000
171.0400
171.5200
171.9600
172.4200
172.8800
173.3400
173.8000
174.2800
174.7400
175.1800
175.6200
176.0600
176.5200
176.9800
177.4200
177.9000
178.3600
178.8000
179.2600
179.7200
180.1600
180.6200
181.0600
181.5200
182.0000
182.4400
182.8800
183.3400
183.7800
184.2400
184.7000
185.1600
185.6200
186.0600
186.5200
186.9800
187.4400
187.9200
188.3600
188.8400
189.3000
189.7600
190.2000
190.6400
191.1200
191.5600
192.0200
192.5000
192.9600
193.4000
193.8600
194.3200
194.7800
195.2400
195.7000
196.1600
196.6000
197.0400
197.5000
197.9600
198.4400
198.8800
199.3600
199.8000
200.3000
200.7600
201.2600
201.6800
202.1400
202.5800
203.0200
203.4800
203.9400
204.4000
204.8600
205.3200
205.7600
206.2200
206.6800
207.1600
207.5800
208.0200
208.5000
208.9400
209.4200
209.8600
210.3200
210.8000
211.2400
211.7000
212.1800
212.6200
213.1000
213.5600
214.0200
214.4600
214.9200
215.3800
215.8400
216.3000
216.7800
217.2000
217.6600
218.1000
218.5800
219.0200
219.4800
219.9400
220.4200
220.8400
221.2800
221.7600
222.2200
222.6800
223.1400
223.5800
224.0600
224.5200
224.9800
225.4400
225.9000
226.3600
226.8000
227.2600
227.7400
228.2000
228.6600
229.1000
229.5800
230.0200
230.4800
230.9400
231.4200
231.8400
232.2800
232.7600
233.2200
233.6800
234.1400
234.5800
235.0600
235.5200
235.9800
236.4200
236.9000
237.3600
237.8200
238.2600
238.7400
239.1800
239.6400
240.1000
240.5600
241.0400
241.5000
241.9600
242.4200
242.8600
243.3000
243.7600
244.2400
244.6800
245.1400
245.6000
246.0800
246.5000
246.9600
247.4200
247.8800
248.3200
248.8000
249.2600
249.7000
250.1600
250.6400
251.1000
251.5600
252.0000
252.4400
252.9000
253.3600
253.8000
254.2600
254.7200
255.1800
255.6400
256.1000
256.5400
257.0000
257.4800
257.9200
258.4000
258.8600
259.3200
259.7600
260.2200
260.7000
261.1400
261.6000
262.0800
262.5400
262.9800
263.4600
263.9000
264.3800
264.8400
265.3000
265.7800
266.2400
266.6800
267.1400
267.5800
268.0400
268.4800
268.9600
269.4200
269.8600
270.3400
270.7800
271.2400
271.7200
272.1800
272.6200
273.0800
273.5400
273.9800
274.4400
274.8800
275.3400
275.7800
276.2600
276.7200
277.1800
277.6000
278.0600
278.5200
278.9600
279.4200
279.8800
280.3400
280.8200
281.2600
281.7200
282.1400
282.6000
283.0400
283.5000
283.9600
284.4200
284.8800
285.3400
285.7800
286.2600
286.7000
287.1600
287.6400
288.0800
288.5400
288.9800
289.4200
289.8800
290.3600
290.8000
291.2800
291.7200
292.1800
292.6600
293.1200
293.5600
294.0400
294.4600
294.9400
295.3800
295.8400
296.3000
296.7400
297.1800
297.6400
298.1000
298.5400
299.0000
299.4600
299.9200
300.3800
300.8400
301.3000
301.7600
302.2200
302.6600
303.1000
303.5400
304.0000
304.4600
304.9200
305.3600
305.8400
306.3000
306.7600
307.2000
307.6600
308.1200
308.5800
309.0000
309.4800
309.9400
310.4000
310.8400
311.3000
311.7400
312.1800
312.6600
313.1000
313.5800
314.0400
314.4800
314.9400
315.4000
315.8800
316.3400
316.8000
317.2600
317.6800
318.1400
318.5800
319.0600
319.5000
319.9600
320.4200
320.8800
321.3000
321.7800
322.2200
322.7000
323.1600
323.6000
324.0600
324.5200
324.9600
325.4000
325.8600
326.3200
326.7800
327.2200
327.6800
328.1200
328.5800
329.0200
329.5000
329.9600
330.4200
330.8800
331.3200
331.8000
332.2400
332.6800
333.1200
333.5800
334.0200
334.4800
334.9400
335.4000
335.8400
336.2800
336.6000
336.9200
337.2400
337.5600
337.8800
338.2000
338.5600
339.0200
339.4600
339.8800
340.3400
340.8000
341.2600
341.7200
342.1800
342.6200
343.0800
343.5200
343.9800
344.4600
344.9200
345.3600
345.8200
346.2800
346.7200
347.1800
347.6200
348.0800
348.5200
349.0000
349.4400
349.9000
350.3600
350.8200
351.2600
351.7200
352.1600
352.6200
353.0800
353.5400
354.0000
354.4400
354.8800
355.3400
355.7800
356.2400
356.7000
357.1400
357.6000
358.0400
358.5000
358.9600
359.4000
359.8600
360.3000
360.7600
361.2000
361.6400
362.1000
362.5400
363.0000
363.4400
363.8800
364.3400
364.7800
365.2400
365.7000
366.1400
366.6000
367.0600
367.5200
367.9800
368.4200
368.8600
369.3200
369.7600
370.2200
370.6600
371.1000
371.5600
372.0000
372.4400
372.9000
373.3600
373.8200
374.2600
374.7000
375.1400
375.6000
376.0400
376.4800
376.9200
377.3800
377.8200
378.2800
378.7600
379.1800
379.6400
380.0800
380.5200
380.9400
381.4000
381.8600
382.3200
382.7800
383.2200
383.6800
384.1400
384.6000
385.0400
385.5000
385.9400
386.4000
386.8400
387.3000
387.7600
388.1800
388.6400
389.1000
389.5600
390.0200
390.4600
390.9000
391.3600
391.7800
392.2200
392.7000
393.1600
393.6000
394.0800
394.5400
394.9800
395.4200
395.8800
396.3200
396.7800
397.2200
397.6600
398.1000
398.5600
399.0000
399.4800
399.9000
400.3600
400.8000
401.2600
401.7200
402.1800
402.6200
403.0600
403.5200
403.9800
404.4200
404.9000
405.3400
405.7800
406.2200
406.6800
407.1200
407.6000
408.0400
408.5000
408.9600
409.4200
409.8800
410.3200
410.7600
411.2200
411.6600
412.0800
412.5400
413.0000
413.4400
413.9000
414.3400
414.8000
415.2400
415.6800
416.1400
416.6000
417.0400
417.4800
417.9400
418.3800
418.8400
419.2800
419.7400
420.1800
420.6200
421.0600
421.5200
422.0000
422.4400
422.8800
423.3200
423.7800
424.2000
424.6600
425.1200
425.5600
426.0200
426.4800
426.9200
427.3600
427.7800
428.2400
428.7000
429.1600
429.6000
430.0600
430.5200
430.9600
431.3800
431.8400
432.2800
432.7600
433.2200
433.6400
434.1000
434.5200
434.9600
435.4000
435.7800
436.1200
436.4800
436.8400
437.2200
437.5600
437.9200
438.2800
438.6600
439.1000
439.5600
440.0200
440.4600
440.9400
441.3800
441.8600
442.3000
442.7600
443.2200
443.7000
444.1400
444.6000
445.0600
445.5000
445.9400
446.4000
446.8800
447.3200
447.7800
448.2200
448.6800
449.1400
449.5800
450.0400
450.5200
450.9800
451.4200
451.9000
452.3400
452.8200
453.2600
453.7400
454.1800
454.6200
455.0400
455.5000
455.9600
456.4000
456.8600
457.3400
457.7800
458.2600
458.7000
459.1400
459.6000
460.0400
460.5000
460.9600
461.4200
461.8800
462.3200
462.7800
463.2600
463.7000
464.1400
464.5800
465.0400
465.5000
465.9400
466.4200
466.8600
467.3400
467.7600
468.2200
468.6600
469.1400
469.5800
470.0400
470.4800
470.9400
471.3800
471.8600
472.3200
472.7800
473.2200
473.6800
474.1400
474.6000
475.0400
475.5000
475.9200
476.3800
476.8400
477.3000
477.7600
478.2200
478.6800
479.1200
479.5800
480.0600
480.5000
480.9800
481.4400
481.8600
482.3000
482.7800
483.2400
483.7000
484.1400
484.6200
485.0400
485.5000
485.9400
486.4000
486.8400
487.3000
487.7600
488.2400
488.6800
489.1600
489.6000
490.0600
490.5400
491.0000
491.4400
491.9000
492.3200
492.8000
493.2400
493.7000
494.1400
494.6000
495.0600
495.5000
495.9800
496.4200
496.8800
497.3600
497.8200
498.2600
498.7200
499.1800
499.6200
500.1000
500.5600
501.0200
501.4800
501.9400
502.3800
502.8600
503.3000
503.7800
504.2200
504.6800
505.1200
505.5800
506.0200
506.4800
506.9200
507.3800
507.8400
508.2800
508.7400
509.2000
509.6400
510.1200
510.5600
511.0400
511.5000
511.9400
512.4200
512.8800
513.3200
513.7800
514.2200
514.6600
515.1200
515.5800
516.0400
516.5000
516.9400
517.3800
517.8200
518.2800
518.7200
519.1800
519.6600
520.1000
520.5400
520.9800
521.4400
521.9000
522.3400
522.8000
523.2600
523.7000
524.1400
524.6000
525.0600
525.5200
525.9600
526.3800
526.8600
527.3200
527.7600
528.2200
528.6600
529.1000
529.5600
530.0200
530.4800
530.9200
531.3600
531.8200
532.2800
532.7400
533.1800
533.6200
534.0800
534.5200
534.9800
535.4400
535.9000
536.3400
536.8000
537.2400
537.6800
538.1200
538.5600
539.0200
539.4600
539.9200
540.3800
540.8400
541.2800
541.7400
542.1800
542.6000
543.0400
543.4800
543.9400
544.3800
544.8200
545.2800
545.7400
546.2000
546.6600
547.1200
547.5600
548.0200
548.4800
548.9400
549.3800
549.8400
550.2800
550.7200
551.1400
551.6200
552.0800
552.5200
552.9800
553.4400
553.9000
554.3600
554.8200
555.3000
555.7400
556.2000
556.6400
557.0800
557.5400
557.9800
558.4200
558.8600
559.3000
559.7800
560.2200
560.7000
561.1600
561.6200
562.0600
562.5400
562.9800
563.4200
563.8600
564.3200
564.7600
565.2200
565.6600
566.1200
566.5600
567.0000
567.4600
567.9200
568.3800
568.8200
569.2800
569.7600
570.2200
570.6600
571.1200
571.6000
572.0400
572.5200
572.9800
573.4400
573.9000
574.3400
574.8000
575.2400
575.6800
576.1200
576.5600
