# Neural Ground Truth Downbeats (BeatNet CRNN + DBN)
# Track: Boogie Wonderland
0.6400
2.5000
4.4000
6.2800
8.1600
10.0800
11.9600
13.8600
15.7200
17.6200
19.4800
21.3200
23.1800
25.0200
26.8600
28.7000
30.5600
32.4000
34.2600
36.1200
37.9400
39.8000
41.6600
43.5000
45.3400
47.1800
49.0600
50.9000
52.7200
54.5600
56.4200
58.2600
60.0800
61.8800
63.7200
65.5600
67.3800
69.2200
71.0400
72.8800
74.7000
76.5600
78.3800
80.2400
82.0400
83.8600
85.6800
87.5000
89.3200
91.1400
92.9800
94.8000
96.6400
98.4600
100.2600
102.0800
103.9200
105.7400
107.5800
109.4000
111.2400
113.0600
114.9000
116.7000
118.5000
120.3200
122.1400
123.9400
125.8000
127.5800
129.4200
131.2600
133.1000
134.9400
136.8000
138.6400
140.4400
142.2800
144.1400
145.9800
147.8000
149.6400
151.4800
153.3000
155.1000
156.9000
158.7200
160.5600
162.3800
164.2000
166.0600
167.8800
169.6800
171.5200
173.3400
175.1800
176.9800
178.8000
180.6200
182.4400
184.2400
186.0600
187.9200
189.7600
191.5600
193.4000
195.2400
197.0400
198.8800
200.7600
202.5800
204.4000
206.2200
208.0200
209.8600
211.7000
213.5600
215.3800
217.2000
219.0200
220.8400
222.6800
224.5200
226.3600
228.2000
230.0200
231.8400
233.6800
235.5200
237.3600
239.1800
241.0400
242.8600
244.6800
246.5000
248.3200
250.1600
252.0000
253.8000
255.6400
257.4800
259.3200
261.1400
262.9800
264.8400
266.6800
268.4800
270.3400
272.1800
273.9800
275.7800
277.6000
279.4200
281.2600
283.0400
284.8800
286.7000
288.5400
290.3600
292.1800
294.0400
295.8400
297.6400
299.4600
301.3000
303.1000
304.9200
306.7600
308.5800
310.4000
312.1800
314.0400
315.8800
317.6800
319.5000
321.3000
323.1600
324.9600
326.7800
328.5800
330.4200
332.2400
334.0200
335.8400
337.2400
338.5600
340.3400
342.1800
343.9800
345.8200
347.6200
349.4400
351.2600
353.0800
354.8800
356.7000
358.5000
360.3000
362.1000
363.8800
365.7000
367.5200
369.3200
371.1000
372.9000
374.7000
376.4800
378.2800
380.0800
381.8600
383.6800
385.5000
387.3000
389.1000
390.9000
392.7000
394.5400
396.3200
398.1000
399.9000
401.7200
403.5200
405.3400
407.1200
408.9600
410.7600
412.5400
414.3400
416.1400
417.9400
419.7400
421.5200
423.3200
425.1200
426.9200
428.7000
430.5200
432.2800
434.1000
435.7800
437.2200
438.6600
440.4600
442.3000
444.1400
445.9400
447.7800
449.5800
451.4200
453.2600
455.0400
456.8600
458.7000
460.5000
462.3200
464.1400
465.9400
467.7600
469.5800
471.3800
473.2200
475.0400
476.8400
478.6800
480.5000
482.3000
484.1400
485.9400
487.7600
489.6000
491.4400
493.2400
495.0600
496.8800
498.7200
500.5600
502.3800
504.2200
506.0200
507.8400
509.6400
511.5000
513.3200
515.1200
516.9400
518.7200
520.5400
522.3400
524.1400
525.9600
527.7600
529.5600
531.3600
533.1800
534.9800
536.8000
538.5600
540.3800
542.1800
543.9400
545.7400
547.5600
549.3800
551.1400
552.9800
554.8200
556.6400
558.4200
560.2200
562.0600
563.8600
565.6600
567.4600
569.2800
571.1200
572.9800
574.8000
576.5600
