# Neural Ground Truth Downbeats (BeatNet CRNN + DBN)
# Track: Come Together - Remastered
1.1200
2.5600
3.9800
5.4400
6.8800
8.3200
9.7000
11.1400
12.5400
14.0000
15.4400
16.9600
18.4200
19.8800
21.4600
24.3000
27.2800
30.1800
33.0800
35.9800
38.8400
41.2200
43.4800
45.9800
48.8400
51.8200
54.7400
57.6800
60.6400
63.5400
66.4400
69.3800
72.2200
75.1000
78.0000
80.8800
83.7400
86.5600
89.4400
92.3400
95.2600
98.1800
101.1400
104.0600
107.3400
111.3400
114.2000
117.1400
119.9400
122.7400
125.6400
128.5600
131.4800
134.3400
137.2800
140.1400
143.0400
145.9000
148.8200
151.7000
154.6200
157.6000
160.5400
163.5000
166.4000
169.3200
172.2400
175.2000
178.0600
181.0400
183.7200
186.3600
189.2200
192.2600
195.3200
198.2200
201.1000
203.9000
206.8000
209.5600
212.4200
215.2200
218.0800
220.8800
223.7600
226.5800
229.4600
232.2800
235.1400
237.8800
240.7200
243.5200
246.3200
249.0800
251.8600
254.6800
