# Neural Ground Truth Beats (BeatNet CRNN + DBN)
# Track: Come Together - Remastered
# Duration: 259.95s, Estimated BPM: 83.3
# Total Beats: 384, Downbeats: 96
1.1200
1.4800
1.8200
2.1800
2.5600
2.9000
3.2600
3.6200
3.9800
4.3400
4.7000
5.0600
5.4400
5.7800
6.1400
6.5000
6.8800
7.2200
7.5800
7.9400
8.3200
8.6600
8.9800
9.3400
9.7000
10.0600
10.4200
10.7600
11.1400
11.4600
11.8000
12.1600
12.5400
12.8800
13.2400
13.6200
14.0000
14.3600
14.7200
15.1000
15.4400
15.8400
16.2000
16.5800
16.9600
17.3200
17.6800
18.0400
18.4200
18.7800
19.1600
19.5200
19.8800
20.2600
20.6200
21.0000
21.4600
22.1000
22.8600
23.5800
24.3000
25.0200
25.8000
26.5200
27.2800
28.0000
28.7400
29.4600
30.1800
30.9200
31.6400
32.3600
33.0800
33.8200
34.5200
35.2600
35.9800
36.6800
37.4000
38.1200
38.8400
39.5400
40.0800
40.6400
41.2200
41.8000
42.3600
42.9200
43.4800
44.0600
44.6600
45.2600
45.9800
46.6600
47.3800
48.1200
48.8400
49.6000
50.3400
51.0600
51.8200
52.5400
53.2800
54.0200
54.7400
55.4800
56.2200
56.9400
57.6800
58.4400
59.1800
59.9000
60.6400
61.3600
62.1000
62.8200
63.5400
64.2600
64.9800
65.7400
66.4400
67.1800
67.9000
68.6000
69.3800
70.1000
70.8000
71.5200
72.2200
72.9200
73.6800
74.3600
75.1000
75.8400
76.5600
77.2800
78.0000
78.7200
79.4400
80.1400
80.8800
81.5600
82.2800
83.0000
83.7400
84.4200
85.1400
85.8400
86.5600
87.2400
87.9600
88.7000
89.4400
90.1600
90.8800
91.6200
92.3400
93.0600
93.8000
94.5200
95.2600
95.9800
96.7000
97.4400
98.1800
98.9000
99.6600
100.4000
101.1400
101.8600
102.6000
103.3200
104.0600
104.8000
105.5000
106.3000
107.3400
108.4600
109.5600
110.5800
111.3400
112.0600
112.7400
113.4600
114.2000
114.9400
115.6800
116.3800
117.1400
117.8600
118.5600
119.2800
119.9400
120.6600
121.3600
122.0600
122.7400
123.4600
124.1600
124.9000
125.6400
126.3600
127.0800
127.8000
128.5600
129.2800
130.0000
130.7400
131.4800
132.1800
132.9000
133.6400
134.3400
135.0800
135.8200
136.5400
137.2800
137.9800
138.7200
139.4400
140.1400
140.8600
141.6000
142.3200
143.0400
143.7400
144.4800
145.1800
145.9000
146.6200
147.3600
148.0800
148.8200
149.5200
150.2400
150.9600
151.7000
152.3800
153.1200
153.8800
154.6200
155.3200
156.0800
156.8400
157.6000
158.3200
159.0600
159.8000
160.5400
161.2800
162.0200
162.7600
163.5000
164.2200
164.9400
165.6800
166.4000
167.1400
167.8800
168.6000
169.3200
170.0400
170.8000
171.5000
172.2400
172.9800
173.6800
174.4600
175.2000
175.9000
176.6200
177.3400
178.0600
178.7800
179.5400
180.3000
181.0400
181.7600
182.4800
183.1200
183.7200
184.3600
184.9600
185.6600
186.3600
187.0800
187.7800
188.5000
189.2200
189.9400
190.6600
191.3600
192.2600
193.1000
193.8800
194.6000
195.3200
196.0400
196.7600
197.5000
198.2200
198.9400
199.6600
200.3800
201.1000
201.8200
202.5200
203.2200
203.9000
204.6400
205.3600
206.0600
206.8000
207.4800
208.2000
208.8800
209.5600
210.2600
210.9800
211.7000
212.4200
213.1200
213.8400
214.5400
215.2200
215.9000
216.6400
217.3400
218.0800
218.7800
219.4600
220.1800
220.8800
221.5800
222.3000
223.0400
223.7600
224.4600
225.1600
225.8800
226.5800
227.3000
228.0000
228.7200
229.4600
230.1400
230.8600
231.5800
232.2800
232.9800
233.7000
234.4200
235.1400
235.8400
236.5200
237.2000
237.8800
238.5800
239.3000
240.0200
240.7200
241.4000
242.1200
242.8200
243.5200
244.2000
244.9200
245.6000
246.3200
247.0000
247.7000
248.3800
249.0800
249.7800
250.4800
251.1600
251.8600
252.5400
253.2800
253.9600
254.6800
255.3400
256.0800
256.7400
