# Neural Ground Truth Downbeats (BeatNet CRNN + DBN)
# Track: Djon maya maï (feat. Victor Démé)
0.0400
2.3000
4.6000
6.8600
9.1800
11.5000
13.7800
16.0800
18.3200
20.6000
22.8800
25.1800
27.4600
29.7400
32.0400
34.3200
36.6000
38.8800
41.1800
43.4400
45.7400
48.0000
49.6600
51.4600
53.7400
56.0200
58.3000
60.6000
62.8800
65.1800
67.4600
69.7400
72.0200
74.3400
76.6200
78.9000
81.1800
83.4800
85.7800
88.1200
90.3800
92.6400
94.9400
97.2200
99.5000
101.8400
104.1200
106.3800
108.6800
110.9400
113.2200
115.5200
117.7800
120.0800
122.3800
124.6800
126.9400
129.2000
131.4600
133.8000
136.0800
138.3600
140.7600
143.0000
145.2400
147.5600
149.8400
152.1000
154.3400
156.6600
158.9400
161.2200
163.5000
165.8000
168.0800
170.3800
172.6400
174.9400
177.2400
179.5400
181.8200
184.1000
186.4000
188.7200
190.9600
193.2600
195.5400
197.8200
200.1000
202.4000
204.6800
206.9600
209.2400
211.5400
213.7800
215.9200
218.2000
220.5000
222.7800
224.6200
226.5400
228.5000
230.7800
233.0400
235.3400
237.6400
239.9200
242.2200
244.5000
246.8000
249.0800
251.1400
253.3200
255.6000
257.8800
260.1800
262.4600
264.7600
267.0400
269.3200
271.6000
273.8800
276.1800
278.4400
280.7400
283.0200
285.3200
287.6000
289.8800
292.1800
294.4600
296.7600
299.0400
301.2800
303.6000
305.9000
308.1600
310.4600
312.7400
315.0400
317.3200
319.6000
321.8800
324.1800
326.4600
328.7400
331.0200
333.3200
335.6000
337.8800
340.1800
342.4600
344.7400
347.0200
349.3200
351.6400
353.9000
356.1800
358.4800
360.7600
363.0400
365.3400
367.6200
369.9400
372.2000
374.4800
376.7200
378.9400
381.1800
383.5000
385.8400
388.1400
