# Neural Ground Truth Downbeats (BeatNet CRNN + DBN)
# Track: Don't You Know - Radio Edit
1.2000
3.2000
5.1800
7.2000
9.2000
11.2000
13.2000
15.0400
16.9000
18.7200
20.7000
22.6800
24.7200
26.7200
28.7200
30.7000
32.7000
34.7200
36.7200
38.7000
40.7200
42.7200
44.7000
46.7000
48.7200
50.7200
52.7000
54.7000
56.7200
58.7000
60.7200
62.7000
64.7200
66.7400
68.7400
70.7200
72.7400
74.7400
76.7400
78.7400
80.7400
82.7600
84.7400
86.7400
88.7400
90.7400
92.7400
94.7400
96.7200
98.7400
100.7400
102.7400
104.7400
106.7400
108.7400
110.7200
112.7400
114.7400
116.7400
118.7600
120.7600
122.7600
124.7600
126.7600
128.7600
130.7800
132.7600
134.7600
136.7600
138.7600
140.7800
142.7800
144.7800
146.7800
148.8000
150.7800
152.7800
154.7800
156.8000
158.8000
160.7800
162.7800
164.8000
167.1400
169.6400
171.6400
173.6400
175.6200
177.6400
179.6400
181.6400
183.6400
