# Neural Ground Truth Downbeats (BeatNet CRNN + DBN)
# Track: Elle a les yeux revolver
0.4400
1.9400
3.4000
4.9200
6.4200
7.9400
9.4200
10.9200
12.4000
13.8800
15.4200
16.9200
18.6000
20.3200
22.0200
23.6800
25.1800
26.6600
28.1400
29.6200
31.1600
32.6800
34.1600
35.6200
37.1000
38.6600
40.1600
41.6400
43.1200
44.6800
46.1600
47.7000
49.1400
50.6400
52.1000
53.5800
55.0400
56.5400
58.0400
59.5000
60.9600
62.4400
63.9400
65.4400
66.8800
68.3800
69.8400
71.3200
72.8000
74.3400
75.8400
77.3400
78.8400
80.3400
81.8600
83.3600
84.8400
86.3600
87.8400
89.3600
90.8600
92.3600
93.8400
95.3600
96.8600
98.3600
99.8600
101.3600
102.8600
104.3600
105.8600
107.3400
108.9000
110.4000
111.8800
113.3600
114.8800
116.3600
117.8400
119.3400
120.8400
122.3400
123.8400
125.3200
126.8600
128.3200
129.8000
131.3000
132.8000
134.3000
135.7600
137.2600
138.7400
140.2200
141.7200
143.2400
144.7600
146.3000
147.7800
149.3000
150.7000
152.1400
153.5800
155.3000
156.8200
158.3200
159.8400
161.3400
162.8600
164.3600
165.8800
167.3800
168.9000
170.4000
171.9000
173.3800
174.9400
176.4200
177.9400
179.4200
180.9200
182.4200
183.8600
185.3800
186.8400
188.3200
189.8000
191.2600
192.7600
194.2400
195.7000
197.2000
198.6800
200.1600
201.6400
203.2200
204.8000
206.5400
208.2600
209.9600
211.6600
213.4000
215.1400
