# Neural Ground Truth Downbeats (BeatNet CRNN + DBN)
# Track: Five Years - 2012 Remaster
3.0000
4.5800
6.1400
7.7200
9.3200
10.9200
12.5200
14.1200
15.7200
17.3800
18.9600
20.5600
22.1600
23.7800
25.3800
26.9800
28.5800
30.1800
31.7800
33.3600
34.9600
36.5600
38.1600
39.7800
41.1800
42.5400
43.9000
45.2800
46.6400
48.0000
49.4000
50.8800
52.4400
54.0400
55.6400
57.2600
58.8000
60.4200
61.9600
63.5000
65.0800
66.6000
68.2000
69.7600
71.2800
72.7800
74.3800
75.9600
77.5800
79.1600
80.8600
82.4200
83.9600
85.5400
87.1000
88.5400
89.8800
91.4000
92.9400
94.5400
96.1000
97.6000
98.9600
100.4000
101.9000
103.4600
105.0800
106.6000
108.1400
109.7400
111.2400
112.8400
114.3600
115.8800
117.4800
119.0200
120.5600
122.1200
123.6800
125.2000
126.7600
128.2800
129.6200
131.1400
132.6600
134.1800
135.7400
137.2800
138.8000
140.3800
141.9000
143.4600
144.9800
146.5000
148.0000
149.5600
151.0800
152.5800
154.2000
155.7800
157.2200
158.7800
160.3200
161.8400
163.3800
164.8800
166.4200
167.9400
169.4400
170.9600
172.5400
174.1200
175.6600
177.2200
178.7400
180.2400
181.7800
183.2800
184.7200
186.2600
187.8000
189.3000
190.8600
192.3800
193.8400
195.3800
196.8400
198.3600
199.9000
201.4200
202.8800
204.4000
205.9000
207.4200
208.9600
210.4800
212.0000
213.5000
215.0200
216.4600
217.9800
219.5000
221.0000
222.5200
224.0000
225.4200
226.9600
228.4800
229.9600
231.3000
232.5000
233.7400
235.2000
236.7200
238.2400
239.6600
241.1800
242.6600
244.1800
245.7000
247.1800
248.6800
250.2000
251.7200
253.2200
254.6800
256.1800
257.7000
259.2400
260.7400
262.2200
263.7200
265.3000
266.9000
268.4400
270.0400
271.6400
273.1800
274.7600
276.3800
277.9200
279.5000
281.1000
282.7000
