# Neural Ground Truth Beats (BeatNet CRNN + DBN)
# Track: Five Years - 2012 Remaster
# Duration: 283.75s, Estimated BPM: 157.9
# Total Beats: 738, Downbeats: 184
1.8000
2.2000
2.6000
3.0000
3.3800
3.8000
4.1800
4.5800
4.9800
5.3800
5.7600
6.1400
6.5400
6.9200
7.3200
7.7200
8.1200
8.5200
8.9200
9.3200
9.7400
10.1400
10.5200
10.9200
11.3000
11.7000
12.1200
12.5200
12.9000
13.3000
13.7000
14.1200
14.5200
14.9200
15.3000
15.7200
16.1400
16.5600
16.9800
17.3800
17.7600
18.1600
18.5600
18.9600
19.3800
19.7800
20.1600
20.5600
20.9600
21.3600
21.7800
22.1600
22.5600
22.9800
23.3600
23.7800
24.1800
24.5800
24.9800
25.3800
25.7800
26.1600
26.5600
26.9800
27.3800
27.7800
28.1600
28.5800
28.9600
29.3800
29.7800
30.1800
30.5800
30.9600
31.3600
31.7800
32.1800
32.5800
32.9600
33.3600
33.7800
34.1800
34.5600
34.9600
35.3600
35.7600
36.1600
36.5600
36.9600
37.3800
37.7600
38.1600
38.5600
38.9800
39.3600
39.7800
40.1800
40.5000
40.8600
41.1800
41.5200
41.8800
42.2200
42.5400
42.8800
43.2200
43.5600
43.9000
44.2400
44.5800
44.9200
45.2800
45.6200
45.9400
46.3000
46.6400
46.9800
47.3000
47.6400
48.0000
48.3400
48.6800
49.0200
49.4000
49.7400
50.1400
50.5000
50.8800
51.2600
51.6400
52.0600
52.4400
52.8600
53.2600
53.6400
54.0400
54.4400
54.8400
55.2400
55.6400
56.0400
56.4600
56.8600
57.2600
57.6400
58.0600
58.4200
58.8000
59.2200
59.6000
60.0200
60.4200
60.8000
61.2000
61.5800
61.9600
62.3400
62.7200
63.1200
63.5000
63.9000
64.2800
64.7000
65.0800
65.4400
65.8200
66.2200
66.6000
67.0000
67.4000
67.7800
68.2000
68.6000
68.9800
69.3600
69.7600
70.1200
70.5200
70.8800
71.2800
71.6600
72.0200
72.4000
72.7800
73.1600
73.5600
73.9600
74.3800
74.7800
75.1800
75.5800
75.9600
76.3600
76.7600
77.1800
77.5800
77.9800
78.3600
78.7600
79.1600
79.5800
80.0000
80.4400
80.8600
81.2600
81.6800
82.0400
82.4200
82.8000
83.1800
83.5800
83.9600
84.3600
84.7600
85.1400
85.5400
85.9400
86.3600
86.7400
87.1000
87.4600
87.8200
88.2000
88.5400
88.8800
89.2000
89.5400
89.8800
90.2600
90.6200
91.0200
91.4000
91.7800
92.1400
92.5400
92.9400
93.3200
93.7200
94.1400
94.5400
94.9400
95.3400
95.7400
96.1000
96.5000
96.8800
97.2600
97.6000
97.9200
98.2600
98.6000
98.9600
99.3000
99.6400
100.0000
100.4000
100.7600
101.1600
101.5200
101.9000
102.2800
102.6800
103.0800
103.4600
103.8600
104.2600
104.6600
105.0800
105.4400
105.8200
106.2200
106.6000
106.9600
107.3400
107.7200
108.1400
108.5400
108.9400
109.3400
109.7400
110.1200
110.5000
110.8600
111.2400
111.6200
112.0200
112.4400
112.8400
113.2000
113.5800
113.9600
114.3600
114.7200
115.1000
115.5000
115.8800
116.2600
116.6600
117.0800
117.4800
117.8600
118.2600
118.6600
119.0200
119.4000
119.7800
120.1600
120.5600
120.9600
121.3800
121.7400
122.1200
122.5000
122.9000
123.3000
123.6800
124.0600
124.4600
124.8400
125.2000
125.5800
125.9800
126.3800
126.7600
127.1600
127.5200
127.9000
128.2800
128.6200
128.9400
129.2800
129.6200
129.9800
130.3600
130.7600
131.1400
131.5000
131.8800
132.2600
132.6600
133.0200
133.4200
133.8000
134.1800
134.5400
134.9400
135.3400
135.7400
136.1200
136.5200
136.9000
137.2800
137.6600
138.0400
138.4000
138.8000
139.2200
139.6000
139.9800
140.3800
140.7400
141.1200
141.5200
141.9000
142.3000
142.6800
143.0800
143.4600
143.8200
144.2000
144.6000
144.9800
145.3400
145.7400
146.1200
146.5000
146.8800
147.2400
147.6200
148.0000
148.3800
148.8000
149.1800
149.5600
149.9400
150.3200
150.6800
151.0800
151.4600
151.8200
152.2200
152.5800
152.9800
153.3800
153.8000
154.2000
154.5800
154.9800
155.4000
155.7800
156.1200
156.5000
156.8400
157.2200
157.5800
157.9800
158.4000
158.7800
159.1600
159.5400
159.9200
160.3200
160.6800
161.0600
161.4600
161.8400
162.2200
162.6200
163.0000
163.3800
163.7600
164.1400
164.5000
164.8800
165.2800
165.6400
166.0400
166.4200
166.8000
167.1600
167.5600
167.9400
168.3200
168.6800
169.0600
169.4400
169.8400
170.2000
170.5800
170.9600
171.3600
171.7400
172.1400
172.5400
172.9400
173.3400
173.7200
174.1200
174.5200
174.9000
175.2800
175.6600
176.0200
176.4200
176.8400
177.2200
177.6000
177.9600
178.3400
178.7400
179.1200
179.4800
179.8600
180.2400
180.6200
181.0200
181.4000
181.7800
182.1600
182.5200
182.9000
183.2800
183.6400
184.0200
184.3800
184.7200
185.0800
185.4400
185.8400
186.2600
186.6400
187.0400
187.4000
187.8000
188.1800
188.5600
188.9200
189.3000
189.6800
190.0800
190.4600
190.8600
191.2400
191.6000
192.0000
192.3800
192.7400
193.1000
193.4600
193.8400
194.2200
194.6200
195.0000
195.3800
195.7600
196.1200
196.4800
196.8400
197.2400
197.6200
198.0000
198.3600
198.7400
199.1200
199.5200
199.9000
200.2800
200.6400
201.0200
201.4200
201.7800
202.1600
202.5200
202.8800
203.2600
203.6400
204.0200
204.4000
204.7800
205.1600
205.5200
205.9000
206.2800
206.6600
207.0400
207.4200
207.8000
208.1800
208.5600
208.9600
209.3400
209.7200
210.1000
210.4800
210.8600
211.2400
211.6200
212.0000
212.3600
212.7600
213.1400
213.5000
213.8800
214.2800
214.6400
215.0200
215.3800
215.7400
216.1000
216.4600
216.8200
217.2200
217.6000
217.9800
218.3600
218.7400
219.1000
219.5000
219.8800
220.2600
220.6200
221.0000
221.3800
221.7600
222.1400
222.5200
222.9000
223.2800
223.6400
224.0000
224.3400
224.7000
225.0600
225.4200
225.8000
226.2000
226.5800
226.9600
227.3400
227.7200
228.0800
228.4800
228.8600
229.2200
229.6000
229.9600
230.3200
230.6800
231.0000
231.3000
231.6000
231.9000
232.2000
232.5000
232.8000
233.1000
233.4000
233.7400
234.1200
234.4600
234.8200
235.2000
235.5600
235.9400
236.3200
236.7200
237.0800
237.4600
237.8600
238.2400
238.6000
238.9400
239.3000
239.6600
240.0400
240.4400
240.8200
241.1800
241.5600
241.9200
242.3000
242.6600
243.0200
243.4000
243.7800
244.1800
244.5600
244.9400
245.3200
245.7000
246.0600
246.4600
246.8200
247.1800
247.5600
247.9000
248.2800
248.6800
249.0400
249.4400
249.8200
250.2000
250.5800
250.9600
251.3400
251.7200
252.1000
252.4800
252.8400
253.2200
253.5800
253.9400
254.3200
254.6800
255.0600
255.4400
255.8200
256.1800
256.5600
256.9400
257.3200
257.7000
258.0800
258.4600
258.8600
259.2400
259.6000
259.9800
260.3800
260.7400
261.1200
261.5000
261.8400
262.2200
262.5600
262.9600
263.3200
263.7200
264.1000
264.5000
264.8800
265.3000
265.6800
266.0800
266.5000
266.9000
267.2800
267.6800
268.0600
268.4400
268.8400
269.2400
269.6400
270.0400
270.4200
270.8200
271.2400
271.6400
272.0000
272.4000
272.7800
273.1800
273.5800
273.9800
274.3600
274.7600
275.1600
275.5600
275.9800
276.3800
276.7600
277.1400
277.5200
277.9200
278.3000
278.7000
279.1000
279.5000
279.9000
280.3000
280.7000
281.1000
281.4800
281.9000
282.3000
282.7000
283.0800
283.5000
