# Neural Ground Truth Beats (BeatNet CRNN + DBN)
# Track: Flashback
# Duration: 267.56s, Estimated BPM: 120.0
# Total Beats: 538, Downbeats: 135
0.0200
0.5200
0.9800
1.4800
1.9600
2.4600
2.9600
3.4400
3.9400
4.4200
4.9200
5.4200
5.9000
6.4000
6.9000
7.3800
7.8600
8.3600
8.8400
9.3400
9.8400
10.3200
10.8400
11.3200
11.8000
12.3000
12.7800
13.2800
13.7600
14.2600
14.7600
15.2600
15.7400
16.2200
16.7200
17.2200
17.7000
18.2000
18.7000
19.1800
19.6600
20.1600
20.6400
21.1400
21.6400
22.1200
22.6400
23.1200
23.6000
24.1000
24.5800
25.0800
25.5800
26.0600
26.5800
27.0600
27.5400
28.0400
28.5200
29.0200
29.5200
30.0000
30.5000
31.0000
31.4600
31.9600
32.4400
32.9400
33.4400
33.9200
34.4200
34.9000
35.4000
35.9000
36.4000
36.8800
37.3800
37.8600
38.3600
38.8400
39.3400
39.8400
40.3200
40.8200
41.3200
41.8000
42.3000
42.7800
43.2800
43.7600
44.2600
44.7600
45.2400
45.7400
46.2200
46.7200
47.2000
47.7000
48.2000
48.7000
49.1800
49.6600
50.1600
50.6200
51.1400
51.6400
52.1200
52.6200
53.1000
53.6000
54.1000
54.5800
55.0800
55.5800
56.0600
56.5600
57.0400
57.5400
58.0400
58.5200
59.0200
59.5000
60.0000
60.5000
60.9800
61.4800
61.9800
62.4600
62.9400
63.4400
63.9200
64.4200
64.9000
65.4000
65.9000
66.3800
66.8800
67.3800
67.8600
68.3600
68.8400
69.3400
69.8400
70.3200
70.8200
71.3000
71.8000
72.2800
72.7800
73.2600
73.7600
74.2600
74.7400
75.2400
75.7200
76.2200
76.7200
77.2200
77.7000
78.2000
78.6800
79.1800
79.6800
80.1600
80.6400
81.1400
81.6200
82.1200
82.6200
83.1000
83.6000
84.1000
84.5800
85.0800
85.5600
86.0600
86.5400
87.0400
87.5400
88.0200
88.5200
89.0000
89.5000
90.0000
90.4800
90.9600
91.4600
91.9600
92.4400
92.9400
93.4400
93.9200
94.4200
94.9200
95.4000
95.9000
96.3800
96.8800
97.3800
97.8600
98.3600
98.8400
99.3400
99.8200
100.3200
100.8200
101.3000
101.8000
102.2800
102.7800
103.2800
103.7600
104.2600
104.7400
105.2400
105.5600
105.8800
106.2000
106.5200
106.8400
107.2000
107.7000
108.1800
108.6800
109.1800
109.6600
110.1600
110.6600
111.1400
111.6400
112.1200
112.6200
113.1000
113.6000
114.1000
114.5800
115.0800
115.5600
116.0600
116.5600
117.0400
117.5400
118.0200
118.5200
119.0000
119.5000
120.0000
120.4800
120.9800
121.4600
121.9600
122.4600
122.9400
123.4400
123.9200
124.4200
124.9200
125.4000
125.9000
126.3800
126.8800
127.3600
127.8400
128.3400
128.8400
129.3400
129.8200
130.3200
130.8200
131.3000
131.8000
132.2800
132.7800
133.2600
133.7600
134.2600
134.7400
135.2400
135.7200
136.2200
136.7000
137.2000
137.7000
138.1800
138.6800
139.1800
139.6600
140.1400
140.6200
141.1400
141.6400
142.1400
142.6200
143.1200
143.6000
144.1000
144.5800
145.0800
145.5800
146.0800
146.5600
147.0400
147.5400
148.0400
148.5200
149.0200
149.5000
150.0000
150.4800
150.9800
151.4600
151.9600
152.4600
152.9600
153.4400
153.9200
154.4200
154.9200
155.4000
155.9000
156.3800
156.8800
157.3600
157.8600
158.3600
158.8600
159.3200
159.8200
160.3200
160.8200
161.3000
161.8000
162.2800
162.8000
163.2600
163.7600
164.2400
164.7400
165.2400
165.7400
166.2200
166.7200
167.2000
167.7000
168.1800
168.6800
169.1800
169.6800
170.1600
170.6600
171.1200
171.6200
172.0200
172.3400
172.7000
173.0400
173.3800
173.7200
174.1000
174.5800
175.0800
175.5600
176.0600
176.5400
177.0400
177.5400
178.0400
178.5200
179.0200
179.5000
180.0000
180.4600
180.9800
181.4800
181.9600
182.4400
182.9400
183.4400
183.9200
184.4200
184.9200
185.4000
185.9000
186.3600
186.8800
187.3800
187.8600
188.3600
188.8400
189.3400
189.8200
190.3200
190.8200
191.3000
191.8000
192.2600
192.7800
193.2800
193.7800
194.2600
194.7400
195.2400
195.7200
196.2200
196.7200
197.2200
197.7000
198.2000
198.6800
199.1800
199.6600
200.1600
200.6600
201.1400
201.6400
202.1400
202.6200
203.1000
203.6000
204.0600
204.5800
205.0800
205.5800
206.0600
206.5600
207.0400
207.5200
208.0200
208.5200
209.0200
209.5000
210.0000
210.4800
210.9800
211.4800
211.9600
212.4600
212.9600
213.4400
213.9400
214.4200
214.9000
215.4000
215.9000
216.4000
216.8800
217.3800
217.8800
218.3600
218.8400
219.3400
219.8400
220.3400
220.8200
221.3000
221.8000
222.3000
222.7800
223.2800
223.7600
224.2600
224.7400
225.2400
225.7400
226.2200
226.7200
227.2000
227.7000
228.2000
228.6800
229.1800
229.6800
230.1600
230.6400
231.1400
231.6400
232.1400
232.6200
233.1200
233.6000
234.1000
234.5800
235.0800
235.5600
236.0600
236.5600
237.0400
237.5400
238.0400
238.5200
239.0200
239.5000
240.0000
240.4800
240.9800
241.4800
241.9600
242.4600
242.9400
243.4400
243.9400
244.4200
244.9000
245.4000
245.9000
246.3800
246.8800
247.3800
247.8600
248.3600
248.8400
249.3400
249.8200
250.3200
250.8000
251.3000
251.8000
252.3200
252.8200
253.3600
253.8800
254.3800
254.9000
255.4200
255.9600
256.4800
256.9600
257.4800
257.9600
258.4600
258.9600
259.4600
259.9800
260.4600
260.9600
261.4800
261.9600
262.4800
