# Neural Ground Truth Beats (BeatNet CRNN + DBN)
# Track: Foule sentimentale
# Duration: 324.91s, Estimated BPM: 111.1
# Total Beats: 593, Downbeats: 148
0.2800
0.8200
1.3800
1.9200
2.4600
3.0000
3.5400
4.0800
4.6200
5.1600
5.7000
6.2400
6.7800
7.3200
7.8400
8.4200
8.9800
9.5200
10.1000
10.6400
11.2000
11.7200
12.2800
12.8000
13.3600
13.9000
14.4400
14.9800
15.5400
16.0800
16.6200
17.1600
17.7200
18.2600
18.8200
19.3400
19.9000
20.4200
20.9800
21.5200
22.0600
22.6200
23.1600
23.7200
24.2400
24.8000
25.3400
25.8800
26.4400
26.9800
27.5200
28.0800
28.6200
29.1600
29.7200
30.2600
30.8000
31.3400
31.9000
32.4400
32.9800
33.5200
34.0800
34.6200
35.1600
35.7200
36.2600
36.8000
37.3400
37.9000
38.4400
38.9800
39.5200
40.0800
40.6200
41.1800
41.7200
42.2600
42.8000
43.3400
43.8800
44.4400
45.0000
45.5400
46.0600
46.6200
47.1600
47.7000
48.2600
48.8000
49.3400
49.9000
50.4400
50.9800
51.5200
52.0600
52.6200
53.1400
53.7200
54.2600
54.8000
55.3600
55.9000
56.4400
56.9800
57.5200
58.0800
58.6200
59.1800
59.7200
60.2600
60.8000
61.3600
61.9000
62.4400
62.9800
63.5200
64.0600
64.6200
65.1600
65.7200
66.2600
66.8000
67.3400
67.9000
68.4400
68.9800
69.5200
70.0800
70.6200
71.1800
71.7200
72.2600
72.8000
73.3400
73.8800
74.4400
74.9800
75.5400
76.0800
76.6200
77.1600
77.7200
78.2600
78.8200
79.3600
79.9200
80.4400
81.0000
81.5400
82.0800
82.6200
83.1600
83.7200
84.2600
84.8200
85.3600
85.9000
86.4400
86.9800
87.5400
88.0800
88.6200
89.1800
89.7000
90.2400
90.8000
91.3400
91.8800
92.4200
93.0000
93.5200
94.0800
94.6200
95.1600
95.7000
96.2600
96.8000
97.3600
97.9000
98.4400
98.9800
99.5400
100.0800
100.6200
101.1600
101.7200
102.2600
102.8000
103.3600
103.9000
104.4400
104.9800
105.5400
106.0800
106.6200
107.1400
107.7000
108.2600
108.8200
109.3600
109.9000
110.4400
110.9800
111.5200
112.0600
112.6200
113.1600
113.7000
114.2600
114.8000
115.3400
115.9000
116.4600
117.0000
117.5200
118.0800
118.6000
119.1600
119.7200
120.2600
120.8000
121.3600
121.9000
122.4400
123.0000
123.5400
124.0800
124.6400
125.1600
125.7200
126.2600
126.8000
127.3400
127.9000
128.4400
128.9600
129.5200
130.0800
130.6200
131.1600
131.7200
132.2600
132.8000
133.3400
133.8800
134.4400
134.9800
135.5200
136.0800
136.6200
137.1600
137.7000
138.2600
138.8000
139.3400
139.8800
140.4400
140.9800
141.5400
142.0800
142.6200
143.1800
143.7200
144.2600
144.8000
145.3400
145.8800
146.4400
146.9800
147.5200
148.0600
148.6200
149.1600
149.7000
150.2400
150.8200
151.3400
151.9000
152.4400
152.9800
153.5200
154.0600
154.6000
155.1400
155.7000
156.2600
156.8000
157.3400
157.9000
158.4400
158.9800
159.5200
160.0800
160.6200
161.1800
161.7200
162.2600
162.8000
163.3400
163.8600
164.4200
164.9800
165.5200
166.0600
166.6200
167.1600
167.7200
168.2600
168.8000
169.3400
169.8800
170.4400
170.9800
171.5400
172.0600
172.6000
173.1600
173.6800
174.2600
174.8000
175.3400
175.9000
176.4400
176.9800
177.5400
178.0800
178.6200
179.1800
179.7200
180.2600
180.8000
181.3400
181.8800
182.4600
182.9800
183.5400
184.0800
184.6200
185.1600
185.7200
186.2800
186.8200
187.3600
187.9200
188.4600
189.0000
189.5400
190.0800
190.6200
191.1800
191.7200
192.2600
192.8000
193.3600
193.9000
194.4200
194.9800
195.5400
196.0800
196.6400
197.1800
197.7200
198.2600
198.8000
199.3400
199.9000
200.4400
200.9800
201.5200
202.0800
202.6000
203.1600
203.7000
204.2600
204.8000
205.3400
205.9000
206.4400
206.9800
207.5200
208.0800
208.6200
209.1600
209.7000
210.2400
210.8000
211.3400
211.8800
212.4200
212.9800
213.5400
214.0800
214.6200
215.1800
215.7200
216.2600
216.8000
217.3400
217.8800
218.4400
218.9800
219.5200
220.0800
220.6200
221.1600
221.7000
222.2400
222.7800
223.3400
223.9000
224.4400
224.9800
225.5200
226.0600
226.6200
227.1600
227.7000
228.2600
228.8000
229.3400
229.8800
230.4400
230.9800
231.5400
232.0600
232.6200
233.1600
233.7000
234.2600
234.8000
235.3600
235.9000
236.4400
237.0000
237.5400
238.0800
238.6200
239.1800
239.7000
240.2400
240.8000
241.3200
241.8800
242.4200
242.9800
243.5200
244.0600
244.6200
245.1600
245.7000
246.2400
246.8000
247.3400
247.9000
248.4400
248.9800
249.5200
250.0800
250.6400
251.1800
251.7200
252.2600
252.8000
253.3400
253.8800
254.4400
254.9800
255.5200
256.0600
256.6200
257.1600
257.7200
258.2600
258.8000
259.3400
259.8800
260.4400
261.0000
261.5200
262.0600
262.6000
263.1600
263.7000
264.2400
264.7800
265.3400
265.8800
266.4400
267.0000
267.5400
268.0800
268.6200
269.1800
269.7200
270.2600
270.8000
271.3400
271.9000
272.4200
272.9600
273.5200
274.0800
274.6200
275.1600
275.7000
276.2600
276.8000
277.3400
277.8800
278.4400
278.9800
279.5400
280.0800
280.6200
281.1800
281.7200
282.2600
282.8200
283.3600
283.9000
284.4400
284.9800
285.5200
286.0600
286.6200
287.1600
287.7000
288.2600
288.8000
289.3400
289.8800
290.4200
290.9800
291.5400
292.0600
292.6000
293.1600
293.7200
294.2600
294.8000
295.3600
295.9200
296.4600
297.0000
297.5400
298.1000
298.6400
299.1800
299.7200
300.2600
300.8000
301.3400
301.8800
302.4400
302.9800
303.5000
304.0800
304.6200
305.1600
305.7200
306.2600
306.8000
307.3200
307.8800
308.4200
308.9800
309.5200
310.0600
310.6200
311.1600
311.7200
312.2600
312.8000
313.3400
313.8800
314.4400
314.9600
315.5400
316.0800
316.6400
317.1800
317.7200
318.2600
318.8200
319.3600
319.8600
320.4000
320.9200
321.4800
322.0200
322.5400
323.0800
