# Neural Ground Truth Downbeats (BeatNet CRNN + DBN)
# Track: Foule sentimentale
1.3800
3.5400
5.7000
7.8400
10.1000
12.2800
14.4400
16.6200
18.8200
20.9800
23.1600
25.3400
27.5200
29.7200
31.9000
34.0800
36.2600
38.4400
40.6200
42.8000
45.0000
47.1600
49.3400
51.5200
53.7200
55.9000
58.0800
60.2600
62.4400
64.6200
66.8000
68.9800
71.1800
73.3400
75.5400
77.7200
79.9200
82.0800
84.2600
86.4400
88.6200
90.8000
93.0000
95.1600
97.3600
99.5400
101.7200
103.9000
106.0800
108.2600
110.4400
112.6200
114.8000
117.0000
119.1600
121.3600
123.5400
125.7200
127.9000
130.0800
132.2600
134.4400
136.6200
138.8000
140.9800
143.1800
145.3400
147.5200
149.7000
151.9000
154.0600
156.2600
158.4400
160.6200
162.8000
164.9800
167.1600
169.3400
171.5400
173.6800
175.9000
178.0800
180.2600
182.4600
184.6200
186.8200
189.0000
191.1800
193.3600
195.5400
197.7200
199.9000
202.0800
204.2600
206.4400
208.6200
210.8000
212.9800
215.1800
217.3400
219.5200
221.7000
223.9000
226.0600
228.2600
230.4400
232.6200
234.8000
237.0000
239.1800
241.3200
243.5200
245.7000
247.9000
250.0800
252.2600
254.4400
256.6200
258.8000
261.0000
263.1600
265.3400
267.5400
269.7200
271.9000
274.0800
276.2600
278.4400
280.6200
282.8200
284.9800
287.1600
289.3400
291.5400
293.7200
295.9200
298.1000
300.2600
302.4400
304.6200
306.8000
308.9800
311.1600
313.3400
315.5400
317.7200
319.8600
322.0200
