# Neural Ground Truth Beats (BeatNet CRNN + DBN)
# Track: Genesis
# Duration: 234.97s, Estimated BPM: 115.4
# Total Beats: 429, Downbeats: 108
1.3400
2.3400
3.3200
4.3400
5.4200
6.3800
7.4200
8.4200
9.4600
10.4200
11.4000
12.4400
13.4000
14.4000
15.4200
16.4400
17.4200
18.3800
19.3200
20.2800
21.2400
21.9400
22.6000
23.3400
24.0000
24.7200
25.4600
26.1600
26.9200
27.6400
28.3200
29.0200
29.7400
30.4000
31.1800
31.9200
32.7200
33.4800
34.3000
35.0600
35.8400
36.5400
37.2600
37.9400
38.6200
39.1400
39.6600
40.1600
40.6800
41.2000
41.7200
42.2200
42.7400
43.2400
43.7400
44.2600
44.7800
45.3000
45.8200
46.3200
46.8400
47.3600
47.8600
48.3600
48.8800
49.4000
49.9200
50.4200
50.9400
51.4600
51.9600
52.4600
53.0000
53.5000
54.0200
54.5200
55.0400
55.5600
56.0600
56.5600
57.1000
57.6000
58.1200
58.6400
59.1400
59.6600
60.1600
60.6600
61.2000
61.7000
62.2200
62.7400
63.2400
63.7600
64.2600
64.7800
65.3000
65.8200
66.3400
66.8400
67.3600
67.8800
68.3800
68.9000
69.4400
69.9400
70.4400
70.9400
71.4600
71.9600
72.4800
73.0000
73.5000
74.0200
74.5400
75.0400
75.5600
76.0800
76.5600
77.0800
77.6000
78.1200
78.6400
79.1400
79.6600
80.1800
80.6800
81.2000
81.7200
82.2200
82.7400
83.2600
83.7600
84.2800
84.8000
85.3000
85.8200
86.3400
86.8400
87.3600
87.8800
88.3800
88.8800
89.4000
89.9200
90.4400
90.9400
91.4600
91.9600
92.4800
92.9800
93.5000
94.0200
94.5400
95.0600
95.5600
96.0600
96.5800
97.1000
97.6000
98.1200
98.6400
99.1600
99.6600
100.1800
100.7000
101.2000
101.7200
102.2400
102.7400
103.2400
103.7600
104.2800
104.8200
105.3200
105.8200
106.3000
106.8400
107.3600
107.8600
108.3800
108.9000
109.4200
109.9000
110.4000
110.9400
111.4600
111.9600
112.4800
113.0000
113.5200
114.0000
114.5200
115.0200
115.5600
116.0600
116.6000
117.1200
117.6200
118.1400
118.6600
119.1600
119.6800
120.1800
120.6800
121.2000
121.7200
122.2200
122.7400
123.2600
123.7600
124.2800
124.8000
125.3200
125.8200
126.3200
126.8400
127.3600
127.8800
128.3800
128.9000
129.4200
129.9200
130.4200
130.9200
131.4600
131.9800
132.4800
133.0000
133.5200
134.0200
134.5200
135.0600
135.5600
136.0800
136.6000
137.1000
137.6000
138.1000
138.6400
139.1600
139.6600
140.1800
140.7000
141.2000
141.7000
142.2400
142.7400
143.2600
143.7600
144.2800
144.7600
145.3000
145.8200
146.3400
146.8400
147.3600
147.9400
148.4800
149.0000
149.5200
150.0200
150.5400
151.0600
151.5600
152.0600
152.5600
153.1000
153.6200
154.1200
154.6400
155.1400
155.6600
156.1800
156.6800
157.2000
157.7200
158.2200
158.7400
159.2600
159.7800
160.2600
160.7800
161.2600
161.8000
162.3200
162.8400
163.3600
163.8800
164.4000
164.9200
165.4400
165.9400
166.4400
166.9600
167.4400
167.9800
168.4800
169.0200
169.5400
170.0400
170.5600
171.0600
171.6000
172.1000
172.6200
173.1200
173.6400
174.1600
174.6600
175.1800
175.7000
176.2200
176.7000
177.2200
177.7000
178.2400
178.7600
179.2800
179.8000
180.3200
180.8400
181.3800
181.9200
182.4800
183.0600
183.5800
184.1000
184.6200
185.1200
185.6400
186.1400
186.6000
187.0800
187.5600
188.0600
188.5200
189.0000
189.5000
189.9600
190.4400
190.9400
191.4200
191.9000
192.4000
192.9000
193.4000
193.9200
194.4000
194.9400
195.4600
195.9800
196.5200
197.0800
197.6000
198.1600
198.6600
199.1800
199.7000
200.2400
200.7600
201.2600
201.7800
202.3000
202.8200
203.3200
203.8400
204.3400
204.8200
205.3400
205.8200
206.3600
206.8800
207.4000
207.9000
208.4400
208.9600
209.4800
209.9800
210.5000
211.0200
211.5400
212.1000
212.6600
213.2000
213.7800
214.3000
214.8600
215.3800
215.9000
216.4000
216.9200
217.4400
217.9400
218.4400
218.9600
219.4800
220.0000
220.5000
221.0200
221.5400
222.0200
222.4400
222.8800
223.3400
223.7400
224.1600
224.5400
224.9400
225.3600
225.7600
226.1400
226.6200
227.1000
227.5800
228.0800
228.5600
229.0600
229.5400
230.0200
230.5000
231.0000
231.5000
231.9800
232.4600
232.9600
233.4400
233.9200
234.4000
