# Neural Ground Truth Downbeats (BeatNet CRNN + DBN)
# Track: Genesis
1.3400
5.4200
9.4600
13.4000
17.4200
21.2400
24.0000
26.9200
29.7400
32.7200
35.8400
38.6200
40.6800
42.7400
44.7800
46.8400
48.8800
50.9400
53.0000
55.0400
57.1000
59.1400
61.2000
63.2400
65.3000
67.3600
69.4400
71.4600
73.5000
75.5600
77.6000
79.6600
81.7200
83.7600
85.8200
87.8800
89.9200
91.9600
94.0200
96.0600
98.1200
100.1800
102.2400
104.2800
106.3000
108.3800
110.4000
112.4800
114.5200
116.6000
118.6600
120.6800
122.7400
124.8000
126.8400
128.9000
130.9200
133.0000
135.0600
137.1000
139.1600
141.2000
143.2600
145.3000
147.3600
149.5200
151.5600
153.6200
155.6600
157.7200
159.7800
161.8000
163.8800
165.9400
167.9800
170.0400
172.1000
174.1600
176.2200
178.2400
180.3200
182.4800
184.6200
186.6000
188.5200
190.4400
192.4000
194.4000
196.5200
198.6600
200.7600
202.8200
204.8200
206.8800
208.9600
211.0200
213.2000
215.3800
217.4400
219.4800
221.5400
223.3400
224.9400
226.6200
228.5600
230.5000
232.4600
234.4000
