# Neural Ground Truth Downbeats (BeatNet CRNN + DBN)
# Track: Girl, You'll Be a Woman Soon
2.7600
5.3800
7.5800
9.6600
11.8000
13.8800
16.0200
18.1200
20.2600
22.3600
24.4600
26.6000
28.7400
30.9000
33.0000
35.3000
37.4600
39.6000
41.7600
43.8600
46.0000
48.1400
50.2400
52.3800
54.5400
56.7000
58.7800
60.9200
63.0200
65.1400
67.1000
69.2400
71.2600
73.3600
75.4400
77.5600
79.6200
81.7200
83.8000
85.9400
88.0800
90.2200
92.3800
94.5200
96.6200
98.6800
100.8000
102.9200
104.9800
107.0800
109.2000
111.3800
113.4600
115.5600
117.6600
119.7600
121.7200
123.8400
125.9000
127.9600
129.9600
132.0000
134.0400
136.1400
138.1800
140.3200
142.4200
144.5600
146.6400
148.7200
150.8000
152.9400
155.0000
157.0800
159.2000
161.2600
163.3400
165.4200
167.5400
169.6600
171.7200
173.8800
175.9400
178.0400
180.1200
182.2200
184.2800
186.4200
188.5200
