# Neural Ground Truth Beats (BeatNet CRNN + DBN)
# Track: Girl, You'll Be a Woman Soon
# Duration: 189.63s, Estimated BPM: 115.4
# Total Beats: 357, Downbeats: 89
0.5600
1.2800
2.0400
2.7600
3.4600
4.1400
4.8000
5.3800
5.9800
6.5200
7.0600
7.5800
8.1400
8.6200
9.1200
9.6600
10.2200
10.7400
11.2800
11.8000
12.3400
12.8600
13.3800
13.8800
14.4200
14.9600
15.5000
16.0200
16.5600
17.0800
17.6200
18.1200
18.6800
19.2200
19.7200
20.2600
20.7600
21.3000
21.8200
22.3600
22.9200
23.4400
23.9400
24.4600
24.9800
25.5000
26.0400
26.6000
27.1400
27.6600
28.2200
28.7400
29.3000
29.8400
30.3800
30.9000
31.4400
31.9600
32.4800
33.0000
33.5800
34.1400
34.7000
35.3000
35.8400
36.3600
36.9200
37.4600
38.0000
38.5400
39.0800
39.6000
40.1600
40.7000
41.2200
41.7600
42.3200
42.8200
43.3600
43.8600
44.4000
44.9400
45.4600
46.0000
46.5600
47.0800
47.6200
48.1400
48.6800
49.1800
49.7200
50.2400
50.8000
51.3400
51.8600
52.3800
52.9200
53.4400
53.9800
54.5400
55.0600
55.6200
56.1600
56.7000
57.2400
57.7400
58.2600
58.7800
59.3400
59.8800
60.4000
60.9200
61.4600
61.9600
62.5000
63.0200
63.5600
64.1000
64.6000
65.1400
65.6200
66.1200
66.6000
67.1000
67.6600
68.2000
68.7200
69.2400
69.7600
70.2800
70.7800
71.2600
71.8000
72.3000
72.8400
73.3600
73.9000
74.4200
74.9400
75.4400
75.9600
76.4800
77.0200
77.5600
78.0800
78.6000
79.1000
79.6200
80.1400
80.6800
81.2000
81.7200
82.2400
82.7600
83.2800
83.8000
84.3200
84.8600
85.3800
85.9400
86.4400
87.0000
87.5400
88.0800
88.6200
89.1600
89.6800
90.2200
90.7800
91.3000
91.8400
92.3800
92.9200
93.4800
94.0200
94.5200
95.0600
95.5600
96.0800
96.6200
97.1200
97.6600
98.1800
98.6800
99.2000
99.7200
100.2400
100.8000
101.3200
101.8800
102.4000
102.9200
103.4400
103.9400
104.4800
104.9800
105.5000
106.0400
106.5600
107.0800
107.6400
108.1400
108.6600
109.2000
109.7600
110.3000
110.8400
111.3800
111.9000
112.4200
112.9400
113.4600
114.0000
114.5000
115.0200
115.5600
116.0600
116.6000
117.1200
117.6600
118.2200
118.7400
119.2600
119.7600
120.2800
120.7600
121.2400
121.7200
122.2600
122.8200
123.3200
123.8400
124.3600
124.8800
125.4000
125.9000
126.4200
126.9200
127.4400
127.9600
128.4600
128.9400
129.4400
129.9600
130.4800
131.0000
131.5200
132.0000
132.5000
133.0200
133.5200
134.0400
134.5600
135.1000
135.6000
136.1400
136.6600
137.1600
137.6600
138.1800
138.6800
139.2400
139.7600
140.3200
140.8600
141.3800
141.8800
142.4200
142.9600
143.5200
144.0400
144.5600
145.1000
145.6000
146.1400
146.6400
147.1600
147.7000
148.2200
148.7200
149.2600
149.7800
150.3000
150.8000
151.3400
151.8600
152.4200
152.9400
153.4600
153.9800
154.5000
155.0000
155.5200
156.0600
156.5800
157.0800
157.6400
158.1400
158.6600
159.2000
159.7200
160.2400
160.7600
161.2600
161.8000
162.3000
162.8200
163.3400
163.8800
164.3800
164.9000
165.4200
165.9600
166.4800
167.0200
167.5400
168.1000
168.6200
169.1400
169.6600
170.1800
170.6800
171.2000
171.7200
172.2600
172.8000
173.3400
173.8800
174.3800
174.9000
175.4200
175.9400
176.4800
177.0000
177.5400
178.0400
178.5600
179.0800
179.6200
180.1200
180.6400
181.1800
181.7000
182.2200
182.7400
183.2600
183.7800
184.2800
184.8200
185.3600
185.9000
186.4200
186.9600
187.5000
188.0000
188.5200
189.0400
