# Neural Ground Truth Downbeats (BeatNet CRNN + DBN)
# Track: Good Vibrations - Remastered 2001
0.6200
2.1400
3.7200
5.3000
6.8800
8.4800
10.0400
11.5600
13.1400
14.7600
16.3400
17.9400
19.5000
21.1000
22.6400
24.2000
25.7200
27.3200
28.9000
30.5000
32.1000
33.7000
35.3000
36.9000
38.5000
40.0800
41.7000
43.3000
44.8800
46.4800
48.0800
49.6800
51.2800
52.8800
54.4600
56.0600
57.6000
59.1800
60.7200
62.3200
63.8800
65.4800
67.0800
68.6400
70.1800
71.7600
73.3200
74.9000
76.4400
78.0000
79.6200
81.2000
82.8000
84.4000
86.0200
87.6200
89.2000
90.8000
92.4200
94.0200
95.6000
97.2000
98.8000
100.3800
101.9800
103.6200
105.2800
106.9000
108.5400
110.1600
111.7800
113.4000
115.0200
116.6200
118.2800
119.8800
121.4800
123.1200
124.7000
126.3000
127.9000
129.5600
131.1600
132.7800
134.4000
136.1600
137.9800
139.8200
141.6400
143.4600
145.2400
147.0800
148.9000
150.7600
152.5200
154.3000
156.1200
157.9400
159.7200
161.5200
163.3600
165.1000
166.8800
168.7000
170.5200
172.3000
174.1200
175.9400
177.7800
179.3800
180.9600
182.5200
184.1200
185.7000
187.3200
188.8600
190.4600
192.0200
193.6200
195.3200
197.0000
198.7400
200.4000
202.1000
203.7800
205.5000
207.1600
208.8000
210.4200
212.0600
213.6600
215.3200
