# Neural Ground Truth Beats (BeatNet CRNN + DBN)
# Track: Good Vibrations - Remastered 2001
# Duration: 218.94s, Estimated BPM: 150.0
# Total Beats: 528, Downbeats: 132
0.6200
1.0000
1.3800
1.7600
2.1400
2.5400
2.9200
3.3200
3.7200
4.1000
4.5000
4.9200
5.3000
5.7000
6.0800
6.4800
6.8800
7.2600
7.6800
8.0600
8.4800
8.8800
9.2800
9.6600
10.0400
10.4200
10.8000
11.1800
11.5600
11.9600
12.3400
12.7400
13.1400
13.5400
13.9400
14.3600
14.7600
15.1400
15.5600
15.9600
16.3400
16.7600
17.1600
17.5400
17.9400
18.3200
18.7200
19.1000
19.5000
19.9000
20.3000
20.6800
21.1000
21.4800
21.8800
22.2400
22.6400
23.0400
23.4400
23.8200
24.2000
24.5800
24.9600
25.3600
25.7200
26.1200
26.5000
26.9200
27.3200
27.7000
28.1000
28.5000
28.9000
29.3000
29.6800
30.0800
30.5000
30.9000
31.2800
31.6800
32.1000
32.5000
32.9000
33.2800
33.7000
34.0800
34.4800
34.9000
35.3000
35.7000
36.0800
36.4800
36.9000
37.3000
37.6800
38.1000
38.5000
38.9000
39.3000
39.6800
40.0800
40.4800
40.9000
41.2800
41.7000
42.1000
42.5000
42.9000
43.3000
43.7000
44.0800
44.5000
44.8800
45.2800
45.7000
46.0800
46.4800
46.8800
47.2800
47.6800
48.0800
48.4800
48.8600
49.2800
49.6800
50.0800
50.4600
50.8600
51.2800
51.6800
52.0800
52.4800
52.8800
53.2800
53.6600
54.0600
54.4600
54.8600
55.2600
55.6800
56.0600
56.4200
56.8000
57.2000
57.6000
57.9800
58.4000
58.7800
59.1800
59.6000
59.9800
60.3400
60.7200
61.1400
61.5400
61.9200
62.3200
62.7400
63.1000
63.5000
63.8800
64.2800
64.6800
65.0800
65.4800
65.8800
66.2800
66.6600
67.0800
67.4800
67.8600
68.2600
68.6400
69.0400
69.4200
69.7800
70.1800
70.5600
70.9800
71.3600
71.7600
72.1800
72.5800
72.9400
73.3200
73.7200
74.1200
74.5200
74.9000
75.3000
75.6800
76.0600
76.4400
76.8200
77.2200
77.6200
78.0000
78.4000
78.8200
79.2200
79.6200
80.0200
80.4000
80.8200
81.2000
81.6000
82.0000
82.4000
82.8000
83.2200
83.6200
84.0200
84.4000
84.8000
85.2000
85.6200
86.0200
86.4200
86.8000
87.2000
87.6200
88.0200
88.4200
88.8200
89.2000
89.6200
90.0000
90.4000
90.8000
91.2000
91.6000
92.0200
92.4200
92.8000
93.2000
93.6000
94.0200
94.4200
94.8000
95.1800
95.6000
96.0000
96.4000
96.8000
97.2000
97.5800
98.0000
98.4000
98.8000
99.1800
99.5800
99.9800
100.3800
100.7800
101.1800
101.5800
101.9800
102.4000
102.8000
103.2000
103.6200
104.0400
104.4400
104.8600
105.2800
105.7000
106.1000
106.5000
106.9000
107.3200
107.7200
108.1400
108.5400
108.9400
109.3600
109.7600
110.1600
110.5400
110.9600
111.3800
111.7800
112.2000
112.6000
113.0000
113.4000
113.8200
114.2000
114.6200
115.0200
115.4400
115.8200
116.2400
116.6200
117.0400
117.4400
117.8800
118.2800
118.6800
119.0600
119.4600
119.8800
120.2800
120.6800
121.0800
121.4800
121.9000
122.3200
122.7200
123.1200
123.5000
123.9000
124.3000
124.7000
125.1000
125.5000
125.9000
126.3000
126.7000
127.1000
127.5200
127.9000
128.3200
128.7200
129.1400
129.5600
129.9400
130.3400
130.7400
131.1600
131.5600
131.9600
132.3600
132.7800
133.1800
133.5600
134.0000
134.4000
134.8200
135.2600
135.7200
136.1600
136.6200
137.0800
137.5400
137.9800
138.4600
138.9000
139.3600
139.8200
140.2800
140.7400
141.1800
141.6400
142.0600
142.5200
142.9800
143.4600
143.9000
144.3400
144.8000
145.2400
145.7000
146.1600
146.6200
147.0800
147.5400
147.9800
148.4600
148.9000
149.3600
149.8200
150.2800
150.7600
151.1800
151.6200
152.0600
152.5200
152.9400
153.4000
153.8400
154.3000
154.7600
155.2200
155.6600
156.1200
156.5800
157.0400
157.5000
157.9400
158.3800
158.8200
159.2800
159.7200
160.1600
160.6000
161.0600
161.5200
161.9600
162.4200
162.8800
163.3600
163.7800
164.2200
164.6600
165.1000
165.5600
166.0000
166.4400
166.8800
167.3200
167.7600
168.2400
168.7000
169.1600
169.6200
170.0800
170.5200
170.9600
171.4000
171.8400
172.3000
172.7400
173.2000
173.6600
174.1200
174.5800
175.0200
175.4800
175.9400
176.4200
176.8800
177.3200
177.7800
178.1800
178.5600
178.9800
179.3800
179.7800
180.1600
180.5600
180.9600
181.3400
181.7400
182.1200
182.5200
182.9200
183.3000
183.7000
184.1200
184.5000
184.9200
185.3000
185.7000
186.1000
186.5000
186.9000
187.3200
187.6800
188.0800
188.4800
188.8600
189.2600
189.6600
190.0600
190.4600
190.8400
191.2200
191.6200
192.0200
192.4000
192.8000
193.2000
193.6200
194.0400
194.4600
194.8800
195.3200
195.7200
196.1400
196.5600
197.0000
197.4600
197.8800
198.3000
198.7400
199.1600
199.5800
199.9800
200.4000
200.8400
201.2600
201.6800
202.1000
202.5200
202.9200
203.3400
203.7800
204.2400
204.6400
205.0600
205.5000
205.9200
206.3400
206.7400
207.1600
207.5800
208.0000
208.4000
208.8000
209.2000
209.6000
210.0000
210.4200
210.8200
211.2400
211.6600
212.0600
212.4600
212.8600
213.2600
213.6600
214.0800
214.5000
214.9000
215.3200
215.7600
216.1800
216.5800
