# Neural Ground Truth Beats (BeatNet CRNN + DBN)
# Track: Help! - Remastered 2015
# Duration: 139.24s, Estimated BPM: 93.8
# Total Beats: 216, Downbeats: 108
1.0800
1.7200
2.3800
3.0200
3.7200
4.3400
4.9800
5.6000
6.2400
6.8800
7.5400
8.1400
8.7600
9.3800
10.0200
10.6200
11.2400
11.8800
12.5200
13.1400
13.7800
14.4000
15.0000
15.6600
16.2800
16.9400
17.5600
18.2000
18.8000
19.4600
20.1000
20.7200
21.3600
22.0000
22.6200
23.2600
23.8800
24.5000
25.1400
25.7800
26.4000
27.0400
27.6600
28.2800
28.9000
29.5200
30.1200
30.7400
31.3200
31.9400
32.5800
33.2000
33.8600
34.5000
35.1200
35.7600
36.3800
37.0200
37.6600
38.2800
38.9400
39.5400
40.1800
40.8000
41.4200
42.0600
42.7200
43.3200
43.9800
44.6000
45.2600
45.8800
46.5200
47.1600
47.8000
48.4000
49.0200
49.6600
50.2800
50.9000
51.5400
52.1800
52.8000
53.4600
54.1000
54.7200
55.3800
56.0000
56.6400
57.2800
57.9000
58.5600
59.1800
59.8200
60.4400
61.0600
61.7200
62.3600
62.9800
63.6400
64.2400
64.8800
65.4800
66.1400
66.7600
67.4000
68.0200
68.6400
69.2600
69.9000
70.5200
71.1200
71.7000
72.3200
72.9800
73.6000
74.2600
74.8800
75.5200
76.1400
76.8000
77.4400
78.0600
78.6800
79.3200
79.9400
80.5800
81.2000
81.8400
82.4800
83.1200
83.7400
84.3800
85.0000
85.6400
86.2800
86.9200
87.5800
88.2000
88.8000
89.4200
90.0600
90.7200
91.3600
92.0000
92.6200
93.2800
93.9200
94.5400
95.1800
95.8200
96.4400
97.0600
97.7000
98.3000
98.9400
99.5600
100.1800
100.8600
101.5000
102.1600
102.8200
103.4400
104.0800
104.7200
105.3800
106.0000
106.6600
107.3000
107.9400
108.5800
109.2000
109.8600
110.5000
111.1200
111.7400
112.3400
112.9600
113.5800
114.2400
114.8800
115.5000
116.1400
116.7800
117.4000
118.0400
118.6600
119.2800
119.9200
120.5400
121.1800
121.8000
122.4400
123.0800
123.7200
124.3400
124.9800
125.6200
126.2600
126.9000
127.5400
128.1800
128.8000
129.4200
130.0400
130.6800
131.3400
131.9600
132.5800
133.2200
133.8200
134.4400
135.0800
135.6800
136.3200
136.9200
