# Neural Ground Truth Downbeats (BeatNet CRNN + DBN)
# Track: Help! - Remastered 2015
1.0800
2.3800
3.7200
4.9800
6.2400
7.5400
8.7600
10.0200
11.2400
12.5200
13.7800
15.0000
16.2800
17.5600
18.8000
20.1000
21.3600
22.6200
23.8800
25.1400
26.4000
27.6600
28.9000
30.1200
31.3200
32.5800
33.8600
35.1200
36.3800
37.6600
38.9400
40.1800
41.4200
42.7200
43.9800
45.2600
46.5200
47.8000
49.0200
50.2800
51.5400
52.8000
54.1000
55.3800
56.6400
57.9000
59.1800
60.4400
61.7200
62.9800
64.2400
65.4800
66.7600
68.0200
69.2600
70.5200
71.7000
72.9800
74.2600
75.5200
76.8000
78.0600
79.3200
80.5800
81.8400
83.1200
84.3800
85.6400
86.9200
88.2000
89.4200
90.7200
92.0000
93.2800
94.5400
95.8200
97.0600
98.3000
99.5600
100.8600
102.1600
103.4400
104.7200
106.0000
107.3000
108.5800
109.8600
111.1200
112.3400
113.5800
114.8800
116.1400
117.4000
118.6600
119.9200
121.1800
122.4400
123.7200
124.9800
126.2600
127.5400
128.8000
130.0400
131.3400
132.5800
133.8200
135.0800
136.3200
