# Neural Ground Truth Downbeats (BeatNet CRNN + DBN)
# Track: Here Comes The Sun - Remastered
0.4400
2.3400
4.2000
6.0400
7.8800
9.7200
11.5600
13.3800
15.0600
16.7400
18.4600
20.3200
22.1400
23.9400
25.7800
27.6400
29.4600
31.3000
33.1800
35.0400
36.9400
38.8200
40.6400
42.5600
44.4200
46.2800
48.2000
50.0400
51.9200
53.7800
55.6400
57.4800
59.3200
61.1600
63.0600
64.9200
66.7600
68.6800
70.5800
72.4400
74.3200
76.2200
78.1000
80.0000
81.8600
83.7000
85.5800
87.4200
89.2800
91.2200
93.4000
95.2400
97.1400
99.1200
101.1200
102.9600
104.8000
106.6000
108.3600
110.1800
112.0400
113.7800
115.6200
117.4400
119.2600
121.0200
122.8400
124.6800
126.5200
128.3200
130.1200
131.9600
133.8000
135.7000
137.5600
139.4000
141.2800
143.1800
145.0400
146.8800
148.8000
150.6600
152.5600
154.4200
156.2800
158.1400
159.9600
161.8600
163.7000
165.5600
167.4000
169.3000
171.1800
173.0000
174.8800
176.7600
178.6000
180.5200
182.4200
184.3400
