# Neural Ground Truth Beats (BeatNet CRNN + DBN)
# Track: Here Comes The Sun - Remastered
# Duration: 185.75s, Estimated BPM: 130.4
# Total Beats: 397, Downbeats: 100
0.4400
0.9400
1.4200
1.8800
2.3400
2.8200
3.2600
3.7200
4.2000
4.6600
5.1200
5.5800
6.0400
6.5000
6.9600
7.4200
7.8800
8.3400
8.8000
9.2600
9.7200
10.1800
10.6400
11.1000
11.5600
12.0200
12.4600
12.9200
13.3800
13.7800
14.2200
14.6400
15.0600
15.4800
15.8800
16.3000
16.7400
17.1600
17.5600
18.0200
18.4600
18.9400
19.4000
19.8600
20.3200
20.7800
21.2200
21.6800
22.1400
22.6200
23.0600
23.4800
23.9400
24.4200
24.8800
25.3400
25.7800
26.2400
26.7000
27.1600
27.6400
28.1000
28.5400
29.0200
29.4600
29.9200
30.3800
30.8600
31.3000
31.7800
32.2600
32.7400
33.1800
33.6400
34.1000
34.5800
35.0400
35.5200
35.9800
36.4800
36.9400
37.4200
37.8800
38.3400
38.8200
39.2800
39.7400
40.2000
40.6400
41.1400
41.6000
42.0800
42.5600
43.0200
43.4800
43.9400
44.4200
44.8800
45.3400
45.8000
46.2800
46.7600
47.2200
47.7000
48.2000
48.6600
49.1000
49.5800
50.0400
50.5000
50.9600
51.4200
51.9200
52.3800
52.8600
53.3400
53.7800
54.2400
54.7200
55.1600
55.6400
56.0800
56.5400
57.0200
57.4800
57.9200
58.4000
58.8600
59.3200
59.7600
60.2200
60.6800
61.1600
61.6400
62.1200
62.6000
63.0600
63.5400
64.0000
64.4800
64.9200
65.3800
65.8600
66.3200
66.7600
67.2400
67.7200
68.2000
68.6800
69.1600
69.6400
70.1200
70.5800
71.0600
71.5400
72.0000
72.4400
72.9000
73.3600
73.8400
74.3200
74.7800
75.2600
75.7400
76.2200
76.7000
77.1600
77.6400
78.1000
78.5400
79.0400
79.5000
80.0000
80.4600
80.9200
81.4000
81.8600
82.3200
82.7800
83.2400
83.7000
84.1800
84.6400
85.1200
85.5800
86.0400
86.5200
86.9600
87.4200
87.9000
88.3400
88.8200
89.2800
89.7600
90.2400
90.7000
91.2200
91.7600
92.3000
92.8600
93.4000
93.8400
94.3200
94.7800
95.2400
95.6800
96.1600
96.6200
97.1400
97.6200
98.1400
98.6400
99.1200
99.6400
100.1400
100.6400
101.1200
101.5600
102.0400
102.5000
102.9600
103.4200
103.8600
104.3200
104.8000
105.2400
105.7000
106.1400
106.6000
107.0400
107.4800
107.9200
108.3600
108.8200
109.2800
109.7200
110.1800
110.6400
111.1000
111.5600
112.0400
112.4600
112.9200
113.3600
113.7800
114.2200
114.6800
115.1600
115.6200
116.0600
116.5400
116.9800
117.4400
117.9000
118.3600
118.8200
119.2600
119.6800
120.1200
120.5600
121.0200
121.4600
121.9200
122.3800
122.8400
123.2800
123.7600
124.2000
124.6800
125.1200
125.6000
126.0400
126.5200
126.9800
127.4200
127.8600
128.3200
128.7600
129.2000
129.6600
130.1200
130.5800
131.0200
131.4800
131.9600
132.4000
132.8600
133.3400
133.8000
134.2600
134.7400
135.2000
135.7000
136.1600
136.6400
137.1200
137.5600
138.0200
138.4800
138.9600
139.4000
139.8600
140.3400
140.8000
141.2800
141.7600
142.2200
142.7000
143.1800
143.6400
144.1000
144.5800
145.0400
145.4800
145.9400
146.4200
146.8800
147.3600
147.8400
148.3200
148.8000
149.2600
149.7200
150.2000
150.6600
151.1400
151.6200
152.0800
152.5600
153.0200
153.4800
153.9400
154.4200
154.8800
155.3600
155.8400
156.2800
156.7600
157.2200
157.6800
158.1400
158.6000
159.0400
159.5200
159.9600
160.4400
160.9000
161.3600
161.8600
162.3000
162.7600
163.2200
163.7000
164.1600
164.6200
165.1000
165.5600
166.0400
166.4800
166.9400
167.4000
167.8800
168.3600
168.8400
169.3000
169.7800
170.2400
170.7200
171.1800
171.6200
172.0800
172.5400
173.0000
173.4600
173.9400
174.4000
174.8800
175.3600
175.8200
176.3000
176.7600
177.2000
177.6600
178.1400
178.6000
179.0600
179.5600
180.0400
180.5200
181.0000
181.4800
181.9400
182.4200
182.9000
183.3800
183.8600
184.3400
