# Neural Ground Truth Beats (BeatNet CRNN + DBN)
# Track: Heroes - 2017 Remaster
# Duration: 371.41s, Estimated BPM: 111.1
# Total Beats: 688, Downbeats: 172
0.0200
0.5800
1.1200
1.6600
2.1800
2.7400
3.2600
3.8000
4.3200
4.8600
5.4000
5.9200
6.4600
6.9800
7.5200
8.0600
8.6000
9.1000
9.6400
10.1800
10.7200
11.2600
11.7800
12.3400
12.8800
13.4000
13.9400
14.4800
15.0200
15.5400
16.0600
16.6000
17.1400
17.6800
18.2000
18.7400
19.2800
19.8200
20.3400
20.8600
21.3800
21.9200
22.4400
22.9800
23.5000
24.0400
24.5600
25.1000
25.6600
26.1600
26.7000
27.2400
27.7600
28.3000
28.8400
29.3800
29.9000
30.4400
30.9800
31.5200
32.0400
32.6000
33.1200
33.6400
34.1600
34.7200
35.2600
35.8000
36.3400
36.8800
37.4000
37.9400
38.4600
39.0000
39.5200
40.0600
40.6000
41.1400
41.6600
42.2000
42.7400
43.2800
43.8200
44.3600
44.9000
45.4200
45.9600
46.4800
47.0200
47.5600
48.1000
48.6200
49.1600
49.7000
50.2200
50.7600
51.2800
51.8200
52.3600
52.9000
53.4200
53.9600
54.5000
55.0400
55.5600
56.1200
56.6400
57.1800
57.7200
58.2400
58.7800
59.3000
59.8200
60.3600
60.9000
61.4200
61.9600
62.5000
63.0000
63.5600
64.1000
64.6400
65.1800
65.7200
66.2400
66.7800
67.3200
67.8400
68.3800
68.9200
69.4400
69.9800
70.5200
71.0600
71.5800
72.1200
72.6600
73.2000
73.7200
74.2600
74.7800
75.3000
75.8400
76.3600
76.9200
77.4200
77.9600
78.5000
79.0400
79.5800
80.1000
80.6600
81.1800
81.7200
82.2400
82.7800
83.3200
83.8600
84.3800
84.9000
85.4400
85.9800
86.5000
87.0400
87.5800
88.1200
88.6400
89.1800
89.7200
90.2600
90.7800
91.3200
91.8600
92.4000
92.9200
93.4400
93.9600
94.5000
95.0400
95.5800
96.1200
96.6600
97.2000
97.7400
98.2600
98.8000
99.3400
99.8800
100.4200
100.9400
101.4800
102.0200
102.5400
103.1000
103.6400
104.1800
104.7200
105.2400
105.7800
106.3200
106.8600
107.3800
107.9200
108.4600
109.0000
109.5200
110.0400
110.5600
111.1000
111.6600
112.2000
112.7400
113.2600
113.8000
114.3400
114.8800
115.4000
115.9600
116.5000
117.0400
117.5800
118.1200
118.6400
119.2000
119.7200
120.2600
120.8000
121.3400
121.8800
122.4200
122.9600
123.5000
124.0400
124.5800
125.1000
125.6600
126.2000
126.7400
127.2800
127.8200
128.3400
128.8800
129.4200
129.9600
130.5000
131.0400
131.5800
132.1400
132.6600
133.2000
133.7400
134.2800
134.8200
135.3400
135.8800
136.4400
136.9600
137.5000
138.0400
138.6000
139.1200
139.6800
140.2000
140.7400
141.2800
141.8200
142.3600
142.9000
143.4400
143.9800
144.5200
145.0400
145.5800
146.1000
146.6400
147.2000
147.7200
148.2800
148.8000
149.3400
149.8800
150.4200
150.9600
151.5000
152.0400
152.5800
153.1000
153.6200
154.1400
154.7000
155.2400
155.7800
156.3200
156.8400
157.3800
157.9200
158.4600
159.0000
159.5600
160.0800
160.6200
161.1600
161.6800
162.2200
162.7600
163.3000
163.8200
164.3800
164.9000
165.4400
165.9800
166.5200
167.0400
167.5800
168.1200
168.6600
169.1800
169.7200
170.2400
170.7800
171.3000
171.8200
172.3800
172.9200
173.4600
174.0000
174.5400
175.0800
175.6200
176.1600
176.7000
177.2400
177.7800
178.3200
178.8600
179.4000
179.9400
180.4600
181.0200
181.5600
182.1000
182.6400
183.1800
183.7200
184.2400
184.7800
185.3200
185.8600
186.4000
186.9400
187.4400
187.9800
188.5000
189.0200
189.5600
190.1000
190.6200
191.1800
191.7000
192.2400
192.7800
193.3200
193.8400
194.3800
194.9200
195.4400
195.9600
196.5000
197.0200
197.5600
198.0800
198.6200
199.1600
199.7200
200.2400
200.7600
201.3200
201.8400
202.3800
202.9200
203.4400
203.9600
204.5000
205.0400
205.5800
206.1000
206.6400
207.1800
207.7200
208.2600
208.7800
209.3200
209.8800
210.4000
210.9400
211.4800
212.0200
212.5600
213.0800
213.6000
214.1200
214.6600
215.2000
215.7400
216.2800
216.8200
217.3600
217.9000
218.4200
218.9600
219.5000
220.0400
220.5800
221.1200
221.6600
222.1800
222.7200
223.2600
223.8000
224.3400
224.8600
225.4000
225.9600
226.4800
227.0200
227.5600
228.1000
228.6400
229.1800
229.7200
230.2400
230.7800
231.3200
231.8600
232.4000
232.9600
233.5000
234.0400
234.5600
235.1000
235.6400
236.1800
236.7200
237.2600
237.8000
238.3200
238.8400
239.3800
239.9000
240.4400
241.0000
241.5400
242.0600
242.6000
243.1200
243.6600
244.2000
244.7400
245.2600
245.8000
246.3400
246.8800
247.4000
247.9400
248.5000
249.0200
249.5600
250.1000
250.6200
251.1600
251.7000
252.2400
252.7600
253.3000
253.8400
254.3800
254.9200
255.4600
256.0000
256.5200
257.0600
257.5800
258.1200
258.6600
259.1800
259.7200
260.2600
260.7800
261.3200
261.8600
262.3800
262.9400
263.4800
264.0000
264.5600
265.0800
265.6200
266.1400
266.6800
267.2200
267.7400
268.2800
268.8000
269.3400
269.8600
270.4000
270.9200
271.4600
272.0200
272.5600
273.0800
273.6200
274.1400
274.6800
275.2200
275.7600
276.3000
276.8400
277.3600
277.9200
278.4400
278.9800
279.5200
280.0600
280.6000
281.1400
281.6600
282.2000
282.7200
283.2600
283.8200
284.3600
284.9000
285.4200
285.9600
286.5000
287.0200
287.5600
288.1000
288.6200
289.1600
289.7000
290.2200
290.7600
291.2600
291.8000
292.3400
292.8800
293.4200
293.9600
294.5000
295.0400
295.5800
296.1200
296.6600
297.2000
297.7200
298.2600
298.7800
299.3000
299.8000
300.3600
300.8800
301.4200
301.9600
302.4800
303.0000
303.5400
304.0600
304.5600
305.1000
305.6400
306.1800
306.7000
307.2200
307.7400
308.2800
308.8200
309.3400
309.8800
310.4200
310.9400
311.4600
311.9800
312.5200
313.0600
313.5800
314.1200
314.6600
315.1800
315.7200
316.2400
316.7800
317.3200
317.8400
318.3800
318.9000
319.4200
319.9600
320.4800
321.0200
321.5600
322.0800
322.6200
323.1400
323.6800
324.2000
324.7400
325.2800
325.8200
326.3400
326.8800
327.4000
327.9400
328.4600
329.0000
329.5400
330.0600
330.6000
331.1200
331.6600
332.1800
332.7000
333.2200
333.7600
334.3000
334.8400
335.3800
335.9000
336.4600
336.9800
337.5200
338.0600
338.5800
339.1200
339.6600
340.2000
340.7400
341.2600
341.8000
342.3200
342.8400
343.3800
343.9000
344.4400
344.9800
345.5000
346.0400
346.5600
347.1000
347.6400
348.1600
348.7000
349.2400
349.7600
350.2800
350.7800
351.3200
351.8600
352.4200
352.9400
353.5000
354.0200
354.5600
355.0800
355.6200
356.1400
356.6800
357.2200
357.7600
358.2600
358.8000
359.3000
359.8400
360.3800
360.9200
361.4400
361.9800
362.5200
363.0600
363.6000
364.1400
364.6800
365.2000
365.7400
366.2600
366.7800
367.2800
