# Neural Ground Truth Downbeats (BeatNet CRNN + DBN)
# Track: Heroes - 2017 Remaster
0.0200
2.1800
4.3200
6.4600
8.6000
10.7200
12.8800
15.0200
17.1400
19.2800
21.3800
23.5000
25.6600
27.7600
29.9000
32.0400
34.1600
36.3400
38.4600
40.6000
42.7400
44.9000
47.0200
49.1600
51.2800
53.4200
55.5600
57.7200
59.8200
61.9600
64.1000
66.2400
68.3800
70.5200
72.6600
74.7800
76.9200
79.0400
81.1800
83.3200
85.4400
87.5800
89.7200
91.8600
93.9600
96.1200
98.2600
100.4200
102.5400
104.7200
106.8600
109.0000
111.1000
113.2600
115.4000
117.5800
119.7200
121.8800
124.0400
126.2000
128.3400
130.5000
132.6600
134.8200
136.9600
139.1200
141.2800
143.4400
145.5800
147.7200
149.8800
152.0400
154.1400
156.3200
158.4600
160.6200
162.7600
164.9000
167.0400
169.1800
171.3000
173.4600
175.6200
177.7800
179.9400
182.1000
184.2400
186.4000
188.5000
190.6200
192.7800
194.9200
197.0200
199.1600
201.3200
203.4400
205.5800
207.7200
209.8800
212.0200
214.1200
216.2800
218.4200
220.5800
222.7200
224.8600
227.0200
229.1800
231.3200
233.5000
235.6400
237.8000
239.9000
242.0600
244.2000
246.3400
248.5000
250.6200
252.7600
254.9200
257.0600
259.1800
261.3200
263.4800
265.6200
267.7400
269.8600
272.0200
274.1400
276.3000
278.4400
280.6000
282.7200
284.9000
287.0200
289.1600
291.2600
293.4200
295.5800
297.7200
299.8000
301.9600
304.0600
306.1800
308.2800
310.4200
312.5200
314.6600
316.7800
318.9000
321.0200
323.1400
325.2800
327.4000
329.5400
331.6600
333.7600
335.9000
338.0600
340.2000
342.3200
344.4400
346.5600
348.7000
350.7800
352.9400
355.0800
357.2200
359.3000
361.4400
363.6000
365.7400
