# Neural Ground Truth Downbeats (BeatNet CRNN + DBN)
# Track: Hooked On A Feeling
1.2400
3.3000
5.4000
7.4800
9.5800
11.6600
13.7400
15.8400
17.9200
20.0400
22.1200
24.2200
26.3200
28.4200
30.5000
32.5800
34.3600
35.9200
38.0000
40.0400
42.0000
43.9800
45.9400
47.9200
49.8600
51.9400
53.9400
55.5800
56.9200
58.9000
60.9000
62.9200
64.9200
66.9000
68.9200
70.9200
72.9200
74.8800
76.9200
78.9400
80.9200
82.9200
84.9200
86.9000
88.8800
90.8400
92.8600
94.9000
96.9200
98.9600
100.9800
103.0000
105.0000
107.0000
109.1000
112.1000
114.1000
116.1000
118.1600
120.3400
122.4400
124.5400
126.5800
128.6400
130.7400
132.8000
134.8400
136.8600
138.8600
140.8600
142.8800
144.8600
146.8400
148.8600
150.8600
152.8800
154.8800
156.8600
158.8600
160.8800
162.8800
164.8600
166.8800
168.8800
170.8800
