# Neural Ground Truth Beats (BeatNet CRNN + DBN)
# Track: Hooked On A Feeling
# Duration: 172.89s, Estimated BPM: 120.0
# Total Beats: 340, Downbeats: 85
0.7000
1.2400
1.7400
2.2800
2.8000
3.3000
3.8400
4.3800
4.9000
5.4000
5.9200
6.4400
6.9600
7.4800
8.0000
8.5400
9.0400
9.5800
10.1000
10.6000
11.1200
11.6600
12.1800
12.7000
13.2200
13.7400
14.2600
14.8000
15.3200
15.8400
16.3800
16.9000
17.4200
17.9200
18.4800
19.0000
19.5400
20.0400
20.5600
21.1000
21.6000
22.1200
22.6400
23.1600
23.7000
24.2200
24.7400
25.2600
25.8000
26.3200
26.8400
27.3600
27.8800
28.4200
28.9400
29.4600
29.9800
30.5000
31.0400
31.5600
32.0800
32.5800
33.1200
33.6200
34.0000
34.3600
34.7600
35.1200
35.5200
35.9200
36.4200
36.9400
37.4600
38.0000
38.5200
39.0400
39.5400
40.0400
40.5200
41.0200
41.5200
42.0000
42.5000
42.9800
43.4800
43.9800
44.4600
44.9600
45.4400
45.9400
46.4400
46.9200
47.4200
47.9200
48.4000
48.8800
49.3600
49.8600
50.3600
50.8800
51.4200
51.9400
52.4400
52.9200
53.4200
53.9400
54.4200
54.9200
55.2600
55.5800
55.9000
56.2200
56.5600
56.9200
57.4000
57.8800
58.3800
58.9000
59.4000
59.9000
60.4000
60.9000
61.4000
61.9200
62.4000
62.9200
63.4200
63.9200
64.4000
64.9200
65.4200
65.9200
66.4200
66.9000
67.4000
67.9200
68.4200
68.9200
69.4200
69.9000
70.4200
70.9200
71.4000
71.9200
72.4000
72.9200
73.4000
73.9000
74.4000
74.8800
75.4000
75.9000
76.4200
76.9200
77.4400
77.9400
78.4400
78.9400
79.4400
79.9400
80.4400
80.9200
81.4200
81.9200
82.4200
82.9200
83.4200
83.9400
84.4400
84.9200
85.4200
85.9000
86.3800
86.9000
87.4000
87.8800
88.3800
88.8800
89.3800
89.8600
90.3600
90.8400
91.3600
91.8400
92.3400
92.8600
93.3600
93.8600
94.3800
94.9000
95.4000
95.9200
96.4400
96.9200
97.4400
97.9200
98.4200
98.9600
99.4600
99.9800
100.4800
100.9800
101.4800
102.0000
102.4800
103.0000
103.5000
104.0000
104.5000
105.0000
105.5000
105.9800
106.4800
107.0000
107.5200
108.0400
108.5800
109.1000
109.8400
110.6000
111.3400
112.1000
112.6000
113.1000
113.6000
114.1000
114.6000
115.1000
115.6200
116.1000
116.6200
117.1000
117.6200
118.1600
118.7200
119.2400
119.8000
120.3400
120.8800
121.4000
121.9200
122.4400
122.9800
123.5000
124.0200
124.5400
125.0400
125.5600
126.0600
126.5800
127.0800
127.6000
128.1200
128.6400
129.1800
129.6800
130.2000
130.7400
131.2600
131.7600
132.2800
132.8000
133.3200
133.8400
134.3400
134.8400
135.3200
135.8200
136.3200
136.8600
137.3400
137.8400
138.3400
138.8600
139.3400
139.8600
140.3600
140.8600
141.3600
141.8600
142.3600
142.8800
143.3600
143.8600
144.3400
144.8600
145.3400
145.8600
146.3600
146.8400
147.3600
147.8600
148.3400
148.8600
149.3600
149.8600
150.3600
150.8600
151.3600
151.8800
152.3800
152.8800
153.3600
153.8600
154.3800
154.8800
155.3800
155.8600
156.3600
156.8600
157.3600
157.8600
158.3600
158.8600
159.3800
159.8600
160.3600
160.8800
161.3800
161.8800
162.3800
162.8800
163.3800
163.8800
164.3600
164.8600
165.3800
165.8800
166.3800
166.8800
167.3800
167.8800
168.3800
168.8800
169.3800
169.8800
170.3800
170.8800
171.3600
171.8800
