# Neural Ground Truth Downbeats (BeatNet CRNN + DBN)
# Track: Hotel California - 2013 Remaster
0.3200
3.6000
6.8400
10.1200
13.3400
16.6200
19.8400
23.1200
26.3800
29.6400
32.9000
36.1600
39.4600
42.6800
45.9400
49.2000
52.5000
55.7400
59.0000
62.2600
65.5000
68.7800
72.0200
75.3000
78.5600
81.8200
85.0600
88.3200
91.6000
94.8600
98.1200
101.3800
104.6400
107.9200
111.2000
114.4400
117.6600
120.9600
124.2200
127.4800
130.7200
134.0000
137.2600
140.5400
143.8000
147.0400
150.3000
153.5800
156.8200
160.1000
163.3600
166.6000
169.8800
173.1400
176.3800
179.6600
182.9000
186.1800
189.4600
192.7000
195.9400
199.2200
202.5000
205.7400
209.0000
212.2200
215.5000
218.7800
222.0400
225.2800
228.5600
231.8200
235.0600
238.3200
241.5400
244.8200
248.0800
251.3400
254.6000
257.8600
261.1600
264.4000
267.6200
270.9000
274.1600
277.4200
280.6400
283.9200
287.1400
290.4400
293.7000
296.9400
300.2000
303.4400
306.7200
310.0000
313.2200
316.5200
319.7400
323.0200
326.2800
329.5600
332.8200
336.0800
339.2800
342.6000
345.8800
349.1600
352.3800
355.6400
358.9000
362.1400
365.3400
368.6800
371.9200
375.1800
378.4600
381.7200
384.9800
388.2400
