# Neural Ground Truth Beats (BeatNet CRNN + DBN)
# Track: Hotel California - 2013 Remaster
# Duration: 391.38s, Estimated BPM: 73.2
# Total Beats: 480, Downbeats: 120
0.3200
1.1200
1.9400
2.7600
3.6000
4.4000
5.2000
6.0000
6.8400
7.6800
8.4800
9.2800
10.1200
10.9000
11.7200
12.5200
13.3400
14.1800
15.0000
15.8000
16.6200
17.4200
18.2400
19.0400
19.8400
20.6800
21.4800
22.3000
23.1200
23.9400
24.7200
25.5800
26.3800
27.2200
28.0000
28.8200
29.6400
30.4200
31.2600
32.0800
32.9000
33.7400
34.5600
35.3400
36.1600
36.9800
37.8200
38.6200
39.4600
40.2400
41.0400
41.8600
42.6800
43.5000
44.3600
45.1400
45.9400
46.7400
47.5400
48.3800
49.2000
50.0200
50.8400
51.6400
52.5000
53.3000
54.0800
54.9200
55.7400
56.5400
57.3400
58.1800
59.0000
59.8000
60.6200
61.4200
62.2600
63.0400
63.8400
64.6800
65.5000
66.3000
67.1400
67.9200
68.7800
69.5600
70.4000
71.2000
72.0200
72.8400
73.6600
74.4800
75.3000
76.1000
76.9000
77.7400
78.5600
79.3600
80.1800
80.9800
81.8200
82.6000
83.4000
84.2400
85.0600
85.8400
86.6800
87.5000
88.3200
89.1200
89.9400
90.7800
91.6000
92.4000
93.2000
94.0400
94.8600
95.6600
96.4800
97.3000
98.1200
98.9400
99.7400
100.5600
101.3800
102.1600
102.9800
103.8400
104.6400
105.4800
106.2800
107.1000
107.9200
108.7200
109.5400
110.3600
111.2000
112.0000
112.8200
113.6400
114.4400
115.2600
116.0800
116.8800
117.6600
118.4800
119.3200
120.1200
120.9600
121.7600
122.5800
123.4200
124.2200
125.0400
125.8400
126.6800
127.4800
128.2800
129.1000
129.9000
130.7200
131.5400
132.3600
133.1800
134.0000
134.8000
135.6200
136.4400
137.2600
138.0600
138.9000
139.7200
140.5400
141.3200
142.1600
142.9800
143.8000
144.6000
145.4200
146.2200
147.0400
147.8400
148.6600
149.5000
150.3000
151.1000
151.9000
152.7400
153.5800
154.3600
155.1800
156.0000
156.8200
157.6400
158.4400
159.2800
160.1000
160.8800
161.7000
162.5200
163.3600
164.1400
164.9800
165.7800
166.6000
167.3800
168.2200
169.0400
169.8800
170.6800
171.4800
172.3000
173.1400
173.9200
174.7200
175.5400
176.3800
177.1800
178.0000
178.8200
179.6600
180.4600
181.2600
182.1000
182.9000
183.7200
184.5400
185.3600
186.1800
187.0000
187.8000
188.6200
189.4600
190.2600
191.0800
191.8800
192.7000
193.5000
194.3200
195.1200
195.9400
196.7600
197.5800
198.4000
199.2200
200.0400
200.8400
201.6800
202.5000
203.3000
204.1000
204.9200
205.7400
206.5800
207.3600
208.1800
209.0000
209.8000
210.6200
211.4400
212.2200
213.0200
213.8600
214.6400
215.5000
216.2800
217.1400
217.9200
218.7800
219.5800
220.3800
221.2000
222.0400
222.8400
223.6200
224.4400
225.2800
226.1000
226.9000
227.7400
228.5600
229.3400
230.1600
231.0000
231.8200
232.6400
233.4400
234.2600
235.0600
235.8800
236.6800
237.5000
238.3200
239.1000
239.9200
240.7200
241.5400
242.3400
243.1600
244.0000
244.8200
245.6200
246.4400
247.2400
248.0800
248.8800
249.7000
250.5200
251.3400
252.1400
252.9600
253.7800
254.6000
255.3800
256.2200
257.0400
257.8600
258.6600
259.4800
260.3200
261.1600
261.9600
262.7600
263.5800
264.4000
265.2000
265.9800
266.8000
267.6200
268.4200
269.2600
270.0800
270.9000
271.6800
272.5000
273.3000
274.1600
274.9600
275.7800
276.5800
277.4200
278.2000
279.0200
279.8400
280.6400
281.4800
282.2800
283.1000
283.9200
284.7200
285.5400
286.3400
287.1400
287.9800
288.8000
289.6200
290.4400
291.2200
292.0400
292.8600
293.7000
294.5000
295.3000
296.1200
296.9400
297.7400
298.5400
299.3600
300.2000
301.0200
301.8000
302.6400
303.4400
304.2400
305.0600
305.8800
306.7200
307.5200
308.3400
309.1600
310.0000
310.7800
311.5800
312.4000
313.2200
314.0600
314.8800
315.6600
316.5200
317.3000
318.1400
318.9400
319.7400
320.5600
321.3800
322.2000
323.0200
323.8400
324.6600
325.4600
326.2800
327.1000
327.9200
328.7200
329.5600
330.3600
331.1800
331.9800
332.8200
333.6400
334.4400
335.2600
336.0800
336.8800
337.6600
338.4800
339.2800
340.1200
340.9400
341.7600
342.6000
343.4000
344.2400
345.0400
345.8800
346.6800
347.5000
348.3000
349.1600
349.9400
350.7600
351.5400
352.3800
353.2000
354.0000
354.8000
355.6400
356.4600
357.2600
358.0800
358.9000
359.7000
360.5200
361.3200
362.1400
362.9600
363.7400
364.5400
365.3400
366.1800
367.0200
367.8400
368.6800
369.4600
370.2600
371.0800
371.9200
372.7200
373.5200
374.3400
375.1800
375.9800
376.7800
377.6200
378.4600
379.2600
380.0800
380.9000
381.7200
382.5200
383.3400
384.1600
384.9800
385.7800
386.6000
387.4200
388.2400
389.1000
389.9200
390.7400
