# Neural Ground Truth Downbeats (BeatNet CRNN + DBN)
# Track: I've got that tune
0.7000
2.0400
3.4000
4.7600
6.0800
7.4400
8.7800
10.1400
11.4400
12.7200
14.0800
15.4200
16.7600
18.1000
19.4400
20.8000
22.4200
25.0800
27.7600
30.6200
33.3000
35.9600
38.6400
41.3000
43.9800
46.6400
49.3000
51.9600
54.6400
57.3000
59.9600
62.6400
65.3000
67.9600
70.6400
73.3000
75.9800
78.6400
81.3000
83.9800
86.6400
89.3000
91.9600
94.6400
97.3000
99.9600
102.6400
105.3000
107.9800
110.6400
113.2800
115.9600
118.6400
121.3000
123.9600
126.6400
129.3000
131.9600
134.6400
137.3000
139.9600
142.6400
145.3000
147.9600
150.6400
153.3000
155.9600
158.6400
161.3000
163.9600
166.6400
169.3000
171.9800
174.6400
177.3000
179.9800
182.6400
185.3000
187.9600
190.6400
193.3000
195.9600
198.6400
201.2800
203.9600
206.6400
209.3000
211.9600
214.6400
217.3000
219.9600
222.6400
225.3000
227.9600
230.6400
233.3000
235.9800
238.6400
241.3200
243.6600
245.0000
246.3400
247.6200
248.9600
250.3200
251.6400
252.9800
254.3200
255.6800
257.0000
258.2800
259.6200
260.9800
262.3200
263.6600
264.9800
266.3000
267.5800
