# Neural Ground Truth Beats (BeatNet CRNN + DBN)
# Track: I've got that tune
# Duration: 269.99s, Estimated BPM: 90.9
# Total Beats: 474, Downbeats: 118
0.0200
0.3400
0.7000
1.0200
1.3600
1.7200
2.0400
2.3800
2.7200
3.0600
3.4000
3.7600
4.0800
4.4200
4.7600
5.0800
5.4000
5.7400
6.0800
6.4200
6.7600
7.1000
7.4400
7.7600
8.1000
8.4400
8.7800
9.1200
9.4600
9.8000
10.1400
10.4800
10.8000
11.1200
11.4400
11.7600
12.0800
12.4000
12.7200
13.0600
13.4000
13.7400
14.0800
14.4200
14.7600
15.1000
15.4200
15.7600
16.1000
16.4400
16.7600
17.1000
17.4200
17.7600
18.1000
18.4400
18.7800
19.1200
19.4400
19.7800
20.1200
20.4600
20.8000
21.1400
21.4800
21.9000
22.4200
23.0800
23.7200
24.4200
25.0800
25.7600
26.4200
27.1000
27.7600
28.4200
29.1000
29.8200
30.6200
31.3000
31.9600
32.6400
33.3000
33.9600
34.6000
35.3000
35.9600
36.6400
37.2800
37.9600
38.6400
39.3000
39.9600
40.6400
41.3000
41.9600
42.6200
43.3000
43.9800
44.6400
45.2800
45.9600
46.6400
47.3000
47.9400
48.6400
49.3000
49.9600
50.6400
51.3000
51.9600
52.6200
53.3000
53.9800
54.6400
55.3000
55.9600
56.6400
57.3000
57.9600
58.6000
59.3000
59.9600
60.6200
61.3000
61.9600
62.6400
63.3000
63.9600
64.6400
65.3000
65.9600
66.6000
67.3000
67.9600
68.6400
69.3000
69.9600
70.6400
71.3000
71.9600
72.6400
73.3000
73.9600
74.6200
75.3200
75.9800
76.6400
77.2800
77.9600
78.6400
79.3000
79.9600
80.6400
81.3000
81.9600
82.6200
83.3000
83.9800
84.6400
85.2800
85.9800
86.6400
87.3000
87.9400
88.6200
89.3000
89.9600
90.6400
91.3000
91.9600
92.6400
93.3000
93.9600
94.6400
95.3000
95.9800
96.6400
97.3000
97.9600
98.6200
99.3000
99.9600
100.6400
101.3000
101.9600
102.6400
103.3000
103.9600
104.6400
105.3000
105.9600
106.6400
107.3000
107.9800
108.6200
109.3000
109.9600
110.6400
111.3000
111.9800
112.6400
113.2800
113.9800
114.6400
115.3000
115.9600
116.6200
117.3000
117.9600
118.6400
119.3000
119.9600
120.6400
121.3000
121.9600
122.6400
123.3000
123.9600
124.6200
125.3000
125.9600
126.6400
127.3000
127.9600
128.6400
129.3000
129.9600
130.6200
131.3000
131.9600
132.6200
133.3000
133.9600
134.6400
135.3000
135.9600
136.6400
137.3000
137.9600
138.6400
139.3000
139.9600
140.6200
141.3000
141.9600
142.6400
143.3000
143.9600
144.6400
145.3000
145.9600
146.6400
147.3000
147.9600
148.6200
149.3200
149.9800
150.6400
151.2800
151.9400
152.6200
153.3000
153.9600
154.6200
155.3000
155.9600
156.6200
157.3000
157.9600
158.6400
159.3000
159.9600
160.6400
161.3000
161.9600
162.6000
163.3000
163.9600
164.6400
165.3000
165.9600
166.6400
167.3000
167.9600
168.6400
169.3000
169.9600
170.6200
171.3000
171.9800
172.6400
173.3000
173.9600
174.6400
175.3000
175.9800
176.6400
177.3000
177.9600
178.6400
179.3000
179.9800
180.6400
181.3200
181.9800
182.6400
183.3000
183.9600
184.6400
185.3000
185.9600
186.6200
187.3000
187.9600
188.6200
189.2800
189.9600
190.6400
191.3000
191.9600
192.6400
193.3000
193.9600
194.6000
195.3000
195.9600
196.6200
197.3000
197.9600
198.6400
199.3000
199.9600
200.6200
201.2800
201.9400
202.6200
203.2800
203.9600
204.6200
205.2600
205.9600
206.6400
207.3000
207.9400
208.6200
209.3000
209.9600
210.6200
211.3000
211.9600
212.6200
213.2800
213.9600
214.6400
215.2800
215.9400
216.6200
217.3000
217.9600
218.6200
219.3000
219.9600
220.6200
221.3000
221.9600
222.6400
223.3000
223.9600
224.6400
225.3000
225.9600
226.6200
227.3000
227.9600
228.6400
229.3000
229.9600
230.6400
231.3000
231.9600
232.6400
233.3000
233.9600
234.6200
235.3200
235.9800
236.6200
237.2800
237.9800
238.6400
239.3000
239.9800
240.6400
241.3200
242.0200
242.6400
243.2600
243.6600
243.9800
244.3400
244.6800
245.0000
245.3400
245.6800
246.0200
246.3400
246.6600
246.9800
247.3000
247.6200
247.9600
248.2800
248.6400
248.9600
249.3200
249.6600
250.0000
250.3200
250.6600
251.0000
251.3200
251.6400
251.9800
252.3000
252.6400
252.9800
253.3200
253.6600
254.0000
254.3200
254.6600
255.0000
255.3400
255.6800
256.0000
256.3600
256.6800
257.0000
257.3200
257.6400
257.9600
258.2800
258.6200
258.9400
259.3000
259.6200
259.9800
260.3000
260.6400
260.9800
261.3200
261.6600
262.0000
262.3200
262.6400
262.9800
263.3200
263.6600
263.9800
264.3200
264.6600
264.9800
265.3200
265.6600
265.9800
266.3000
266.6200
266.9400
267.2600
267.5800
267.9000
268.2200
268.5400
