# Neural Ground Truth Beats (BeatNet CRNN + DBN)
# Track: Il jouait du piano debout - Remasterisé en 2004
# Duration: 273.64s, Estimated BPM: 107.1
# Total Beats: 482, Downbeats: 121
0.2200
0.8400
1.4600
2.0400
2.6600
3.2600
3.8400
4.4400
5.0400
5.6400
6.2400
6.8400
7.4400
8.0200
8.6200
9.2000
9.8000
10.4000
10.9800
11.5400
12.1200
12.7200
13.2800
13.8600
14.4400
15.0200
15.5800
16.1400
16.7200
17.3000
17.8600
18.4200
19.0000
19.5600
20.1400
20.7000
21.2800
21.8400
22.4200
22.9800
23.5600
24.1200
24.6800
25.2600
25.8200
26.3800
26.9600
27.5200
28.0800
28.6600
29.2200
29.8200
30.3800
30.9600
31.5000
32.0800
32.6400
33.2000
33.7800
34.3600
34.9200
35.4800
36.0600
36.6400
37.2000
37.7800
38.3800
39.0000
39.5800
40.1600
40.7200
41.3000
41.8600
42.4200
43.0000
43.5600
44.1000
44.6600
45.2600
45.8200
46.4000
46.9400
47.5400
48.1200
48.6800
49.2200
49.8000
50.3600
50.9400
51.5200
52.1200
52.7000
53.2600
53.8200
54.2600
54.6800
55.1000
55.5000
56.0800
56.6400
57.2000
57.7600
58.3400
58.9000
59.4600
60.0200
60.5800
61.1600
61.7400
62.2800
62.8400
63.4200
64.0000
64.5600
65.1200
65.7000
66.2600
66.8200
67.3800
67.9400
68.5000
69.0400
69.6600
70.2400
70.8600
71.4400
72.0200
72.6000
73.2000
73.7800
74.3600
74.9600
75.5400
76.1000
76.7000
77.3000
77.8800
78.4400
79.0200
79.6000
80.1800
80.7400
81.3000
81.9000
82.4600
83.0200
83.5800
84.1400
84.7200
85.3000
85.8600
86.4400
87.0000
87.5600
88.1400
88.7000
89.2600
89.8400
90.4000
90.9600
91.5200
92.0800
92.6600
93.2200
93.7800
94.3400
94.9000
95.4400
96.0200
96.5800
97.1400
97.7200
98.3000
98.8400
99.4000
99.9800
100.5400
101.1000
101.6600
102.2200
102.7800
103.3600
103.9000
104.4600
105.0400
105.6000
106.1800
106.7400
107.3000
107.8600
108.4200
109.0000
109.5600
110.1200
110.6800
111.2600
111.8200
112.3600
112.9200
113.5000
114.0600
114.6200
115.1800
115.7600
116.3200
116.8800
117.4800
118.0400
118.6000
119.1600
119.7400
120.3200
120.8800
121.4400
122.0200
122.6000
123.1600
123.7200
124.2800
124.8600
125.4000
125.9600
126.5400
127.1200
127.6800
128.2600
128.8000
129.3600
129.9400
130.5000
131.0600
131.6400
132.2000
132.7600
133.3400
133.9000
134.4600
135.0400
135.6000
136.1600
136.7200
137.2800
137.8600
138.4600
139.0600
139.6400
140.2200
140.8000
141.4000
141.9800
142.5800
143.1600
143.7600
144.3400
144.9200
145.5000
146.0400
146.6200
147.2200
147.7800
148.3400
148.9000
149.4800
150.0400
150.6200
151.1800
151.7400
152.3000
152.8800
153.4200
154.0000
154.5600
155.1200
155.6800
156.2600
156.8200
157.3800
157.9400
158.5200
159.1000
159.6800
160.2600
160.8600
161.4400
162.0200
162.6000
163.1800
163.7600
164.3200
164.9000
165.4800
166.0600
166.6200
167.2000
167.7800
168.3400
168.9200
169.4600
170.0400
170.6000
171.1600
171.7400
172.3000
172.8600
173.4200
174.0000
174.5600
175.1400
175.6800
176.2600
176.8200
177.3800
177.9600
178.5200
179.0800
179.6400
180.2000
180.7600
181.3400
181.9000
182.4600
183.0200
183.6000
184.1800
184.7400
185.3200
185.8800
186.4400
187.0000
187.5800
188.1400
188.7000
189.2600
189.8200
190.4000
190.9600
191.5200
192.0600
192.6400
193.2000
193.7800
194.3400
194.9200
195.4800
196.0400
196.6200
197.2000
197.7600
198.3200
198.9000
199.4600
200.0400
200.6000
201.1600
201.7200
202.3000
202.8600
203.4200
204.0000
204.5600
205.1200
205.6800
206.2400
206.8000
207.3800
207.9400
208.5000
209.0600
209.6200
210.1600
210.7600
211.3200
211.9000
212.4400
213.0200
213.5800
214.1400
214.7000
215.2800
215.8200
216.4000
216.9600
217.5400
218.1000
218.6600
219.2200
219.7800
220.3800
220.9400
221.5000
222.0800
222.6400
223.2000
223.7800
224.3200
224.8800
225.4600
226.0200
226.5800
227.1400
227.7200
228.2800
228.8400
229.4000
229.9600
230.5200
231.0800
231.6400
232.2200
232.7800
233.3400
233.9000
234.4600
235.0200
235.5800
236.1200
236.7000
237.2600
237.8400
238.4000
238.9800
239.5600
240.1200
240.6800
241.2400
241.8000
242.3600
242.9400
243.5000
244.0600
244.6200
245.2000
245.7600
246.3200
246.8800
247.4400
248.0000
248.5400
249.1200
249.7000
250.2600
250.8200
251.3800
251.9600
252.5000
253.0600
253.6200
254.2000
254.7600
255.3200
255.8800
256.4400
257.0000
257.5600
258.1200
258.6800
259.2400
259.8000
260.3600
260.9200
261.5000
262.0600
262.6400
263.2000
263.7800
264.3400
264.9000
265.4600
266.0200
266.5800
267.1200
267.6400
268.1800
268.7200
269.2800
269.8000
270.3400
270.8800
271.4400
271.9800
272.5200
273.0600
