# Neural Ground Truth Downbeats (BeatNet CRNN + DBN)
# Track: Il jouait du piano debout - Remasterisé en 2004
0.8400
3.2600
5.6400
8.0200
10.4000
12.7200
15.0200
17.3000
19.5600
21.8400
24.1200
26.3800
28.6600
30.9600
33.2000
35.4800
37.7800
40.1600
42.4200
44.6600
46.9400
49.2200
51.5200
53.8200
55.5000
57.7600
60.0200
62.2800
64.5600
66.8200
69.0400
71.4400
73.7800
76.1000
78.4400
80.7400
83.0200
85.3000
87.5600
89.8400
92.0800
94.3400
96.5800
98.8400
101.1000
103.3600
105.6000
107.8600
110.1200
112.3600
114.6200
116.8800
119.1600
121.4400
123.7200
125.9600
128.2600
130.5000
132.7600
135.0400
137.2800
139.6400
141.9800
144.3400
146.6200
148.9000
151.1800
153.4200
155.6800
157.9400
160.2600
162.6000
164.9000
167.2000
169.4600
171.7400
174.0000
176.2600
178.5200
180.7600
183.0200
185.3200
187.5800
189.8200
192.0600
194.3400
196.6200
198.9000
201.1600
203.4200
205.6800
207.9400
210.1600
212.4400
214.7000
216.9600
219.2200
221.5000
223.7800
226.0200
228.2800
230.5200
232.7800
235.0200
237.2600
239.5600
241.8000
244.0600
246.3200
248.5400
250.8200
253.0600
255.3200
257.5600
259.8000
262.0600
264.3400
266.5800
268.7200
270.8800
273.0600
