# Neural Ground Truth Downbeats (BeatNet CRNN + DBN)
# Track: J'aime les filles
1.6400
3.7000
5.6800
7.6400
9.5600
11.5600
13.5200
15.4600
17.3800
19.3800
21.3400
23.3400
25.3000
27.3000
29.2400
31.2000
33.1600
35.1600
37.1200
39.0600
41.0400
43.0200
45.0200
46.9600
48.9400
50.9600
52.9400
54.9200
56.8600
58.8600
60.8400
62.7800
64.7200
66.7400
68.7000
70.7200
72.6800
74.6800
76.6400
78.6600
80.5800
82.6200
84.6400
86.6200
88.5800
90.5400
92.5200
94.5000
96.4000
98.4400
100.3800
102.3800
104.3200
106.3400
108.3000
110.2400
112.2000
114.2200
116.2000
118.1800
120.1400
122.1400
124.0800
126.0400
128.0000
130.0400
131.9800
133.9800
135.9400
137.9600
139.9200
141.8800
143.8000
145.8200
147.7600
149.7400
151.7400
153.7400
155.7400
157.7000
159.6800
161.7000
163.7000
165.6800
167.6400
169.5800
171.5800
173.5200
175.3800
177.2000
