# Neural Ground Truth Downbeats (BeatNet CRNN + DBN)
# Track: J'ai dix ans
0.2800
2.9800
5.6600
8.2800
10.8800
13.5200
16.1400
18.7400
21.3600
23.9600
26.5600
29.1600
31.7600
34.3400
36.9400
39.5000
42.0800
44.7000
47.2800
49.8800
52.4800
55.0600
57.6400
60.1800
62.8400
65.4200
68.0000
70.5400
73.1400
75.7400
78.2800
80.8200
83.3800
85.9600
88.5200
91.1200
93.7000
96.2600
98.8200
101.4000
103.9600
106.5400
109.1000
111.6600
114.1800
116.7600
119.3800
121.9400
124.4800
126.9800
129.6000
132.1200
134.6600
137.1800
139.7400
142.3000
144.8400
147.4400
149.9800
152.5200
155.0200
157.5800
160.1400
162.6600
165.2200
167.7400
170.2800
172.7800
175.2800
177.7800
180.3800
