# Neural Ground Truth Beats (BeatNet CRNN + DBN)
# Track: J'ai dix ans
# Duration: 182.87s, Estimated BPM: 93.7
# Total Beats: 283, Downbeats: 71
0.2800
0.9600
1.6400
2.3200
2.9800
3.6400
4.3600
5.0000
5.6600
6.3200
6.9800
7.6200
8.2800
8.9200
9.6000
10.2400
10.8800
11.5400
12.2000
12.8800
13.5200
14.1800
14.8400
15.5000
16.1400
16.7800
17.4400
18.0800
18.7400
19.3800
20.0400
20.7000
21.3600
22.0000
22.6600
23.3200
23.9600
24.6200
25.2800
25.9200
26.5600
27.2000
27.8600
28.5200
29.1600
29.8200
30.4800
31.1200
31.7600
32.4000
33.0400
33.7000
34.3400
35.0000
35.6400
36.2800
36.9400
37.5800
38.2200
38.8600
39.5000
40.1400
40.7800
41.4400
42.0800
42.7200
43.4000
44.0600
44.7000
45.3400
45.9800
46.6400
47.2800
47.9200
48.6000
49.2400
49.8800
50.5400
51.1800
51.8400
52.4800
53.1200
53.7600
54.4000
55.0600
55.7000
56.3400
56.9800
57.6400
58.2600
58.9200
59.5400
60.1800
60.8600
61.5200
62.1800
62.8400
63.5000
64.1400
64.7800
65.4200
66.0600
66.7200
67.3600
68.0000
68.6600
69.2800
69.9000
70.5400
71.1800
71.8200
72.4800
73.1400
73.8000
74.4400
75.1000
75.7400
76.3800
77.0000
77.6400
78.2800
78.9000
79.5400
80.2000
80.8200
81.4600
82.1200
82.7600
83.3800
84.0200
84.6600
85.3000
85.9600
86.5800
87.2400
87.8800
88.5200
89.1800
89.8400
90.4800
91.1200
91.7400
92.4000
93.0400
93.7000
94.3400
94.9600
95.6000
96.2600
96.8800
97.5400
98.1800
98.8200
99.4600
100.1000
100.7600
101.4000
102.0400
102.7000
103.3400
103.9600
104.6200
105.2600
105.9000
106.5400
107.1600
107.8000
108.4600
109.1000
109.7400
110.3800
111.0400
111.6600
112.3000
112.9000
113.5600
114.1800
114.8400
115.4800
116.1200
116.7600
117.4200
118.0600
118.7200
119.3800
120.0200
120.6400
121.2800
121.9400
122.5800
123.2000
123.8400
124.4800
125.1200
125.7600
126.3600
126.9800
127.6400
128.3000
128.9600
129.6000
130.2200
130.8400
131.5000
132.1200
132.7600
133.3800
134.0400
134.6600
135.2600
135.9000
136.5400
137.1800
137.8000
138.4400
139.1000
139.7400
140.3800
141.0200
141.6600
142.3000
142.9400
143.6000
144.2200
144.8400
145.4800
146.1400
146.8000
147.4400
148.0600
148.7200
149.3600
149.9800
150.6200
151.2400
151.8800
152.5200
153.1400
153.7800
154.4000
155.0200
155.6600
156.3200
156.9600
157.5800
158.2400
158.8800
159.5200
160.1400
160.7800
161.4200
162.0400
162.6600
163.3000
163.9400
164.6000
165.2200
165.8800
166.5000
167.1400
167.7400
168.4000
169.0600
169.6800
170.2800
170.9200
171.5400
172.1600
172.7800
173.4200
174.0400
174.6600
175.2800
175.9000
176.5000
177.1200
177.7800
178.4400
179.0600
179.7200
180.3800
181.0400
181.7200
