# Neural Ground Truth Beats (BeatNet CRNN + DBN)
# Track: J'aime les filles
# Duration: 181.55s, Estimated BPM: 120.0
# Total Beats: 362, Downbeats: 90
0.5800
1.1200
1.6400
2.1600
2.6800
3.2000
3.7000
4.2000
4.7000
5.1800
5.6800
6.1800
6.7000
7.1600
7.6400
8.1200
8.6000
9.1000
9.5600
10.0600
10.5800
11.0600
11.5600
12.0800
12.5600
13.0600
13.5200
14.0200
14.4800
14.9600
15.4600
15.9400
16.4000
16.9000
17.3800
17.8800
18.4000
18.8800
19.3800
19.8800
20.3600
20.8600
21.3400
21.8600
22.3400
22.8600
23.3400
23.8600
24.3600
24.8200
25.3000
25.8000
26.3000
26.8200
27.3000
27.8000
28.2600
28.7600
29.2400
29.7400
30.2600
30.7400
31.2000
31.7000
32.1800
32.6800
33.1600
33.6800
34.1800
34.6600
35.1600
35.6800
36.1600
36.6400
37.1200
37.6000
38.1000
38.5800
39.0600
39.5800
40.0800
40.5800
41.0400
41.5400
42.0400
42.5200
43.0200
43.5200
44.0400
44.5200
45.0200
45.5200
46.0000
46.4800
46.9600
47.4600
47.9600
48.4400
48.9400
49.4600
49.9600
50.4600
50.9600
51.4600
51.9400
52.4600
52.9400
53.4200
53.9400
54.4200
54.9200
55.4400
55.9200
56.4000
56.8600
57.3600
57.8600
58.3600
58.8600
59.3400
59.8400
60.3600
60.8400
61.3400
61.8200
62.3000
62.7800
63.2800
63.7400
64.2200
64.7200
65.2200
65.7200
66.2200
66.7400
67.2200
67.7000
68.2200
68.7000
69.2000
69.7000
70.2000
70.7200
71.2200
71.7000
72.2000
72.6800
73.2000
73.7000
74.1800
74.6800
75.1800
75.7000
76.1800
76.6400
77.1600
77.6400
78.1400
78.6600
79.1200
79.6000
80.1000
80.5800
81.0800
81.5800
82.1200
82.6200
83.1200
83.6400
84.1400
84.6400
85.1200
85.6200
86.1200
86.6200
87.1200
87.6200
88.1200
88.5800
89.0800
89.5600
90.0800
90.5400
91.0400
91.5400
92.0200
92.5200
93.0400
93.5200
94.0400
94.5000
94.9600
95.4400
95.9200
96.4000
96.8600
97.4000
97.9200
98.4400
98.9400
99.4200
99.9000
100.3800
100.9000
101.3800
101.8800
102.3800
102.8600
103.3600
103.8200
104.3200
104.8200
105.3400
105.8600
106.3400
106.8400
107.3200
107.8200
108.3000
108.8200
109.3000
109.7600
110.2400
110.7400
111.2000
111.6800
112.2000
112.6800
113.2000
113.7000
114.2200
114.7200
115.2400
115.7400
116.2000
116.6800
117.2000
117.7000
118.1800
118.7000
119.2000
119.6600
120.1400
120.6400
121.1400
121.6600
122.1400
122.6600
123.1400
123.6200
124.0800
124.5600
125.0600
125.5600
126.0400
126.5400
127.0400
127.5400
128.0000
128.5000
129.0200
129.5400
130.0400
130.5400
131.0400
131.5200
131.9800
132.5000
133.0000
133.5000
133.9800
134.4800
134.9800
135.4600
135.9400
136.4400
136.9600
137.4600
137.9600
138.4600
138.9400
139.4400
139.9200
140.4000
140.9200
141.4000
141.8800
142.3600
142.8400
143.3400
143.8000
144.3000
144.8200
145.3000
145.8200
146.3200
146.8200
147.3000
147.7600
148.2800
148.7800
149.2800
149.7400
150.2600
150.7600
151.2600
151.7400
152.2600
152.7400
153.2400
153.7400
154.2600
154.7600
155.2600
155.7400
156.2400
156.7400
157.2200
157.7000
158.1800
158.6800
159.1800
159.6800
160.1800
160.6800
161.2000
161.7000
162.1800
162.6800
163.2000
163.7000
164.1800
164.7000
165.1800
165.6800
166.1600
166.6600
167.1600
167.6400
168.1200
168.6000
169.1000
169.5800
170.1000
170.6000
171.1000
171.5800
172.0800
172.5800
173.0600
173.5200
173.9800
174.4400
174.9200
175.3800
175.8400
176.3000
176.7600
177.2000
177.6800
178.1400
178.5800
