# Neural Ground Truth Downbeats (BeatNet CRNN + DBN)
# Track: Je l'aime à mourir - Remastered
0.2200
1.8800
3.4800
5.0800
6.7000
8.2800
9.8800
11.3000
12.8800
14.4600
16.2200
17.8800
19.4800
21.0800
22.6600
24.2200
25.8200
27.4000
29.0000
30.5800
32.1400
33.7400
35.3000
36.8400
38.4000
40.0000
41.6000
43.1400
44.7400
46.3000
47.8600
49.4400
51.0200
52.6200
54.2200
55.8000
57.3600
58.9400
60.5400
62.1200
63.4000
64.6800
66.2000
67.8000
69.3800
70.9800
72.5400
74.0200
75.3600
76.7200
78.0800
79.6800
81.2800
82.8800
84.4800
86.0400
87.5800
89.1400
90.7200
92.3000
93.8200
95.4200
97.0200
98.6200
100.1800
101.7800
103.3600
104.9600
106.5400
108.1200
109.6400
111.2000
112.7800
114.3400
115.9600
117.5600
119.1600
120.7400
122.3200
123.9200
125.5200
127.1800
128.8400
130.4000
132.0200
133.6000
135.1600
136.7400
138.3600
139.9000
141.4600
143.0600
144.6600
146.2400
147.8800
149.6200
151.3200
152.9200
154.5800
156.3400
158.2000
160.0400
161.8600
