# Neural Ground Truth Beats (BeatNet CRNN + DBN)
# Track: Je l'aime à mourir - Remastered
# Duration: 163.48s, Estimated BPM: 150.0
# Total Beats: 409, Downbeats: 103
0.2200
0.6600
1.0800
1.4800
1.8800
2.3000
2.6800
3.0800
3.4800
3.8800
4.2800
4.6800
5.0800
5.5000
5.9000
6.2800
6.7000
7.1000
7.4800
7.8800
8.2800
8.7000
9.0800
9.4800
9.8800
10.2400
10.6000
10.9400
11.3000
11.6800
12.0600
12.4800
12.8800
13.2800
13.6800
14.0600
14.4600
14.8800
15.3200
15.7800
16.2200
16.6400
17.0800
17.4800
17.8800
18.2600
18.6800
19.0800
19.4800
19.8600
20.2800
20.6600
21.0800
21.4600
21.8600
22.2600
22.6600
23.0600
23.4200
23.8000
24.2200
24.6200
25.0200
25.4200
25.8200
26.2200
26.6200
27.0200
27.4000
27.8000
28.2000
28.6000
29.0000
29.4000
29.8000
30.1800
30.5800
30.9400
31.3600
31.7600
32.1400
32.5400
32.9600
33.3400
33.7400
34.1400
34.5600
34.9200
35.3000
35.7000
36.0600
36.4400
36.8400
37.2200
37.6200
38.0200
38.4000
38.8200
39.2000
39.6000
40.0000
40.4000
40.8000
41.2000
41.6000
42.0000
42.3800
42.7600
43.1400
43.5200
43.9400
44.3200
44.7400
45.1200
45.5200
45.9000
46.3000
46.6800
47.0800
47.4800
47.8600
48.2600
48.6600
49.0400
49.4400
49.8200
50.2200
50.6200
51.0200
51.4200
51.8200
52.2200
52.6200
53.0200
53.4200
53.8200
54.2200
54.6000
55.0200
55.4000
55.8000
56.1800
56.5600
56.9600
57.3600
57.7600
58.1600
58.5600
58.9400
59.3600
59.7400
60.1600
60.5400
60.9400
61.3400
61.7400
62.1200
62.4400
62.7600
63.0800
63.4000
63.7200
64.0400
64.3600
64.6800
65.0400
65.4200
65.8200
66.2000
66.6000
66.9800
67.4000
67.8000
68.2000
68.5800
69.0000
69.3800
69.8000
70.1800
70.5800
70.9800
71.3800
71.7800
72.1400
72.5400
72.9000
73.2800
73.6800
74.0200
74.3600
74.6800
75.0400
75.3600
75.7000
76.0600
76.3800
76.7200
77.0800
77.4000
77.7400
78.0800
78.4800
78.8800
79.2600
79.6800
80.0600
80.4600
80.8600
81.2800
81.6600
82.0800
82.4800
82.8800
83.2600
83.6600
84.0600
84.4800
84.8600
85.2600
85.6600
86.0400
86.4200
86.8000
87.2000
87.5800
87.9600
88.3600
88.7600
89.1400
89.5400
89.9200
90.3200
90.7200
91.1200
91.5000
91.9000
92.3000
92.7000
93.0600
93.4400
93.8200
94.2400
94.6400
95.0400
95.4200
95.8200
96.2200
96.6200
97.0200
97.4400
97.8200
98.2200
98.6200
99.0200
99.3800
99.7800
100.1800
100.5800
100.9600
101.3800
101.7800
102.1800
102.5800
102.9800
103.3600
103.7600
104.1600
104.5600
104.9600
105.3600
105.7600
106.1400
106.5400
106.9200
107.3400
107.7200
108.1200
108.5200
108.9000
109.2800
109.6400
110.0400
110.4200
110.8000
111.2000
111.6200
112.0000
112.3800
112.7800
113.1600
113.5600
113.9400
114.3400
114.7400
115.1600
115.5600
115.9600
116.3400
116.7600
117.1600
117.5600
117.9600
118.3400
118.7600
119.1600
119.5400
119.9400
120.3200
120.7400
121.1400
121.5400
121.9400
122.3200
122.7200
123.1200
123.5200
123.9200
124.3200
124.7200
125.1400
125.5200
125.9400
126.3400
126.7800
127.1800
127.6000
128.0400
128.4400
128.8400
129.2200
129.6200
130.0200
130.4000
130.8000
131.2000
131.6200
132.0200
132.4200
132.8000
133.2000
133.6000
133.9600
134.3400
134.7600
135.1600
135.5400
135.9400
136.3400
136.7400
137.1400
137.5400
137.9600
138.3600
138.7400
139.1200
139.5000
139.9000
140.2600
140.6800
141.0800
141.4600
141.8800
142.2800
142.6800
143.0600
143.4600
143.8800
144.2800
144.6600
145.0400
145.4400
145.8400
146.2400
146.6400
147.0200
147.4200
147.8800
148.3200
148.7600
149.1800
149.6200
150.0800
150.5000
150.9000
151.3200
151.7000
152.1200
152.5200
152.9200
153.3200
153.7200
154.1400
154.5800
155.0200
155.4800
155.9200
156.3400
156.8200
157.2600
157.7200
158.2000
158.6400
159.1000
159.5800
160.0400
160.4800
160.9600
161.4000
161.8600
