# Neural Ground Truth Beats (BeatNet CRNN + DBN)
# Track: L'envie
# Duration: 232.43s, Estimated BPM: 125.0
# Total Beats: 515, Downbeats: 128
0.4600
0.9600
1.4400
1.9200
2.4200
2.9200
3.4200
3.9400
4.4000
4.9000
5.3800
5.9000
6.4000
6.8800
7.3800
7.8800
8.3800
8.8600
9.3400
9.8400
10.3400
10.8400
11.3400
11.8200
12.3200
12.8200
13.3200
13.8000
14.3000
14.8000
15.3000
15.8000
16.2800
16.7800
17.2800
17.7600
18.2400
18.7400
19.2400
19.7400
20.2200
20.7200
21.2200
21.7200
22.2200
22.7200
23.2000
23.6800
24.2000
24.7000
25.1800
25.6800
26.1800
26.6600
27.1400
27.6200
28.1400
28.6400
29.1200
29.6200
30.1200
30.6800
31.2200
31.7200
32.2200
32.7000
33.2000
33.7000
34.2000
34.6400
35.0800
35.5000
35.9400
36.4000
36.8400
37.2800
37.7200
38.1400
38.6200
39.1200
39.6000
40.1000
40.5800
41.0800
41.6000
42.0800
42.5800
43.1000
43.6600
44.2200
44.7800
45.2800
45.7800
46.2800
46.7800
47.2600
47.7800
48.2600
48.7600
49.2600
49.7400
50.1600
50.5600
51.0000
51.4800
51.9600
52.4600
52.9800
53.4600
53.9400
54.4400
54.9400
55.4400
55.9200
56.4400
56.9200
57.4400
58.1800
58.9000
59.6400
60.3800
61.1200
61.8400
62.6200
63.3400
64.0600
64.8400
65.5600
66.0600
66.5600
67.0600
67.5400
68.0400
68.5400
69.0400
69.5200
70.0200
70.5200
71.0200
71.5200
72.0200
72.5000
73.0000
73.4800
73.9800
74.4600
74.9600
75.4600
75.9600
76.4400
76.9400
77.4400
77.9400
78.4400
78.9400
79.4400
79.9200
80.3800
80.9000
81.3800
81.8800
82.3800
82.8600
83.3400
83.7800
84.2000
84.6400
85.0800
85.5600
86.0800
86.5800
87.0800
87.5600
88.0600
88.5600
89.0800
89.5600
90.0600
90.5600
91.0400
91.5200
92.0000
92.5000
93.0000
93.5000
93.9800
94.4800
94.9800
95.4800
95.9800
96.4600
96.9600
97.4800
97.9400
98.4400
98.9200
99.4200
99.9400
100.4200
100.9200
101.4000
101.9000
102.4000
102.9000
103.4000
103.8800
104.3600
104.8600
105.3600
105.8600
106.3400
106.8400
107.3400
107.8400
108.3200
108.8000
109.2800
109.8000
110.3000
110.8000
111.2800
111.7800
112.3000
112.7800
113.2800
113.7800
114.2600
114.7600
115.2600
115.7400
116.2400
116.7600
117.2400
117.6400
118.0600
118.4800
118.9800
119.4600
119.9200
120.4400
120.9400
121.4400
121.9200
122.4200
122.9200
123.4400
123.9200
124.3800
124.9000
125.3800
125.8800
126.3800
126.8800
127.3400
127.8600
128.3600
128.8400
129.3400
129.8400
130.3200
130.8200
131.3000
131.8000
132.3200
132.7800
133.3000
133.8000
134.3000
134.7800
135.2800
135.7800
136.2800
136.7600
137.2600
137.7600
138.2600
138.7400
139.2400
139.7400
140.2200
140.7000
141.2000
141.7000
142.2000
142.6800
143.1800
143.7000
144.2200
144.7600
145.2800
145.7400
146.1400
146.5400
146.9200
147.3200
147.7200
148.1200
148.5200
148.9200
149.3000
149.7000
150.1000
150.4800
150.8600
151.2600
151.6400
152.0200
152.4200
152.8200
153.2000
153.6000
153.9800
154.3800
154.7600
155.1600
155.5400
155.9400
156.3200
156.7200
157.1000
157.4800
157.8600
158.2400
158.6400
159.0400
159.4400
159.8200
160.2200
160.6200
161.0000
161.4000
161.7800
162.1800
162.5800
162.9600
163.3600
163.7800
164.1800
164.5800
164.9800
165.3800
165.7600
166.1600
166.5600
166.9200
167.3000
167.7200
168.1200
168.5200
168.9200
169.3200
169.7000
170.0800
170.4800
170.8600
171.2400
171.6400
172.0200
172.4200
172.8000
173.1800
173.5800
173.9600
174.3400
174.7400
175.1200
175.5000
175.9000
176.2800
176.6600
177.0600
177.4600
177.8400
178.2400
178.6200
179.0000
179.4000
179.7800
180.1600
180.5600
180.9400
181.3400
181.7400
182.1200
182.5000
182.9000
183.2800
183.6600
184.0400
184.4200
184.8200
185.2000
185.6000
185.9800
186.3600
186.7400
187.1400
187.5200
187.9200
188.3000
188.6800
189.0600
189.4400
189.8200
190.2200
190.6000
191.0000
191.3800
191.7600
192.1600
192.5400
192.9200
193.3200
193.7000
194.1000
194.4800
194.8800
195.2600
195.6400
196.0400
196.4200
196.8200
197.2000
197.6000
198.0000
198.3800
198.7600
199.1400
199.5400
199.9200
200.3000
200.7000
201.0800
201.4800
201.8600
202.2600
202.6400
203.0400
203.4200
203.8000
204.2000
204.5800
204.9600
205.3400
205.7200
206.1200
206.5000
206.9000
207.2800
207.6800
208.0600
208.4400
208.8400
209.2200
209.6000
209.9800
210.3600
210.7600
211.1400
211.5200
211.9200
212.3000
212.7000
213.0800
213.4600
213.8400
214.2200
214.6000
215.0000
215.3800
215.7800
216.1600
216.5400
216.9400
217.3200
217.6800
218.0800
218.4600
218.8400
219.2400
219.6200
220.0000
220.4000
220.7800
221.1600
221.5600
221.9400
222.3200
222.7200
223.1000
223.4800
223.8600
224.2600
224.6600
225.0800
225.4800
225.8800
226.2600
226.6600
227.0400
227.4000
227.7800
228.1200
228.4800
228.8400
229.2000
229.5800
229.9400
230.3000
230.6400
231.0000
231.3600
231.7000
232.0400
232.3600
