# Neural Ground Truth Downbeats (BeatNet CRNN + DBN)
# Track: L'envie
1.9200
3.9400
5.9000
7.8800
9.8400
11.8200
13.8000
15.8000
17.7600
19.7400
21.7200
23.6800
25.6800
27.6200
29.6200
31.7200
33.7000
35.5000
37.2800
39.1200
41.0800
43.1000
45.2800
47.2600
49.2600
51.0000
52.9800
54.9400
56.9200
59.6400
62.6200
65.5600
67.5400
69.5200
71.5200
73.4800
75.4600
77.4400
79.4400
81.3800
83.3400
85.0800
87.0800
89.0800
91.0400
93.0000
94.9800
96.9600
98.9200
100.9200
102.9000
104.8600
106.8400
108.8000
110.8000
112.7800
114.7600
116.7600
118.4800
120.4400
122.4200
124.3800
126.3800
128.3600
130.3200
132.3200
134.3000
136.2800
138.2600
140.2200
142.2000
144.2200
146.1400
147.7200
149.3000
150.8600
152.4200
153.9800
155.5400
157.1000
158.6400
160.2200
161.7800
163.3600
164.9800
166.5600
168.1200
169.7000
171.2400
172.8000
174.3400
175.9000
177.4600
179.0000
180.5600
182.1200
183.6600
185.2000
186.7400
188.3000
189.8200
191.3800
192.9200
194.4800
196.0400
197.6000
199.1400
200.7000
202.2600
203.8000
205.3400
206.9000
208.4400
209.9800
211.5200
213.0800
214.6000
216.1600
217.6800
219.2400
220.7800
222.3200
223.8600
225.4800
227.0400
228.4800
229.9400
231.3600
