# Neural Ground Truth Downbeats (BeatNet CRNN + DBN)
# Track: La groupie du pianiste
0.7200
2.5600
4.6400
7.0800
9.4600
11.8600
14.2800
16.6400
19.0400
21.4000
23.7600
26.1600
28.5400
30.9200
33.3000
35.6600
38.0400
40.4200
42.8000
45.1800
47.5200
49.9200
52.2600
54.6200
56.9600
59.3400
61.7000
64.0600
66.4000
68.7600
71.0800
73.4400
75.8000
78.1600
80.5200
82.8600
85.2400
87.6200
89.9800
92.3200
94.7000
97.0600
99.4600
101.8400
104.2000
106.5400
108.9400
111.3000
113.6600
116.0400
118.4200
120.7800
123.1400
125.4600
127.7800
130.1400
132.4800
134.8400
137.2000
139.5200
141.8800
144.2200
146.5400
148.8600
151.1800
153.5000
155.8200
158.1400
160.4600
162.7600
165.1000
167.4200
169.7400
172.0600
174.3800
176.7200
179.0400
181.3800
183.7000
186.0000
188.3800
190.7000
193.0200
195.3200
197.6200
199.9400
202.2800
204.6400
206.9800
209.2600
211.6000
213.9000
216.2200
218.5200
220.8600
223.1600
225.4600
227.7400
230.0200
232.3400
234.6400
236.9400
239.2200
241.5000
243.8200
246.1400
248.4400
250.7400
253.0400
255.4000
257.6800
260.0000
262.2800
264.5400
266.8800
269.2000
271.5000
273.8000
276.1000
278.4000
