# Neural Ground Truth Beats (BeatNet CRNN + DBN)
# Track: La groupie du pianiste
# Duration: 280.73s, Estimated BPM: 103.4
# Total Beats: 481, Downbeats: 120
0.2400
0.7200
1.1600
1.6200
2.1000
2.5600
3.0800
3.6000
4.1000
4.6400
5.2400
5.8600
6.4800
7.0800
7.6800
8.2600
8.8800
9.4600
10.0800
10.6600
11.2600
11.8600
12.4600
13.0600
13.6600
14.2800
14.8600
15.4600
16.0600
16.6400
17.2400
17.8400
18.4600
19.0400
19.6400
20.2200
20.8200
21.4000
22.0000
22.6000
23.1800
23.7600
24.3400
24.9600
25.5400
26.1600
26.7600
27.3400
27.9400
28.5400
29.1400
29.7400
30.3200
30.9200
31.5200
32.1200
32.7000
33.3000
33.9000
34.5000
35.0800
35.6600
36.2600
36.8600
37.4400
38.0400
38.6400
39.2400
39.8200
40.4200
41.0200
41.6000
42.2000
42.8000
43.3800
43.9800
44.5800
45.1800
45.7800
46.3600
46.9400
47.5200
48.1200
48.7200
49.3200
49.9200
50.5000
51.0800
51.6800
52.2600
52.8600
53.4400
54.0200
54.6200
55.2200
55.8000
56.3800
56.9600
57.5600
58.1600
58.7600
59.3400
59.9400
60.5400
61.1200
61.7000
62.3000
62.8800
63.4600
64.0600
64.6600
65.2400
65.8200
66.4000
66.9800
67.5800
68.1600
68.7600
69.3400
69.9200
70.5000
71.0800
71.6600
72.2600
72.8400
73.4400
74.0400
74.6200
75.2200
75.8000
76.3800
76.9800
77.5800
78.1600
78.7600
79.3400
79.9200
80.5200
81.1000
81.7000
82.2800
82.8600
83.4400
84.0400
84.6400
85.2400
85.8400
86.4400
87.0200
87.6200
88.2200
88.8000
89.3800
89.9800
90.5800
91.1600
91.7600
92.3200
92.9200
93.5200
94.1200
94.7000
95.2800
95.8800
96.4600
97.0600
97.6600
98.2600
98.8600
99.4600
100.0600
100.6600
101.2600
101.8400
102.4400
103.0400
103.6200
104.2000
104.8000
105.3600
105.9400
106.5400
107.1400
107.7200
108.3400
108.9400
109.5200
110.1200
110.7000
111.3000
111.8800
112.4600
113.0800
113.6600
114.2600
114.8800
115.4600
116.0400
116.6400
117.2400
117.8400
118.4200
119.0200
119.6000
120.1800
120.7800
121.3600
121.9600
122.5400
123.1400
123.7200
124.3000
124.8800
125.4600
126.0600
126.6400
127.2000
127.7800
128.3800
128.9400
129.5400
130.1400
130.7200
131.3200
131.9000
132.4800
133.0800
133.6800
134.2600
134.8400
135.4400
136.0200
136.6200
137.2000
137.8000
138.3800
138.9600
139.5200
140.1200
140.6800
141.2800
141.8800
142.4600
143.0600
143.6400
144.2200
144.8000
145.3800
145.9600
146.5400
147.1200
147.7000
148.2800
148.8600
149.4400
150.0200
150.6000
151.1800
151.7600
152.3400
152.9200
153.5000
154.0800
154.6600
155.2400
155.8200
156.4000
156.9800
157.5600
158.1400
158.7200
159.3000
159.8800
160.4600
161.0400
161.6200
162.2000
162.7600
163.3200
163.9200
164.5200
165.1000
165.6800
166.2600
166.8400
167.4200
168.0000
168.5800
169.1600
169.7400
170.3200
170.9000
171.4800
172.0600
172.6600
173.2400
173.8000
174.3800
174.9800
175.5400
176.1400
176.7200
177.3000
177.8800
178.4600
179.0400
179.6400
180.2200
180.8000
181.3800
181.9600
182.5400
183.1200
183.7000
184.2800
184.8600
185.4400
186.0000
186.6000
187.1800
187.8000
188.3800
188.9800
189.5400
190.1200
190.7000
191.3000
191.8400
192.4400
193.0200
193.6000
194.1600
194.7400
195.3200
195.9000
196.4600
197.0400
197.6200
198.2000
198.7800
199.3600
199.9400
200.5200
201.1200
201.7000
202.2800
202.8800
203.4600
204.0600
204.6400
205.2400
205.8200
206.4000
206.9800
207.5600
208.1200
208.7000
209.2600
209.8400
210.4200
211.0000
211.6000
212.1800
212.7600
213.3400
213.9000
214.4800
215.0600
215.6600
216.2200
216.7800
217.3400
217.9400
218.5200
219.0800
219.6800
220.2800
220.8600
221.4600
222.0000
222.5800
223.1600
223.7400
224.3200
224.8800
225.4600
226.0200
226.6000
227.1800
227.7400
228.3200
228.9000
229.4800
230.0200
230.6200
231.1800
231.7600
232.3400
232.9200
233.4800
234.0600
234.6400
235.2000
235.7800
236.3600
236.9400
237.5200
238.0800
238.6600
239.2200
239.8000
240.3600
240.9400
241.5000
242.0800
242.6600
243.2400
243.8200
244.4200
244.9800
245.5800
246.1400
246.7200
247.3000
247.8800
248.4400
249.0200
249.5800
250.1600
250.7400
251.3200
251.9000
252.4600
253.0400
253.6400
254.2200
254.8200
255.4000
255.9800
256.5600
257.1200
257.6800
258.2800
258.8400
259.4200
260.0000
260.5800
261.1400
261.7200
262.2800
262.8600
263.4200
264.0000
264.5400
265.1400
265.7200
266.3000
266.8800
267.4600
268.0400
268.6200
269.2000
269.7600
270.3400
270.9200
271.5000
272.0800
272.6600
273.2400
273.8000
274.3800
274.9400
275.5000
276.1000
276.6800
277.2400
277.8200
278.4000
279.0000
279.5600
280.1600
