# Neural Ground Truth Beats (BeatNet CRNN + DBN)
# Track: Le chanteur
# Duration: 234.99s, Estimated BPM: 125.0
# Total Beats: 487, Downbeats: 122
0.1000
0.5400
0.9600
1.4000
1.8600
2.2800
2.7800
3.2600
3.7400
4.2200
4.7000
5.1800
5.6800
6.1600
6.6400
7.1200
7.6200
8.1200
8.6000
9.0600
9.5600
10.0400
10.5200
11.0200
11.5200
12.0000
12.4800
12.9800
13.4800
13.9600
14.4400
14.9400
15.4400
15.9200
16.4000
16.8800
17.3800
17.8800
18.3600
18.8600
19.3400
19.8200
20.3000
20.8000
21.3000
21.7600
22.2400
22.7200
23.2000
23.6800
24.1600
24.6400
25.1200
25.6000
26.0800
26.5600
27.0400
27.5200
28.0000
28.5000
28.9600
29.4400
29.9200
30.4000
30.8800
31.3800
31.8400
32.3400
32.8200
33.3000
33.7800
34.2600
34.7200
35.2000
35.6800
36.1600
36.6200
37.1000
37.5600
38.0200
38.5000
38.9600
39.4000
39.9000
40.4000
40.9000
41.3800
41.8800
42.3600
42.8400
43.3200
43.8000
44.2800
44.7800
45.2400
45.7400
46.2600
46.7200
47.2200
47.7000
48.2000
48.6800
49.1400
49.6400
50.1400
50.6200
51.1000
51.5800
52.0200
52.4800
52.9600
53.4200
53.9200
54.4000
54.8800
55.3600
55.8400
56.3200
56.8000
57.2800
57.7600
58.2400
58.7000
59.1800
59.6600
60.1400
60.6200
61.1200
61.6000
62.0600
62.5400
63.0200
63.5000
63.9800
64.4400
64.9200
65.3800
65.8600
66.3400
66.8200
67.2800
67.7400
68.2000
68.6800
69.1800
69.6600
70.1400
70.6200
71.1000
71.5800
72.0600
72.5400
73.0400
73.5200
74.0000
74.4600
74.9400
75.4200
75.8800
76.3800
76.8600
77.3400
77.8000
78.3000
78.7600
79.2400
79.7200
80.2000
80.6800
81.1400
81.6200
82.0800
82.5600
83.0200
83.5000
83.9600
84.4600
84.9200
85.4000
85.8800
86.3800
86.8600
87.3400
87.8200
88.3000
88.7800
89.2600
89.7200
90.2000
90.6800
91.1600
91.6400
92.1200
92.6000
93.0800
93.5600
94.0200
94.5000
94.9800
95.4400
95.9200
96.3800
96.8600
97.3400
97.8200
98.3000
98.7800
99.2600
99.7400
100.2400
100.7200
101.2200
101.7000
102.2000
102.6600
103.1400
103.6200
104.1200
104.5800
105.0600
105.5400
106.0200
106.5000
106.9800
107.4800
107.9800
108.4400
108.9400
109.4200
109.9000
110.4000
110.9000
111.3800
111.8600
112.3600
112.8400
113.3400
113.8200
114.3200
114.8200
115.3000
115.8000
116.2800
116.7800
117.2600
117.7400
118.2200
118.7000
119.1800
119.6600
120.1400
120.6400
121.1000
121.6000
122.0600
122.5400
123.0400
123.5200
123.9800
124.4600
124.9400
125.4200
125.9000
126.3800
126.8600
127.3400
127.8000
128.3000
128.7600
129.2600
129.7200
130.2000
130.6600
131.1400
131.6000
132.1000
132.5800
133.0400
133.5000
133.9800
134.4400
134.9000
135.3800
135.8600
136.3400
136.8400
137.3200
137.7800
138.2800
138.7600
139.2400
139.7200
140.2200
140.7000
141.1800
141.6600
142.1400
142.6000
143.0800
143.5800
144.0400
144.5200
144.9800
145.4800
145.9600
146.4200
146.9000
147.3600
147.8400
148.3200
148.7800
149.2600
149.7400
150.2000
150.6800
151.1600
151.6200
152.1000
152.5800
153.0800
153.5600
154.0400
154.5200
155.0000
155.4800
155.9600
156.4400
156.9200
157.3800
157.8600
158.3400
158.8200
159.3000
159.7800
160.2600
160.7400
161.2200
161.7200
162.2000
162.6800
163.1600
163.6400
164.1200
164.5800
165.0400
165.5000
165.9800
166.4600
166.9400
167.4400
167.9200
168.4000
168.9000
169.3800
169.8600
170.3400
170.8200
171.3000
171.7800
172.2600
172.7400
173.2200
173.6800
174.1800
174.6600
175.1200
175.6200
176.1000
176.5600
177.0400
177.5000
177.9800
178.4600
178.9600
179.4200
179.8800
180.3400
180.8000
181.2800
181.7600
182.2400
182.7200
183.2000
183.6800
184.1800
184.6600
185.1400
185.6200
186.1000
186.5800
187.0400
187.5200
188.0000
188.4800
188.9400
189.4200
189.9000
190.3800
190.8600
191.3400
191.8200
192.3000
192.7600
193.2400
193.7200
194.1800
194.6600
195.1200
195.6000
196.0400
196.5400
197.0200
197.5000
197.9600
198.4600
198.9400
199.4200
199.9000
200.3800
200.8600
201.3400
201.8200
202.2800
202.7600
203.2400
203.7200
204.2000
204.6800
205.1600
205.6400
206.1000
206.6000
207.0600
207.5400
208.0200
208.5000
208.9600
209.4600
209.9400
210.4000
210.8600
211.3200
211.7800
212.2600
212.7200
213.2000
213.6800
214.1600
214.6400
215.1400
215.6200
216.1000
216.5800
217.0600
217.5400
218.0000
218.4800
218.9400
219.4200
219.9000
220.3800
220.8600
221.3400
221.8200
222.2800
222.7600
223.2400
223.7000
224.1800
224.6600
225.1400
225.6200
226.0800
226.5200
227.0000
227.4800
227.9400
228.4400
228.9000
229.3800
229.8600
230.3400
230.8400
231.3200
231.8200
232.3400
232.8200
