# Neural Ground Truth Downbeats (BeatNet CRNN + DBN)
# Track: Le chanteur
0.5400
2.2800
4.2200
6.1600
8.1200
10.0400
12.0000
13.9600
15.9200
17.8800
19.8200
21.7600
23.6800
25.6000
27.5200
29.4400
31.3800
33.3000
35.2000
37.1000
38.9600
40.9000
42.8400
44.7800
46.7200
48.6800
50.6200
52.4800
54.4000
56.3200
58.2400
60.1400
62.0600
63.9800
65.8600
67.7400
69.6600
71.5800
73.5200
75.4200
77.3400
79.2400
81.1400
83.0200
84.9200
86.8600
88.7800
90.6800
92.6000
94.5000
96.3800
98.3000
100.2400
102.2000
104.1200
106.0200
107.9800
109.9000
111.8600
113.8200
115.8000
117.7400
119.6600
121.6000
123.5200
125.4200
127.3400
129.2600
131.1400
133.0400
134.9000
136.8400
138.7600
140.7000
142.6000
144.5200
146.4200
148.3200
150.2000
152.1000
154.0400
155.9600
157.8600
159.7800
161.7200
163.6400
165.5000
167.4400
169.3800
171.3000
173.2200
175.1200
177.0400
178.9600
180.8000
182.7200
184.6600
186.5800
188.4800
190.3800
192.3000
194.1800
196.0400
197.9600
199.9000
201.8200
203.7200
205.6400
207.5400
209.4600
211.3200
213.2000
215.1400
217.0600
218.9400
220.8600
222.7600
224.6600
226.5200
228.4400
230.3400
232.3400
