# Neural Ground Truth Downbeats (BeatNet CRNN + DBN)
# Track: Les copains d'abord
1.0400
2.5800
4.0800
5.6200
7.1000
8.6000
10.1400
11.6400
13.1400
14.6600
16.1800
17.7000
19.2200
20.7200
22.2200
23.6600
24.9400
26.3000
27.9000
29.4800
30.9800
32.4800
33.9800
35.4600
36.9200
38.4800
40.0200
41.4400
42.9200
44.3600
45.8000
47.2600
48.7400
50.2800
51.8000
53.3000
54.8200
56.2800
57.7600
59.2000
60.7000
62.1400
63.6600
65.1200
66.6200
68.1200
69.5600
71.0600
72.5200
74.0400
75.6600
77.1000
78.6400
80.1200
81.6400
83.1200
84.5800
86.0200
87.5200
88.9600
90.4200
91.8400
93.2200
94.6800
96.2000
97.7200
99.2800
100.8200
102.3000
103.7800
105.2400
106.7000
108.1400
109.5600
111.0200
112.4400
113.8600
115.3000
116.7200
118.1800
119.6200
121.1600
122.6800
124.1400
125.6000
127.1200
128.5600
130.0000
131.4200
132.8600
134.3000
135.8000
137.2600
138.7200
140.1600
141.6000
143.0600
144.5600
146.0800
147.5400
149.0400
150.4800
151.9800
153.4400
154.9200
156.3600
157.8200
159.2400
160.7400
162.2000
163.6400
165.0800
166.5400
168.0600
169.6000
171.0400
172.5400
174.0600
175.6000
176.9800
178.4200
179.8400
181.3000
182.7200
184.1600
185.5600
186.9400
188.3200
189.7200
191.2400
192.7600
194.2200
195.7400
197.2600
198.7200
200.1400
201.6600
203.1200
204.6000
206.1000
207.6200
209.0800
210.5400
211.9800
213.4400
214.9600
216.5000
217.9600
219.4400
220.9000
222.4000
223.8400
225.2800
226.7200
228.2200
229.6600
231.1000
232.5400
233.9400
235.3600
236.8000
238.2400
