# Neural Ground Truth Beats (BeatNet CRNN + DBN)
# Track: Les copains d'abord
# Duration: 241.22s, Estimated BPM: 166.7
# Total Beats: 649, Downbeats: 162
0.6800
1.0400
1.4400
1.8200
2.2000
2.5800
2.9600
3.3200
3.7200
4.0800
4.4800
4.8600
5.2400
5.6200
6.0000
6.3600
6.7600
7.1000
7.4800
7.8400
8.2200
8.6000
9.0000
9.3800
9.7400
10.1400
10.5000
10.8600
11.2600
11.6400
12.0200
12.4000
12.7800
13.1400
13.5200
13.9000
14.2800
14.6600
15.0600
15.4400
15.8200
16.1800
16.5600
16.9400
17.3400
17.7000
18.0800
18.4600
18.8600
19.2200
19.5800
19.9600
20.3400
20.7200
21.1000
21.4800
21.8600
22.2200
22.6000
22.9600
23.3400
23.6600
23.9800
24.3000
24.6200
24.9400
25.2600
25.5800
25.9600
26.3000
26.7200
27.1200
27.5000
27.9000
28.3200
28.7000
29.1000
29.4800
29.8600
30.2400
30.6400
30.9800
31.3600
31.7200
32.1000
32.4800
32.8600
33.2200
33.6000
33.9800
34.3600
34.7200
35.0800
35.4600
35.8200
36.1600
36.5400
36.9200
37.3000
37.6800
38.0800
38.4800
38.8800
39.2400
39.6200
40.0200
40.3600
40.7200
41.1000
41.4400
41.8200
42.1800
42.5400
42.9200
43.2800
43.6600
44.0000
44.3600
44.7200
45.0800
45.4400
45.8000
46.1600
46.5400
46.9000
47.2600
47.6200
48.0000
48.3800
48.7400
49.1400
49.5000
49.8800
50.2800
50.6600
51.0400
51.4200
51.8000
52.1800
52.5600
52.9200
53.3000
53.6800
54.0600
54.4600
54.8200
55.1800
55.5400
55.9200
56.2800
56.6400
57.0400
57.3800
57.7600
58.1000
58.4600
58.8400
59.2000
59.5600
59.9200
60.3000
60.7000
61.0600
61.4000
61.7800
62.1400
62.5200
62.9200
63.2800
63.6600
64.0200
64.3800
64.7400
65.1200
65.4800
65.8800
66.2400
66.6200
67.0200
67.3800
67.7400
68.1200
68.4800
68.8200
69.2000
69.5600
69.9200
70.3000
70.6600
71.0600
71.4000
71.7800
72.1400
72.5200
72.9200
73.3000
73.6600
74.0400
74.4400
74.8400
75.2600
75.6600
76.0400
76.3800
76.7600
77.1000
77.5000
77.8800
78.2600
78.6400
79.0000
79.3400
79.7400
80.1200
80.4800
80.8600
81.2600
81.6400
82.0000
82.4000
82.7600
83.1200
83.4800
83.8400
84.2000
84.5800
84.9400
85.3000
85.6600
86.0200
86.4000
86.8000
87.1600
87.5200
87.8800
88.2600
88.6000
88.9600
89.3200
89.6800
90.0600
90.4200
90.7600
91.1400
91.4800
91.8400
92.2000
92.5600
92.9000
93.2200
93.5800
93.9000
94.2800
94.6800
95.0600
95.4400
95.8200
96.2000
96.5600
96.9400
97.3200
97.7200
98.1000
98.4600
98.8600
99.2800
99.6800
100.0600
100.4200
100.8200
101.1800
101.5600
101.9200
102.3000
102.6600
103.0600
103.4200
103.7800
104.1200
104.5000
104.8600
105.2400
105.6200
105.9600
106.3400
106.7000
107.0400
107.4000
107.7800
108.1400
108.5000
108.8600
109.2200
109.5600
109.9200
110.2800
110.6600
111.0200
111.3800
111.7400
112.0800
112.4400
112.8000
113.1600
113.5000
113.8600
114.2200
114.5600
114.9200
115.3000
115.6400
116.0200
116.3800
116.7200
117.0800
117.4600
117.8000
118.1800
118.5200
118.8800
119.2400
119.6200
120.0000
120.3800
120.7600
121.1600
121.5400
121.9600
122.3200
122.6800
123.0400
123.4200
123.7800
124.1400
124.4800
124.8400
125.2000
125.6000
125.9800
126.3600
126.7400
127.1200
127.4600
127.8200
128.2000
128.5600
128.9000
129.2600
129.6200
130.0000
130.3600
130.7000
131.0800
131.4200
131.8000
132.1600
132.5200
132.8600
133.2200
133.5800
133.9400
134.3000
134.6600
135.0400
135.4400
135.8000
136.1800
136.5400
136.9000
137.2600
137.6200
137.9800
138.3400
138.7200
139.0600
139.4200
139.7800
140.1600
140.5000
140.8800
141.2200
141.6000
141.9400
142.3200
142.6800
143.0600
143.4200
143.8200
144.2000
144.5600
144.9400
145.3200
145.7000
146.0800
146.4600
146.8200
147.1800
147.5400
147.9000
148.3000
148.6600
149.0400
149.4000
149.7400
150.1200
150.4800
150.8400
151.2200
151.6200
151.9800
152.3400
152.7000
153.0800
153.4400
153.8000
154.1600
154.5400
154.9200
155.2800
155.6400
156.0200
156.3600
156.7200
157.1000
157.4600
157.8200
158.1800
158.5200
158.8800
159.2400
159.6200
159.9600
160.3600
160.7400
161.1200
161.4600
161.8400
162.2000
162.5400
162.9200
163.2600
163.6400
163.9800
164.3400
164.7000
165.0800
165.4400
165.7800
166.1800
166.5400
166.9400
167.3200
167.6800
168.0600
168.4400
168.8200
169.2200
169.6000
169.9600
170.3000
170.6800
171.0400
171.4200
171.7800
172.1600
172.5400
172.9400
173.3200
173.6800
174.0600
174.4400
174.8400
175.2200
175.6000
175.9600
176.2800
176.6200
176.9800
177.3200
177.7000
178.0400
178.4200
178.7800
179.1200
179.5000
179.8400
180.2000
180.5800
180.9400
181.3000
181.6400
182.0000
182.3600
182.7200
183.0800
183.4400
183.8000
184.1600
184.5200
184.8600
185.2000
185.5600
185.8800
186.2400
186.5800
186.9400
187.3200
187.6600
187.9800
188.3200
188.6600
189.0000
189.3400
189.7200
190.1200
190.5000
190.8800
191.2400
191.6400
192.0000
192.4000
192.7600
193.1400
193.5200
193.8800
194.2200
194.6200
195.0000
195.3800
195.7400
196.1200
196.5000
196.8800
197.2600
197.6200
197.9800
198.3400
198.7200
199.0800
199.4400
199.8000
200.1400
200.5200
200.9200
201.2800
201.6600
202.0200
202.3800
202.7600
203.1200
203.4800
203.8600
204.2400
204.6000
204.9800
205.3600
205.7400
206.1000
206.4800
206.8600
207.2400
207.6200
207.9800
208.3400
208.7200
209.0800
209.4600
209.8200
210.1800
210.5400
210.9200
211.2600
211.6400
211.9800
212.3600
212.7200
213.0600
213.4400
213.8400
214.2200
214.6000
214.9600
215.3600
215.7400
216.1000
216.5000
216.8800
217.2200
217.5800
217.9600
218.3000
218.6800
219.0600
219.4400
219.8200
220.1800
220.5200
220.9000
221.2800
221.6400
222.0200
222.4000
222.7400
223.1000
223.4600
223.8400
224.1800
224.5600
224.9000
225.2800
225.6400
225.9800
226.3400
226.7200
227.1000
227.4800
227.8600
228.2200
228.5800
228.9400
229.2800
229.6600
230.0200
230.3600
230.7200
231.1000
231.4400
231.8200
232.1600
232.5400
232.8800
233.2200
233.5800
233.9400
234.3000
234.6400
235.0000
235.3600
235.7400
236.0800
236.4400
236.8000
237.1800
237.5400
237.8800
238.2400
238.6000
238.9800
239.3200
