# Neural Ground Truth Beats (BeatNet CRNN + DBN)
# Track: Life on Mars_ - 2015 Remaster
# Duration: 235.99s, Estimated BPM: 120.0
# Total Beats: 455, Downbeats: 114
0.1200
0.6400
1.2200
1.7800
2.3400
2.9000
3.4600
3.9600
4.4800
5.0000
5.5400
6.0600
6.5800
7.1000
7.6000
8.1200
8.6200
9.1400
9.6400
10.1200
10.6200
11.1400
11.6400
12.1400
12.6400
13.1400
13.6400
14.1000
14.6000
15.1000
15.5800
16.0800
16.5800
17.1000
17.6000
18.1400
18.6200
19.1200
19.6200
20.1400
20.6400
21.1200
21.6000
22.0800
22.5800
23.0600
23.5800
24.0600
24.5800
25.0800
25.5600
26.0200
26.5200
27.0000
27.5000
28.0000
28.5200
29.0200
29.5200
30.0200
30.5200
31.0200
31.5200
32.0400
32.5600
33.0800
33.6200
34.1200
34.6400
35.1400
35.6400
36.1000
36.5800
37.0600
37.5600
38.0400
38.5000
39.0000
39.4800
39.9600
40.4400
40.9000
41.3800
41.8800
42.3600
42.8600
43.3400
43.8400
44.3400
44.8600
45.3600
45.8400
46.3600
46.9000
47.4600
47.9800
48.5000
49.0400
49.5600
50.0600
50.5800
51.0800
51.5600
52.0200
52.5200
53.0000
53.4600
53.9200
54.4000
54.8800
55.3400
55.8200
56.3000
56.8000
57.2600
57.7600
58.2400
58.7200
59.1800
59.6600
60.1400
60.6200
61.1400
61.6200
62.1000
62.5800
63.0600
63.5400
64.0000
64.4800
64.9800
65.4800
65.9400
66.4400
66.9200
67.4000
67.8600
68.3400
68.8200
69.3200
69.7600
70.2400
70.7000
71.1600
71.6400
72.1200
72.6000
73.1000
73.5800
74.0400
74.5200
75.0000
75.4800
75.9800
76.4600
76.9400
77.4000
77.9000
78.3800
78.8600
79.3200
79.8000
80.2800
80.7800
81.2200
81.7000
82.1600
82.6400
83.1200
83.6000
84.0800
84.5400
85.0400
85.5000
85.9600
86.4200
86.8800
87.3800
87.8600
88.3400
88.8000
89.2800
89.7600
90.2200
90.6800
91.1600
91.6200
92.0800
92.5200
92.9800
93.4600
93.9600
94.4600
94.9600
95.4400
95.9400
96.4400
97.0000
97.5200
98.0800
98.6000
99.2000
99.7600
100.3400
100.9200
101.5400
102.1400
102.6400
103.1800
103.6800
104.2200
104.7400
105.2200
105.7400
106.2200
106.7200
107.2400
107.7200
108.2400
108.7200
109.2400
109.7400
110.2400
110.7200
111.2200
111.7000
112.1800
112.6800
113.1800
113.6600
114.1400
114.6400
115.1200
115.6000
116.0800
116.5800
117.0800
117.6000
118.1000
118.5800
119.0600
119.5600
120.0600
120.5600
121.0400
121.5400
122.0400
122.5200
122.9800
123.4800
123.9600
124.4400
124.9400
125.4400
125.9200
126.4200
126.9000
127.3800
127.8600
128.3400
128.8200
129.3200
129.8000
130.2800
130.7600
131.2400
131.7400
132.2600
132.7400
133.2600
133.7400
134.2400
134.7000
135.1800
135.6600
136.1600
136.6200
137.1200
137.6200
138.1200
138.5800
139.0600
139.5600
140.0400
140.5200
141.0000
141.4800
141.9400
142.4200
142.9000
143.4000
143.8800
144.3800
144.9000
145.4000
145.9200
146.4200
146.9600
147.4600
147.9800
148.5200
149.0400
149.5200
150.0000
150.4600
150.9600
151.4400
151.9200
152.4000
152.8800
153.3600
153.8400
154.3200
154.7800
155.3000
155.8000
156.2600
156.7400
157.2200
157.7000
158.1800
158.6800
159.1400
159.6200
160.1000
160.5800
161.0800
161.5600
162.0200
162.5000
162.9600
163.4400
163.8800
164.3600
164.8400
165.3400
165.8000
166.2800
166.7600
167.2600
167.7000
168.1600
168.6600
169.1400
169.6200
170.1000
170.5800
171.0400
171.5200
172.0200
172.4800
172.9600
173.4600
173.9400
174.4200
174.9000
175.3600
175.8600
176.3400
176.8200
177.3000
177.7800
178.2600
178.7200
179.2000
179.7000
180.1800
180.6600
181.1200
181.6200
182.0600
182.5400
182.9800
183.4600
183.9600
184.4200
184.8800
185.3400
185.8200
186.3000
186.7600
187.2600
187.7400
188.2200
188.6800
189.1800
189.6600
190.1200
190.6000
191.1000
191.5800
192.0400
192.5600
193.0600
193.5600
194.0600
194.5400
195.0600
195.5600
196.0600
196.5400
197.0400
197.5600
198.0800
198.6000
199.1800
199.7200
200.3000
200.9000
201.5200
202.1800
202.8400
203.5000
204.1800
204.8400
205.4800
206.1200
206.7800
207.4800
208.1400
208.7600
209.4200
210.0600
210.6600
211.2800
211.9000
212.5400
213.1400
213.7600
214.4000
215.0200
215.6400
216.2400
216.8800
217.5000
218.1400
218.7800
219.4400
220.1200
220.7600
221.4200
222.1000
222.7400
223.4200
224.0800
224.7200
225.4200
226.0800
226.7000
227.3800
228.0400
228.7200
229.3600
230.0000
230.6600
