# Neural Ground Truth Downbeats (BeatNet CRNN + DBN)
# Track: Life on Mars_ - 2015 Remaster
0.1200
2.3400
4.4800
6.5800
8.6200
10.6200
12.6400
14.6000
16.5800
18.6200
20.6400
22.5800
24.5800
26.5200
28.5200
30.5200
32.5600
34.6400
36.5800
38.5000
40.4400
42.3600
44.3400
46.3600
48.5000
50.5800
52.5200
54.4000
56.3000
58.2400
60.1400
62.1000
64.0000
65.9400
67.8600
69.7600
71.6400
73.5800
75.4800
77.4000
79.3200
81.2200
83.1200
85.0400
86.8800
88.8000
90.6800
92.5200
94.4600
96.4400
98.6000
100.9200
103.1800
105.2200
107.2400
109.2400
111.2200
113.1800
115.1200
117.0800
119.0600
121.0400
122.9800
124.9400
126.9000
128.8200
130.7600
132.7400
134.7000
136.6200
138.5800
140.5200
142.4200
144.3800
146.4200
148.5200
150.4600
152.4000
154.3200
156.2600
158.1800
160.1000
162.0200
163.8800
165.8000
167.7000
169.6200
171.5200
173.4600
175.3600
177.3000
179.2000
181.1200
182.9800
184.8800
186.7600
188.6800
190.6000
192.5600
194.5400
196.5400
198.6000
200.9000
203.5000
206.1200
208.7600
211.2800
213.7600
216.2400
218.7800
221.4200
224.0800
226.7000
229.3600
