# Neural Ground Truth Beats (BeatNet CRNN + DBN)
# Track: Louise (Feat Edgar)
# Duration: 357.06s, Estimated BPM: 125.0
# Total Beats: 728, Downbeats: 182
0.1600
0.6400
1.1200
1.6200
2.1000
2.5600
3.0600
3.5200
3.9800
4.4400
4.9200
5.4000
5.8800
6.3600
6.8400
7.3000
7.7800
8.2600
8.7400
9.2400
9.7000
10.1600
10.6400
11.1200
11.6000
12.0800
12.5600
13.0400
13.5000
13.9800
14.4800
14.9400
15.4000
15.8800
16.3600
16.8200
17.3200
17.7800
18.2600
18.7400
19.2200
19.7000
20.1800
20.6400
21.1200
21.5800
22.0600
22.5200
23.0200
23.5000
23.9800
24.4400
24.9200
25.4000
25.9000
26.3600
26.8400
27.3200
27.8000
28.2600
28.7200
29.2000
29.6800
30.1600
30.6400
31.1200
31.6000
32.0600
32.5400
33.0200
33.5000
33.9800
34.4400
34.9200
35.4000
35.8800
36.3400
36.8200
37.3000
37.7800
38.2600
38.7200
39.2000
39.6800
40.1600
40.6400
41.1200
41.5800
42.0600
42.5400
43.0200
43.5000
43.9600
44.4400
44.9400
45.4000
45.8800
46.3600
46.8400
47.3000
47.7800
48.2600
48.7400
49.2000
49.6800
50.1600
50.6400
51.1200
51.5800
52.0600
52.5400
53.0200
53.5000
53.9600
54.4400
54.9200
55.4000
55.8800
56.3400
56.8200
57.3000
57.7800
58.2600
58.7400
59.2000
59.6800
60.1600
60.6400
61.1200
61.6000
62.0600
62.5400
63.0200
63.5000
63.9800
64.4400
64.9200
65.4000
65.8800
66.3600
66.8200
67.3000
67.7800
68.2600
68.7400
69.2000
69.6800
70.1600
70.6400
71.1000
71.5800
72.0600
72.5400
73.0200
73.5000
73.9800
74.4400
74.9200
75.4000
75.8800
76.3600
76.8200
77.3000
77.7800
78.2600
78.7400
79.2000
79.6800
80.1600
80.6400
81.1200
81.5800
82.0600
82.5400
83.0200
83.5000
83.9600
84.4400
84.9200
85.4000
85.8800
86.3400
86.8200
87.3000
87.7800
88.2600
88.7400
89.2000
89.6800
90.1600
90.6400
91.1200
91.6000
92.0800
92.5600
93.0400
93.5000
93.9800
94.4600
94.9200
95.4000
95.8800
96.3600
96.8400
97.3200
97.7800
98.2600
98.7200
99.2000
99.6800
100.1600
100.6400
101.1200
101.5800
102.0800
102.5400
103.0200
103.5000
103.9800
104.4800
104.9400
105.4400
105.9200
106.3600
106.8400
107.3000
107.7800
108.2600
108.7400
109.2000
109.6800
110.1600
110.6400
111.1000
111.5800
112.0600
112.5400
113.0200
113.5000
113.9800
114.4400
114.9200
115.4000
115.8800
116.3600
116.8200
117.3000
117.7800
118.2600
118.7200
119.2000
119.6800
120.1600
120.6400
121.1200
121.5800
122.0800
122.5400
123.0200
123.5000
123.9800
124.4400
124.9200
125.4000
125.8800
126.3400
126.8200
127.3000
127.7800
128.2600
128.7400
129.2000
129.6800
130.1600
130.6400
131.1200
131.5800
132.0600
132.5400
133.0200
133.5000
133.9600
134.4400
134.9200
135.4000
135.8800
136.3600
136.8200
137.3000
137.7800
138.2600
138.7400
139.2200
139.6800
140.1600
140.6400
141.1200
141.5800
142.0600
142.5400
143.0200
143.5000
143.9600
144.4400
144.9200
145.4000
145.8800
146.3400
146.8200
147.3000
147.7800
148.2600
148.7400
149.2000
149.6800
150.1600
150.6400
151.1200
151.5800
152.0600
152.5600
153.0200
153.5000
153.9800
154.4400
154.9200
155.4000
155.8800
156.3600
156.8200
157.3000
157.7800
158.2600
158.7200
159.2200
159.6800
160.1600
160.6400
161.1200
161.5800
162.0600
162.5400
163.0200
163.5000
163.9800
164.4400
164.9200
165.4000
165.8800
166.3400
166.8400
167.3000
167.7800
168.2600
168.7400
169.2200
169.7000
170.1800
170.6800
171.1200
171.6000
172.0600
172.5400
173.0200
173.5000
173.9600
174.4600
174.9200
175.4000
175.8600
176.3600
176.8200
177.3000
177.7800
178.2600
178.7400
179.2200
179.6800
180.1600
180.6400
181.1200
181.5800
182.0800
182.5400
183.0200
183.5000
183.9800
184.4600
184.9400
185.4200
185.9000
186.3600
186.8400
187.3000
187.7800
188.2600
188.7400
189.2000
189.6800
190.1600
190.6400
191.1200
191.6000
192.0600
192.5400
193.0200
193.5000
193.9800
194.4600
194.9200
195.4000
195.8800
196.3800
196.8400
197.3200
197.8200
198.3400
198.8800
199.3800
199.9200
200.4000
200.8800
201.3600
201.8400
202.3200
202.7800
203.2800
203.7400
204.2200
204.6800
205.1600
205.6400
206.1200
206.6000
207.0800
207.5400
208.0200
208.5000
208.9800
209.4600
209.9400
210.4200
210.8800
211.3200
211.8000
212.2400
212.7200
213.1800
213.6200
214.1000
214.5600
215.0200
215.4800
215.9400
216.3800
216.8600
217.3000
217.7800
218.2600
218.7400
219.2000
219.6800
220.1600
220.6400
221.1200
221.5800
222.0600
222.5400
223.0200
223.5000
223.9600
224.4400
224.9200
225.4000
225.8800
226.3600
226.8200
227.3000
227.7800
228.2600
228.7400
229.2000
229.6800
230.1600
230.6400
231.1200
231.6000
232.0600
232.5400
233.0200
233.5000
233.9800
234.4400
234.9200
235.4000
235.8800
236.3600
236.8200
237.3000
237.7800
238.2600
238.7400
239.2000
239.6800
240.1600
240.6400
241.1200
241.5800
242.0600
242.5400
243.0200
243.5000
243.9800
244.4400
244.9200
245.4000
245.8800
246.3400
246.8200
247.3000
247.7800
248.2600
248.7400
249.2000
249.6800
250.1600
250.6400
251.1200
251.5800
252.0600
252.5400
253.0200
253.5000
253.9600
254.4400
254.9200
255.4000
255.8800
256.3600
256.8200
257.3000
257.7800
258.2600
258.7400
259.2200
259.6800
260.1600
260.6400
261.1200
261.5800
262.0800
262.5400
263.0200
263.5000
263.9800
264.4400
264.9200
265.4000
265.8800
266.3600
266.8200
267.3000
267.7800
268.2600
268.7400
269.2000
269.6800
270.1600
270.6400
271.1000
271.6000
272.0600
272.5400
273.0200
273.5000
273.9600
274.4400
274.9200
275.4000
275.8800
276.3600
276.8400
277.3200
277.7800
278.2600
278.7400
279.2200
279.6800
280.1600
280.6400
281.1000
281.5800
282.0600
282.5400
283.0200
283.5000
283.9600
284.4400
284.9200
285.4000
285.8800
286.3400
286.8200
287.3000
287.7800
288.2400
288.7200
289.2200
289.6800
290.1600
290.6400
291.1200
291.5800
292.0600
292.5400
293.0200
293.5000
293.9600
294.4400
294.9200
295.4000
295.8800
296.3400
296.8200
297.3000
297.7800
298.2600
298.7400
299.2000
299.6800
300.1600
300.6400
301.1200
301.5800
302.0600
302.5400
303.0200
303.4800
303.9600
304.4400
304.9200
305.4000
305.8800
306.3600
306.8200
307.3000
307.7800
308.2600
308.7400
309.2000
309.6800
310.1600
310.6400
311.1200
311.6000
312.0600
312.5400
313.0200
313.5000
313.9800
314.4600
314.9200
315.4000
315.8800
316.3600
316.8200
317.3000
317.7800
318.2600
318.7400
319.2200
319.6800
320.1600
320.6400
321.1200
321.5800
322.0600
322.5400
323.0200
323.5000
323.9800
324.4400
324.9200
325.4000
325.8800
326.3400
326.8200
327.3000
327.7800
328.2600
328.7400
329.2000
329.6800
330.1600
330.6400
331.1200
331.6000
332.0600
332.5400
333.0200
333.5000
333.9800
334.4600
334.9200
335.4000
335.8800
336.3600
336.8200
337.3000
337.7800
338.2600
338.7400
339.2200
339.7400
340.2600
340.7800
341.3000
341.8000
342.3400
342.8600
343.3800
343.8800
344.4000
344.9200
345.4600
345.9800
346.4800
347.0000
