# Neural Ground Truth Downbeats (BeatNet CRNN + DBN)
# Track: Louise (Feat Edgar)
0.1600
2.1000
3.9800
5.8800
7.7800
9.7000
11.6000
13.5000
15.4000
17.3200
19.2200
21.1200
23.0200
24.9200
26.8400
28.7200
30.6400
32.5400
34.4400
36.3400
38.2600
40.1600
42.0600
43.9600
45.8800
47.7800
49.6800
51.5800
53.5000
55.4000
57.3000
59.2000
61.1200
63.0200
64.9200
66.8200
68.7400
70.6400
72.5400
74.4400
76.3600
78.2600
80.1600
82.0600
83.9600
85.8800
87.7800
89.6800
91.6000
93.5000
95.4000
97.3200
99.2000
101.1200
103.0200
104.9400
106.8400
108.7400
110.6400
112.5400
114.4400
116.3600
118.2600
120.1600
122.0800
123.9800
125.8800
127.7800
129.6800
131.5800
133.5000
135.4000
137.3000
139.2200
141.1200
143.0200
144.9200
146.8200
148.7400
150.6400
152.5600
154.4400
156.3600
158.2600
160.1600
162.0600
163.9800
165.8800
167.7800
169.7000
171.6000
173.5000
175.4000
177.3000
179.2200
181.1200
183.0200
184.9400
186.8400
188.7400
190.6400
192.5400
194.4600
196.3800
198.3400
200.4000
202.3200
204.2200
206.1200
208.0200
209.9400
211.8000
213.6200
215.4800
217.3000
219.2000
221.1200
223.0200
224.9200
226.8200
228.7400
230.6400
232.5400
234.4400
236.3600
238.2600
240.1600
242.0600
243.9800
245.8800
247.7800
249.6800
251.5800
253.5000
255.4000
257.3000
259.2200
261.1200
263.0200
264.9200
266.8200
268.7400
270.6400
272.5400
274.4400
276.3600
278.2600
280.1600
282.0600
283.9600
285.8800
287.7800
289.6800
291.5800
293.5000
295.4000
297.3000
299.2000
301.1200
303.0200
304.9200
306.8200
308.7400
310.6400
312.5400
314.4600
316.3600
318.2600
320.1600
322.0600
323.9800
325.8800
327.7800
329.6800
331.6000
333.5000
335.4000
337.3000
339.2200
341.3000
343.3800
345.4600
