# Neural Ground Truth Beats (BeatNet CRNN + DBN)
# Track: Me Gustas Tu
# Duration: 239.94s, Estimated BPM: 88.2
# Total Beats: 430, Downbeats: 107
0.2000
0.5600
0.9000
1.2400
1.5800
1.9200
2.2600
2.6000
2.9400
3.2800
3.6200
3.9600
4.3000
4.6400
4.9800
5.3200
5.6600
6.0000
6.3200
6.6800
7.0200
7.3600
7.7000
8.0400
8.3800
8.7200
9.0800
9.4000
9.7600
10.1000
10.4200
10.7800
11.1000
11.4400
11.7800
12.1400
12.4800
12.8200
13.1800
13.5000
13.8400
14.1800
14.5400
14.8600
15.2000
15.5400
15.9000
16.2400
16.5800
16.9200
17.2400
17.5800
17.9600
18.2800
18.6200
18.9600
19.3000
19.6400
19.9800
20.3200
20.6800
21.0000
21.3600
21.7000
22.0200
22.3600
22.7000
23.0400
23.3800
23.7400
24.1800
24.7600
25.4400
26.1200
26.8200
27.4800
28.1600
28.8400
29.5400
30.2200
30.9000
31.5600
32.3600
33.0400
33.7200
34.4000
35.1000
35.7400
36.4400
37.1200
37.8200
38.5000
39.2000
39.8600
40.5600
41.2000
41.9000
42.5800
43.2800
43.9600
44.6400
45.3200
46.0200
46.6800
47.3400
48.0600
48.7400
49.4200
50.1000
50.7800
51.4600
52.1400
52.8200
53.5000
54.2000
54.8400
55.5400
56.2400
56.8800
57.4800
58.1000
58.7600
59.4600
60.1400
60.8200
61.5000
62.2000
62.8800
63.5600
64.2400
64.9200
65.6000
66.2800
66.9600
67.6400
68.3200
69.0200
69.7000
70.3600
71.0400
71.7400
72.4200
73.0800
73.7600
74.4600
75.1400
75.8400
76.5000
77.2000
77.8800
78.5600
79.2400
79.9200
80.6000
81.2800
81.9600
82.6400
83.3200
84.0200
84.7000
85.3600
86.0600
86.7400
87.4200
88.1000
88.7800
89.4800
90.1400
90.8000
91.5200
92.2000
92.8800
93.5400
94.2400
94.9400
95.6200
96.2800
96.9800
97.6600
98.3400
99.0200
99.7000
100.4000
101.0400
101.7200
102.4200
103.1000
103.8000
104.4600
105.1400
105.8400
106.5200
107.1800
107.8600
108.5600
109.2400
109.9200
110.6000
111.3000
111.9600
112.6600
113.3200
114.0200
114.6800
115.3800
116.0600
116.7600
117.4400
118.1200
118.7600
119.4600
120.1400
120.8400
121.5200
122.2000
122.8800
123.5800
124.2400
124.9000
125.6200
126.3000
126.9800
127.6600
128.3400
129.0200
129.7000
130.3800
131.0600
131.7400
132.4200
133.1000
133.8000
134.4600
135.1600
135.8400
136.5200
137.1800
137.8800
138.5600
139.2400
139.9200
140.6200
141.2800
141.9600
142.6600
143.3400
144.0400
144.7000
145.3800
146.0600
146.7400
147.4200
148.1200
148.7800
149.4800
150.1600
150.8400
151.5200
152.2000
152.8800
153.5600
154.2600
154.9400
155.6000
156.2800
156.9600
157.6600
158.3200
159.0200
159.7000
160.3800
161.0600
161.7400
162.4200
163.1200
163.8000
164.4600
165.1600
165.8400
166.5200
167.2000
167.8800
168.5400
169.2400
169.9400
170.6200
171.3000
171.9800
172.6600
173.3400
174.0200
174.6800
175.4000
176.0600
176.7600
177.4200
178.1000
178.7800
179.4800
180.1600
180.8400
181.5200
182.1800
182.8800
183.5600
184.2400
184.9400
185.6000
186.2800
186.9800
187.6600
188.3400
189.0200
189.7000
190.4000
191.0600
191.7400
192.4400
193.1200
193.7800
194.4600
195.1600
195.8400
196.5000
197.2200
197.8800
198.5600
199.2400
199.9200
200.6000
201.3000
201.9800
202.6600
203.3400
204.0200
204.7000
205.3800
206.0600
206.7600
207.4400
208.1200
208.8000
209.4800
210.1600
210.6800
211.2000
211.5200
211.8800
212.2000
212.5400
212.8800
213.2400
213.5800
213.9200
214.2400
214.5800
214.9400
215.2800
215.6000
215.9400
216.3000
216.6400
216.9800
217.3200
217.6800
218.0200
218.3400
218.6800
219.0400
219.3800
219.7000
220.0600
220.4000
220.7400
221.0600
221.4200
221.7400
222.1000
222.4200
222.7800
223.1200
223.4600
223.7800
224.1400
224.4800
224.8200
225.1400
225.5000
225.8400
226.1800
226.5000
226.8600
227.2000
227.5400
227.8800
228.2400
228.5800
228.9400
229.2600
229.6000
229.9400
230.2800
230.6200
230.9600
231.3000
231.6400
232.0000
232.3200
232.6800
233.0200
233.3600
233.6800
234.0400
234.3800
234.7200
235.0600
235.4000
235.7400
236.0800
236.4000
236.7400
237.0800
237.4400
237.7600
238.1000
238.4400
238.7800
239.1200
239.4800
239.8000
