# Neural Ground Truth Downbeats (BeatNet CRNN + DBN)
# Track: Me Gustas Tu
0.9000
2.2600
3.6200
4.9800
6.3200
7.7000
9.0800
10.4200
11.7800
13.1800
14.5400
15.9000
17.2400
18.6200
19.9800
21.3600
22.7000
24.1800
26.8200
29.5400
32.3600
35.1000
37.8200
40.5600
43.2800
46.0200
48.7400
51.4600
54.2000
56.8800
59.4600
62.2000
64.9200
67.6400
70.3600
73.0800
75.8400
78.5600
81.2800
84.0200
86.7400
89.4800
92.2000
94.9400
97.6600
100.4000
103.1000
105.8400
108.5600
111.3000
114.0200
116.7600
119.4600
122.2000
124.9000
127.6600
130.3800
133.1000
135.8400
138.5600
141.2800
144.0400
146.7400
149.4800
152.2000
154.9400
157.6600
160.3800
163.1200
165.8400
168.5400
171.3000
174.0200
176.7600
179.4800
182.1800
184.9400
187.6600
190.4000
193.1200
195.8400
198.5600
201.3000
204.0200
206.7600
209.4800
211.5200
212.8800
214.2400
215.6000
216.9800
218.3400
219.7000
221.0600
222.4200
223.7800
225.1400
226.5000
227.8800
229.2600
230.6200
232.0000
233.3600
234.7200
236.0800
237.4400
238.7800
