# Neural Ground Truth Downbeats (BeatNet CRNN + DBN)
# Track: Message In A Bottle - Remastered 2003
0.4000
2.0000
3.6000
5.1800
6.7800
8.4000
10.0000
11.6000
13.2000
14.8000
16.4000
17.9600
19.5600
21.1400
22.7200
24.3200
25.9000
27.5000
29.1000
30.7000
32.2400
33.8600
35.4200
36.9800
38.4800
40.0400
41.6000
43.1400
44.6800
46.2400
47.8000
49.4000
50.9800
52.5600
54.1400
55.7400
57.3200
58.9400
60.5400
62.1800
63.5800
64.7800
66.1800
67.7800
69.3800
71.0000
72.5800
74.2200
75.8000
77.4400
79.0400
80.6400
82.2400
83.8400
85.4200
86.6600
87.8200
89.3800
90.9400
92.5000
94.0800
95.6600
97.2200
98.8000
100.3800
101.9200
103.5400
105.1400
106.7400
108.3200
109.9000
111.4800
113.0600
114.6600
116.2600
117.8400
119.4400
121.0400
122.6000
124.2000
125.8000
127.4200
129.0400
130.6400
132.2400
133.8200
135.4000
137.0000
138.6000
140.1800
141.8000
143.3800
145.0000
146.5800
148.1600
149.7600
151.3400
152.9200
154.5200
156.0800
157.6800
159.2400
160.8000
162.3600
163.9400
165.5200
167.0800
168.6400
170.2000
171.7800
173.3800
174.9600
176.5200
178.1200
179.6800
181.2400
182.8400
184.4200
185.9800
187.5800
189.1800
190.8000
192.4000
194.0000
195.6400
197.2400
198.8400
200.4600
202.0600
203.6400
205.2600
206.8600
208.4600
210.0400
211.6600
213.2200
214.8000
216.3800
217.9800
219.5600
221.1400
222.6800
224.3000
225.8800
227.4800
229.0400
230.6600
232.2400
233.8600
235.4000
237.0200
238.6200
240.2200
241.8000
243.4200
245.0000
246.5800
248.1400
249.7200
251.3200
252.9200
254.5000
256.1000
257.6800
259.2800
260.8600
262.4200
264.0000
265.6200
267.2200
268.8000
270.3800
271.9800
273.5600
275.1400
276.7400
278.3200
279.9200
281.5200
283.1200
284.7400
286.3400
288.0000
