# Neural Ground Truth Beats (BeatNet CRNN + DBN)
# Track: Message In A Bottle - Remastered 2003
# Duration: 290.28s, Estimated BPM: 150.0
# Total Beats: 731, Downbeats: 183
0.4000
0.8000
1.2000
1.6000
2.0000
2.3800
2.7800
3.2000
3.6000
4.0000
4.4000
4.7800
5.1800
5.5800
5.9800
6.3600
6.7800
7.1800
7.6200
8.0000
8.4000
8.8000
9.2000
9.6000
10.0000
10.4000
10.8000
11.2000
11.6000
12.0000
12.4000
12.8000
13.2000
13.6000
13.9800
14.3800
14.8000
15.1800
15.5800
15.9800
16.4000
16.7800
17.1800
17.5800
17.9600
18.3600
18.7400
19.1600
19.5600
19.9400
20.3400
20.7400
21.1400
21.5200
21.9200
22.3200
22.7200
23.1200
23.5200
23.9000
24.3200
24.7200
25.1000
25.5000
25.9000
26.3000
26.7000
27.1000
27.5000
27.9000
28.3000
28.7000
29.1000
29.5000
29.9000
30.2800
30.7000
31.0800
31.4800
31.8600
32.2400
32.6600
33.0600
33.4600
33.8600
34.2400
34.6400
35.0200
35.4200
35.8000
36.2000
36.5800
36.9800
37.3600
37.7400
38.1200
38.4800
38.8800
39.2400
39.6600
40.0400
40.4200
40.8200
41.2200
41.6000
42.0000
42.3800
42.7600
43.1400
43.5400
43.9200
44.3000
44.6800
45.0800
45.4800
45.8600
46.2400
46.6200
47.0200
47.4200
47.8000
48.2200
48.6000
49.0000
49.4000
49.7800
50.1800
50.5800
50.9800
51.3800
51.7800
52.1600
52.5600
52.9600
53.3400
53.7400
54.1400
54.5400
54.9400
55.3400
55.7400
56.1400
56.5400
56.9200
57.3200
57.7200
58.1400
58.5200
58.9400
59.3400
59.7400
60.1400
60.5400
60.9400
61.3600
61.7800
62.1800
62.5800
62.9400
63.2800
63.5800
63.8800
64.1800
64.4800
64.7800
65.0800
65.3800
65.7800
66.1800
66.5800
66.9800
67.3800
67.7800
68.2000
68.5800
69.0000
69.3800
69.7800
70.2000
70.6000
71.0000
71.4000
71.8000
72.2000
72.5800
73.0000
73.4000
73.8000
74.2200
74.6200
75.0200
75.4200
75.8000
76.2200
76.6200
77.0400
77.4400
77.8400
78.2400
78.6400
79.0400
79.4400
79.8400
80.2400
80.6400
81.0400
81.4200
81.8400
82.2400
82.6400
83.0400
83.4400
83.8400
84.2400
84.6400
85.0200
85.4200
85.8200
86.1000
86.3800
86.6600
86.9400
87.2200
87.5000
87.8200
88.2000
88.6000
88.9800
89.3800
89.7800
90.1600
90.5600
90.9400
91.3400
91.7400
92.1200
92.5000
92.9000
93.2800
93.6800
94.0800
94.4800
94.8600
95.2800
95.6600
96.0600
96.4400
96.8400
97.2200
97.6200
98.0200
98.4000
98.8000
99.1800
99.5800
99.9800
100.3800
100.7600
101.1400
101.5400
101.9200
102.3400
102.7200
103.1200
103.5400
103.9400
104.3400
104.7200
105.1400
105.5200
105.9200
106.3400
106.7400
107.1200
107.5200
107.9200
108.3200
108.7000
109.1000
109.5000
109.9000
110.3000
110.6800
111.0800
111.4800
111.8600
112.2600
112.6800
113.0600
113.4600
113.8600
114.2400
114.6600
115.0600
115.4600
115.8600
116.2600
116.6400
117.0400
117.4200
117.8400
118.2200
118.6400
119.0200
119.4400
119.8400
120.2200
120.6200
121.0400
121.4000
121.8000
122.2000
122.6000
123.0000
123.4000
123.8000
124.2000
124.6000
125.0000
125.4000
125.8000
126.2000
126.6000
127.0000
127.4200
127.8200
128.2400
128.6200
129.0400
129.4200
129.8200
130.2400
130.6400
131.0400
131.4400
131.8400
132.2400
132.6400
133.0200
133.4200
133.8200
134.2200
134.6200
135.0000
135.4000
135.8000
136.2000
136.6000
137.0000
137.4000
137.8000
138.2000
138.6000
138.9800
139.3800
139.7800
140.1800
140.5800
141.0000
141.4000
141.8000
142.2000
142.6000
142.9800
143.3800
143.7800
144.1800
144.5800
145.0000
145.3800
145.7800
146.1800
146.5800
146.9600
147.3600
147.7600
148.1600
148.5600
148.9600
149.3600
149.7600
150.1400
150.5600
150.9400
151.3400
151.7200
152.1200
152.5200
152.9200
153.3200
153.7400
154.1200
154.5200
154.9200
155.3000
155.7000
156.0800
156.4800
156.8800
157.2800
157.6800
158.0600
158.4600
158.8600
159.2400
159.6400
160.0200
160.4200
160.8000
161.2000
161.5800
161.9800
162.3600
162.7400
163.1200
163.5400
163.9400
164.3200
164.7200
165.1200
165.5200
165.9000
166.2800
166.7000
167.0800
167.4800
167.8600
168.2600
168.6400
169.0600
169.4400
169.8200
170.2000
170.6000
170.9800
171.3600
171.7800
172.1800
172.5800
172.9800
173.3800
173.7800
174.1600
174.5600
174.9600
175.3400
175.7400
176.1200
176.5200
176.9200
177.3000
177.7000
178.1200
178.5000
178.9000
179.2800
179.6800
180.0600
180.4400
180.8600
181.2400
181.6400
182.0400
182.4400
182.8400
183.2200
183.6200
184.0200
184.4200
184.8000
185.1800
185.6000
185.9800
186.4000
186.7800
187.1800
187.5800
187.9800
188.3800
188.7800
189.1800
189.5800
189.9800
190.3800
190.8000
191.2000
191.6000
191.9800
192.4000
192.7800
193.2000
193.6000
194.0000
194.4000
194.8000
195.2200
195.6400
196.0200
196.4200
196.8200
197.2400
197.6400
198.0400
198.4400
198.8400
199.2400
199.6400
200.0400
200.4600
200.8600
201.2600
201.6600
202.0600
202.4600
202.8600
203.2400
203.6400
204.0400
204.4600
204.8600
205.2600
205.6600
206.0600
206.4600
206.8600
207.2600
207.6600
208.0600
208.4600
208.8600
209.2600
209.6600
210.0400
210.4400
210.8400
211.2400
211.6600
212.0400
212.4400
212.8400
213.2200
213.6200
214.0400
214.4200
214.8000
215.2000
215.5800
215.9800
216.3800
216.7800
217.1800
217.5800
217.9800
218.3600
218.7600
219.1600
219.5600
219.9400
220.3600
220.7400
221.1400
221.5200
221.9000
222.3000
222.6800
223.0800
223.4800
223.8800
224.3000
224.7000
225.1000
225.5000
225.8800
226.2800
226.6800
227.0800
227.4800
227.8600
228.2600
228.6400
229.0400
229.4400
229.8400
230.2400
230.6600
231.0400
231.4400
231.8400
232.2400
232.6400
233.0400
233.4400
233.8600
234.2400
234.6200
235.0000
235.4000
235.8000
236.2200
236.6200
237.0200
237.4200
237.8200
238.2200
238.6200
239.0200
239.4200
239.8200
240.2200
240.6200
241.0200
241.4200
241.8000
242.2000
242.6200
243.0000
243.4200
243.8000
244.2200
244.6200
245.0000
245.4000
245.8000
246.2000
246.5800
246.9800
247.3600
247.7600
248.1400
248.5200
248.9200
249.3200
249.7200
250.1200
250.5200
250.9200
251.3200
251.7200
252.1200
252.5200
252.9200
253.3200
253.7200
254.1200
254.5000
254.9000
255.3000
255.7000
256.1000
256.4800
256.8800
257.2800
257.6800
258.0600
258.4800
258.8800
259.2800
259.6600
260.0600
260.4600
260.8600
261.2400
261.6400
262.0400
262.4200
262.8200
263.2200
263.6200
264.0000
264.4000
264.8200
265.2200
265.6200
266.0200
266.4200
266.8200
267.2200
267.6200
268.0200
268.4000
268.8000
269.1800
269.5800
269.9600
270.3800
270.7600
271.1600
271.5800
271.9800
272.3600
272.7600
273.1600
273.5600
273.9600
274.3600
274.7400
275.1400
275.5400
275.9400
276.3400
276.7400
277.1200
277.5400
277.9200
278.3200
278.7200
279.1200
279.5200
279.9200
280.3200
280.7200
281.1000
281.5200
281.9000
282.3200
282.7000
283.1200
283.5200
283.9200
284.3200
284.7400
285.1200
285.5400
285.9200
286.3400
286.7400
287.1600
287.5600
288.0000
288.4200
288.8200
