# Neural Ground Truth Downbeats (BeatNet CRNN + DBN)
# Track: Minor Swing
0.2400
1.5800
2.8800
4.1200
5.3400
6.6000
7.8200
9.1000
10.3600
11.6400
12.8200
14.0200
15.2200
16.4400
17.6200
18.8800
20.0800
21.3200
22.5600
23.7800
25.0200
26.2600
27.4800
28.7000
29.9200
31.1400
32.3600
33.5800
34.8000
36.0200
37.2400
38.4600
39.6600
40.9000
42.1000
43.3000
44.5000
45.7200
46.9400
48.1200
49.3400
50.5200
51.7200
52.9000
54.1000
55.3200
56.5000
57.7000
58.9200
60.1200
61.3400
62.5200
63.7400
64.9400
66.1400
67.3200
68.5200
69.7200
70.9200
72.1200
73.3400
74.5400
75.7400
76.9200
78.1400
79.3600
80.5600
81.7600
82.9400
84.1200
85.3000
86.4800
87.6400
88.5400
89.4600
90.6600
91.8400
93.0400
94.2200
95.3800
96.5800
97.7800
98.9600
100.1400
101.3400
102.5400
103.7000
104.9000
106.0800
107.2800
108.4800
109.6400
110.8200
112.0200
113.2000
114.3800
115.5800
116.7800
117.9400
119.1400
120.3600
121.2400
122.1400
123.3000
124.5000
125.6800
126.8600
128.0000
129.2000
130.4000
131.5800
132.7200
133.9200
135.1000
136.2800
137.4600
138.6600
139.8400
141.0200
142.2000
143.3800
144.5600
145.7400
146.9200
148.0800
149.2800
150.4600
151.6400
152.7800
153.9800
155.1600
156.3400
157.5200
158.7000
159.8600
161.0400
162.2200
163.3800
164.5800
165.7400
166.9200
168.1000
169.2800
170.4400
171.6200
172.7800
173.9600
175.1600
176.3600
177.5400
178.7400
179.9200
181.1000
182.2600
183.4600
184.6600
185.8600
187.0400
188.2200
189.4000
190.5600
191.7000
192.8800
194.0200
