# Neural Ground Truth Beats (BeatNet CRNN + DBN)
# Track: Minor Swing
# Duration: 196.63s, Estimated BPM: 100.0
# Total Beats: 327, Downbeats: 164
0.2400
0.9400
1.5800
2.2200
2.8800
3.4800
4.1200
4.7200
5.3400
5.9800
6.6000
7.2000
7.8200
8.4400
9.1000
9.7400
10.3600
11.0200
11.6400
12.2400
12.8200
13.4400
14.0200
14.6200
15.2200
15.8400
16.4400
17.0200
17.6200
18.2600
18.8800
19.4800
20.0800
20.7000
21.3200
21.9400
22.5600
23.1800
23.7800
24.4200
25.0200
25.6400
26.2600
26.8800
27.4800
28.1000
28.7000
29.3200
29.9200
30.5200
31.1400
31.7600
32.3600
32.9600
33.5800
34.2000
34.8000
35.4200
36.0200
36.6400
37.2400
37.8400
38.4600
39.0400
39.6600
40.3000
40.9000
41.5000
42.1000
42.7000
43.3000
43.9000
44.5000
45.1200
45.7200
46.3400
46.9400
47.5200
48.1200
48.7200
49.3400
49.9200
50.5200
51.1200
51.7200
52.3000
52.9000
53.5200
54.1000
54.7200
55.3200
55.9000
56.5000
57.1000
57.7000
58.3000
58.9200
59.5400
60.1200
60.7400
61.3400
61.9200
62.5200
63.1400
63.7400
64.3400
64.9400
65.5200
66.1400
66.7400
67.3200
67.9200
68.5200
69.1200
69.7200
70.3200
70.9200
71.5400
72.1200
72.7400
73.3400
73.9400
74.5400
75.1400
75.7400
76.3400
76.9200
77.5200
78.1400
78.7400
79.3600
79.9600
80.5600
81.1600
81.7600
82.3600
82.9400
83.5200
84.1200
84.7000
85.3000
85.8800
86.4800
87.0600
87.6400
88.0800
88.5400
89.0000
89.4600
90.0600
90.6600
91.2600
91.8400
92.4400
93.0400
93.6200
94.2200
94.8000
95.3800
95.9800
96.5800
97.1800
97.7800
98.3800
98.9600
99.5600
100.1400
100.7400
101.3400
101.9400
102.5400
103.1200
103.7000
104.3000
104.9000
105.5000
106.0800
106.6800
107.2800
107.8800
108.4800
109.0600
109.6400
110.2400
110.8200
111.4200
112.0200
112.6000
113.2000
113.8000
114.3800
114.9800
115.5800
116.2000
116.7800
117.3600
117.9400
118.5400
119.1400
119.7600
120.3600
120.8200
121.2400
121.7000
122.1400
122.7200
123.3000
123.9000
124.5000
125.1000
125.6800
126.2600
126.8600
127.4400
128.0000
128.6000
129.2000
129.7800
130.4000
130.9800
131.5800
132.1400
132.7200
133.3400
133.9200
134.5400
135.1000
135.6800
136.2800
136.8600
137.4600
138.0800
138.6600
139.2600
139.8400
140.4200
141.0200
141.6200
142.2000
142.7800
143.3800
143.9600
144.5600
145.1600
145.7400
146.3400
146.9200
147.5000
148.0800
148.6800
149.2800
149.8800
150.4600
151.0400
151.6400
152.2200
152.7800
153.3800
153.9800
154.5800
155.1600
155.7600
156.3400
156.9200
157.5200
158.1200
158.7000
159.3000
159.8600
160.4600
161.0400
161.6400
162.2200
162.8000
163.3800
163.9800
164.5800
165.1800
165.7400
166.3400
166.9200
167.5000
168.1000
168.7000
169.2800
169.8600
170.4400
171.0400
171.6200
172.2000
172.7800
173.3600
173.9600
174.5600
175.1600
175.7600
176.3600
176.9600
177.5400
178.1400
178.7400
179.3400
179.9200
180.5000
181.1000
181.6800
182.2600
182.8600
183.4600
184.0800
184.6600
185.2600
185.8600
186.4400
187.0400
187.6200
188.2200
188.8000
189.4000
189.9800
190.5600
191.1400
191.7000
192.3000
192.8800
193.4400
194.0200
