# Neural Ground Truth Downbeats (BeatNet CRNN + DBN)
# Track: Mon fils ma bataille
1.2200
3.3400
5.4600
7.5400
9.6400
11.7600
13.8600
15.9800
18.0600
20.1800
22.2800
24.3600
26.4400
28.5400
30.6600
32.7800
34.8400
36.9400
39.0200
41.1200
43.2000
45.2600
47.3600
49.4400
51.5200
53.5800
55.7000
57.7600
59.8800
61.9800
64.1000
65.9800
67.6800
69.7800
71.8600
73.9600
76.0000
78.0800
80.1800
82.2600
84.3200
86.4400
88.5400
90.6600
92.7600
94.8200
96.9200
99.0000
101.1200
103.1800
105.3000
107.4000
109.4800
111.5400
113.6000
115.6400
117.7200
119.7800
121.8600
123.9200
126.0000
128.0600
130.1600
132.2400
134.3200
136.4000
138.5200
140.6000
142.6800
144.7400
146.8600
148.9600
151.0400
153.1000
155.1800
157.2600
159.3400
161.4400
163.5000
165.6000
167.6400
169.7200
171.7600
173.8600
175.9400
178.0200
180.0800
182.1400
184.1800
186.2400
188.3200
190.3800
192.4600
194.5000
196.5400
198.6000
200.6800
202.7600
204.8200
206.8600
208.9000
210.9800
213.0600
215.1200
217.2000
219.2400
221.2800
223.3600
225.4200
227.5000
229.5400
231.6000
233.6400
235.7000
237.7600
239.8400
241.9200
243.9800
246.0200
248.4400
250.9800
