# Neural Ground Truth Beats (BeatNet CRNN + DBN)
# Track: Mon fils ma bataille
# Duration: 251.75s, Estimated BPM: 115.4
# Total Beats: 483, Downbeats: 121
0.6800
1.2200
1.7600
2.3000
2.8200
3.3400
3.8800
4.3800
4.9200
5.4600
5.9800
6.5000
7.0400
7.5400
8.0800
8.6000
9.1200
9.6400
10.1800
10.7200
11.2200
11.7600
12.2800
12.7800
13.3400
13.8600
14.4000
14.9200
15.4600
15.9800
16.4800
17.0000
17.5200
18.0600
18.5800
19.1200
19.6400
20.1800
20.7000
21.2200
21.7400
22.2800
22.8000
23.3200
23.8400
24.3600
24.8800
25.3800
25.9200
26.4400
26.9600
27.5000
28.0200
28.5400
29.0800
29.6000
30.1400
30.6600
31.2000
31.7400
32.2600
32.7800
33.2800
33.8000
34.3200
34.8400
35.3600
35.9000
36.4200
36.9400
37.4800
38.0000
38.5200
39.0200
39.5600
40.0600
40.6000
41.1200
41.6400
42.1600
42.6800
43.2000
43.7000
44.2200
44.7400
45.2600
45.7800
46.3200
46.8400
47.3600
47.8800
48.4000
48.9200
49.4400
49.9800
50.4800
51.0000
51.5200
52.0400
52.5400
53.0600
53.5800
54.1000
54.6400
55.1800
55.7000
56.2000
56.7200
57.2600
57.7600
58.2800
58.8200
59.3400
59.8800
60.4000
60.9400
61.4600
61.9800
62.5200
63.0400
63.5800
64.1000
64.6000
65.1000
65.6000
65.9800
66.4000
66.8000
67.1800
67.6800
68.2000
68.7400
69.2600
69.7800
70.3000
70.8200
71.3400
71.8600
72.4000
72.9200
73.4400
73.9600
74.4600
74.9800
75.4800
76.0000
76.5200
77.0400
77.5800
78.0800
78.6200
79.1400
79.6400
80.1800
80.6800
81.2200
81.7400
82.2600
82.7800
83.3000
83.8200
84.3200
84.8600
85.3800
85.9000
86.4400
86.9800
87.5000
88.0200
88.5400
89.0800
89.6000
90.1400
90.6600
91.1800
91.7000
92.2200
92.7600
93.2800
93.7800
94.3000
94.8200
95.3400
95.8600
96.4000
96.9200
97.4200
97.9400
98.4800
99.0000
99.5200
100.0400
100.5800
101.1200
101.6200
102.1400
102.6600
103.1800
103.7200
104.2400
104.7600
105.3000
105.8200
106.3600
106.8800
107.4000
107.9200
108.4400
108.9600
109.4800
110.0000
110.5200
111.0200
111.5400
112.0600
112.5800
113.0800
113.6000
114.1000
114.6200
115.1200
115.6400
116.1400
116.6600
117.1800
117.7200
118.2400
118.7600
119.2800
119.7800
120.3200
120.8400
121.3400
121.8600
122.3800
122.9000
123.4200
123.9200
124.4400
124.9600
125.4800
126.0000
126.5000
127.0400
127.5600
128.0600
128.5800
129.1200
129.6400
130.1600
130.6800
131.2000
131.7400
132.2400
132.7600
133.2800
133.8000
134.3200
134.8400
135.3600
135.8800
136.4000
136.9200
137.4600
137.9800
138.5200
139.0200
139.5600
140.0600
140.6000
141.1200
141.6400
142.1600
142.6800
143.2000
143.7000
144.2200
144.7400
145.2600
145.8200
146.3400
146.8600
147.4000
147.9000
148.4200
148.9600
149.4800
150.0000
150.5200
151.0400
151.5400
152.0600
152.5800
153.1000
153.6200
154.1400
154.6600
155.1800
155.7000
156.2000
156.7400
157.2600
157.7800
158.3200
158.8200
159.3400
159.8600
160.4000
160.9200
161.4400
161.9600
162.4800
163.0000
163.5000
164.0200
164.5400
165.0800
165.6000
166.1000
166.6200
167.1200
167.6400
168.1400
168.6600
169.2000
169.7200
170.2400
170.7400
171.2600
171.7600
172.3000
172.8200
173.3200
173.8600
174.3800
174.9000
175.4200
175.9400
176.4600
176.9600
177.4800
178.0200
178.5200
179.0600
179.5600
180.0800
180.5800
181.1000
181.6200
182.1400
182.6600
183.1800
183.6800
184.1800
184.7000
185.2200
185.7200
186.2400
186.7600
187.3000
187.8000
188.3200
188.8400
189.3600
189.8800
190.3800
190.9000
191.4200
191.9400
192.4600
192.9800
193.5000
194.0000
194.5000
195.0000
195.5000
196.0200
196.5400
197.0400
197.5800
198.0800
198.6000
199.1200
199.6600
200.1600
200.6800
201.2000
201.7200
202.2400
202.7600
203.2800
203.7800
204.3200
204.8200
205.3400
205.8600
206.3600
206.8600
207.3800
207.8800
208.3800
208.9000
209.4200
209.9400
210.4600
210.9800
211.5000
212.0200
212.5400
213.0600
213.5800
214.0800
214.6000
215.1200
215.6400
216.1600
216.6800
217.2000
217.7200
218.2200
218.7400
219.2400
219.7400
220.2400
220.7600
221.2800
221.8000
222.3200
222.8400
223.3600
223.8600
224.4000
224.9200
225.4200
225.9400
226.4800
226.9800
227.5000
228.0200
228.5200
229.0400
229.5400
230.0800
230.6000
231.1000
231.6000
232.1000
232.6200
233.1200
233.6400
234.1600
234.6800
235.2000
235.7000
236.2200
236.7400
237.2600
237.7600
238.2800
238.8000
239.3200
239.8400
240.3600
240.8800
241.4000
241.9200
242.4400
242.9600
243.4600
243.9800
244.4800
245.0000
245.5000
246.0200
246.5600
247.2000
247.8000
248.4400
249.0400
249.7000
250.3400
250.9800
251.6000
