# Neural Ground Truth Beats (BeatNet CRNN + DBN)
# Track: Money For Nothing
# Duration: 510.93s, Estimated BPM: 136.4
# Total Beats: 1196, Downbeats: 299
0.4600
0.9200
1.3600
1.7800
2.2000
2.6400
3.0400
3.4800
3.8800
4.3200
4.7400
5.1400
5.5800
5.9800
6.4200
6.8200
7.2400
7.6800
8.1000
8.5000
8.9400
9.3400
9.7600
10.1800
10.6200
11.0400
11.4600
11.8800
12.2800
12.7200
13.1000
13.5000
13.9000
14.3000
14.7000
15.1200
15.5000
15.9200
16.3200
16.7000
17.1200
17.4800
17.8600
18.2600
18.6400
19.0200
19.3800
19.7800
20.1600
20.5400
20.8800
21.2400
21.6200
21.9600
22.3000
22.6400
22.9800
23.3200
23.6600
24.0000
24.3200
24.6800
25.0000
25.3400
25.6800
26.0200
26.3600
26.7000
27.0600
27.3800
27.7200
28.0600
28.4000
28.7800
29.1200
29.4800
29.8400
30.2000
30.5600
30.9200
31.3000
31.6600
32.0000
32.3800
32.7200
33.1000
33.4600
33.8000
34.1600
34.5200
34.9000
35.2600
35.6000
35.9600
36.3200
36.7000
37.0600
37.4000
37.7800
38.1200
38.5000
38.8600
39.2000
39.5600
39.9400
40.3000
40.6600
41.0000
41.3600
41.7200
42.0800
42.4600
42.8000
43.1400
43.4800
43.8200
44.1600
44.5000
44.8200
45.1800
45.5200
45.8400
46.2000
46.5200
46.8600
47.2000
47.5400
47.8800
48.2200
48.5600
48.9000
49.2400
49.5800
49.9400
50.2600
50.6200
50.9600
51.2800
51.6200
51.9800
52.3000
52.6400
52.9800
53.3400
53.6600
54.0200
54.3400
54.6800
55.0200
55.3600
55.7000
56.0600
56.3800
56.7200
57.0600
57.4000
57.7400
58.0800
58.4200
58.7800
59.1000
59.4600
59.8000
60.1400
60.4800
60.8200
61.1600
61.5000
61.8400
62.1800
62.5200
62.8600
63.2000
63.5400
63.8600
64.2000
64.5400
64.8800
65.2200
65.5600
65.9000
66.2400
66.5800
66.9200
67.2800
67.6200
67.9400
68.2800
68.6200
68.9600
69.3200
69.6600
70.0000
70.3200
70.6600
71.0400
71.3800
71.7600
72.1000
72.4600
72.8200
73.1800
73.5600
73.9200
74.2400
74.6000
74.9200
75.2800
75.6000
75.9600
76.2800
76.6600
77.0200
77.3800
77.7400
78.0800
78.4400
78.8000
79.1600
79.5200
79.8800
80.2600
80.6200
80.9600
81.3200
81.6400
81.9800
82.3400
82.6800
83.0000
83.3400
83.6800
84.0400
84.3800
84.7000
85.0600
85.3800
85.7200
86.0600
86.4000
86.7600
87.1000
87.4200
87.7800
88.1000
88.4400
88.7800
89.1600
89.5200
89.8600
90.2400
90.5800
90.9800
91.3400
91.7200
92.1200
92.4800
92.8600
93.2600
93.6200
94.0200
94.4400
94.8400
95.2200
95.6200
96.0200
96.4400
96.8400
97.2600
97.7000
98.1200
98.5400
98.9600
99.3800
99.8000
100.2200
100.6200
101.0400
101.4600
101.9200
102.3600
102.8200
103.2600
103.7200
104.1600
104.6000
105.0400
105.5000
105.9400
106.3800
106.8400
107.3000
107.7400
108.1800
108.6400
109.0600
109.5200
109.9600
110.4000
110.8600
111.3000
111.7600
112.2000
112.6600
113.1000
113.5400
114.0000
114.4400
114.8800
115.3400
115.7800
116.2200
116.6600
117.1200
117.5800
118.0200
118.4600
118.9000
119.3400
119.8000
120.2400
120.7000
121.1600
121.6000
122.0400
122.5000
122.9200
123.3600
123.8200
124.2800
124.7400
125.1800
125.6000
126.0600
126.5000
126.9600
127.4200
127.8600
128.3000
128.7400
129.1800
129.6400
130.0800
130.5200
130.9600
131.4200
131.8800
132.3200
132.7600
133.2200
133.6600
134.1200
134.5600
135.0200
135.4600
135.9000
136.3400
136.8000
137.2400
137.7000
138.1400
138.5800
139.0400
139.4800
139.9200
140.3800
140.8200
141.2800
141.7200
142.1600
142.6000
143.0600
143.5000
143.9600
144.3800
144.8400
145.2800
145.7400
146.1800
146.6400
147.0800
147.5400
147.9800
148.4200
148.8600
149.3200
149.7600
150.2200
150.6600
151.1000
151.5600
152.0000
152.4400
152.8800
153.3400
153.7800
154.2400
154.7000
155.1400
155.5800
156.0200
156.4800
156.9200
157.3800
157.8000
158.2400
158.6800
159.1400
159.5800
160.0200
160.4800
160.9400
161.4000
161.8400
162.2800
162.7400
163.1800
163.6200
164.0800
164.5200
164.9600
165.4200
165.8600
166.3200
166.7800
167.2200
167.6600
168.1000
168.5600
169.0000
169.4400
169.8800
170.3400
170.7800
171.2400
171.6800
172.1200
172.5600
173.0200
173.4600
173.9000
174.3400
174.8200
175.2600
175.7000
176.1400
176.6000
177.0200
177.5000
177.9600
178.3800
178.8200
179.2800
179.7200
180.1600
180.5800
181.0400
181.5000
181.9600
182.4000
182.8600
183.3000
183.7400
184.1800
184.6400
185.1000
185.5400
185.9800
186.4400
186.9000
187.3400
187.7800
188.2400
188.6800
189.1200
189.5400
190.0000
190.4600
190.9000
191.3400
191.8000
192.2400
192.6800
193.1400
193.6000
194.0400
194.4800
194.9200
195.3800
195.8200
196.2400
196.7200
197.1600
197.6200
198.0600
198.5200
198.9400
199.4200
199.8600
200.3000
200.7400
201.1800
201.6400
202.0800
202.5400
202.9800
203.4400
203.9000
204.3200
204.7800
205.2200
205.6600
206.1200
206.5600
207.0000
207.4400
207.9000
208.3600
208.8000
209.2400
209.6800
210.1400
210.5800
211.0400
211.4800
211.9200
212.3800
212.8200
213.2600
213.7200
214.1600
214.6000
215.0600
215.5000
215.9400
216.4000
216.8400
217.2800
217.7400
218.2000
218.6400
219.0800
219.5400
219.9800
220.4200
220.8600
221.3000
221.7600
222.2200
222.6600
223.1000
223.5600
224.0000
224.4400
224.8800
225.3200
225.7800
226.2400
226.6800
227.1400
227.5800
228.0200
228.4800
228.9000
229.3800
229.8200
230.2600
230.7000
231.1600
231.6000
232.0400
232.5000
232.9400
233.4000
233.8400
234.2800
234.7400
235.1600
235.6200
236.0800
236.5200
236.9600
237.3800
237.8600
238.3200
238.7600
239.2000
239.6600
240.1000
240.5400
241.0000
241.4400
241.8800
242.3400
242.7800
243.2000
243.6600
244.1200
244.5600
245.0200
245.4600
245.9000
246.3600
246.8000
247.2400
247.7000
248.1400
248.6000
249.0400
249.4800
249.9400
250.4000
250.8400
251.2800
251.7200
252.1800
252.6200
253.0600
253.5000
253.9600
254.4000
254.8600
255.3000
255.7400
256.1800
256.6200
257.0800
257.5400
258.0000
258.4400
258.8800
259.3400
259.7800
260.2200
260.6600
261.1200
261.5600
262.0200
262.4600
262.9200
263.3400
263.8000
264.2400
264.7000
265.1600
265.6000
266.0200
266.4800
266.9200
267.3600
267.8200
268.2600
268.7000
269.1400
269.5800
270.0200
270.4800
270.9400
271.4000
271.8400
272.2800
272.7400
273.1800
273.6200
274.0800
274.5200
274.9800
275.4000
275.8600
276.3000
276.7600
277.2200
277.6600
278.1000
278.5600
279.0000
279.4400
279.9000
280.3400
280.7800
281.2200
281.6800
282.1400
282.5800
283.0400
283.5000
283.9400
284.3800
284.8200
285.2800
285.7200
286.1600
286.6000
287.0600
287.5000
287.9400
288.3800
288.8400
289.3000
289.7200
290.1800
290.6200
291.0800
291.5200
291.9800
292.4200
292.8800
293.3000
293.7600
294.2000
294.6400
295.1000
295.5600
296.0000
296.4400
296.8800
297.3200
297.7600
298.2200
298.6600
299.1200
299.5800
300.0200
300.4600
300.9000
301.3600
301.8000
302.2400
302.7000
303.1600
303.6000
304.0600
304.5000
304.9400
305.3800
305.8200
306.2800
306.7200
307.1800
307.6200
308.0600
308.5200
308.9600
309.4200
309.8600
310.3000
310.7600
311.2000
311.6400
312.0800
312.5400
313.0000
313.4400
313.8800
314.3400
314.7800
315.2200
315.6800
316.1200
316.5600
317.0200
317.4600
317.9000
318.3200
318.7800
319.2400
319.6800
320.1600
320.6000
321.0400
321.5000
321.9200
322.3800
322.8200
323.2800
323.7200
324.1600
324.6000
325.0400
325.5000
325.9400
326.4000
326.8600
327.3200
327.7400
328.2000
328.6400
329.1000
329.5400
329.9800
330.4200
330.8800
331.3200
331.7800
332.2200
332.6400
333.1000
333.5600
334.0000
334.4600
334.9000
335.3400
335.8000
336.2400
336.6800
337.1400
337.5800
338.0200
338.4600
338.9200
339.3600
339.8000
340.2600
340.7200
341.1800
341.6200
342.0600
342.5000
342.9600
343.3800
343.8400
344.3000
344.7400
345.2000
345.6400
346.0800
346.5200
346.9800
347.4200
347.8600
348.3200
348.7600
349.2200
349.6600
350.1000
350.5600
351.0000
351.4400
351.8800
352.3400
352.7600
353.2200
353.6600
354.1000
354.5600
355.0200
355.4800
355.9200
356.3600
356.8000
357.2600
357.6800
358.1600
358.6000
359.0400
359.5000
359.9400
360.4000
360.8400
361.2800
361.7200
362.1800
362.6200
363.0800
363.5200
363.9600
364.4000
364.8600
365.3000
365.7600
366.1800
366.6400
367.0800
367.5200
367.9800
368.4400
368.8800
369.3400
369.7800
370.2200
370.6800
371.1200
371.5400
371.9800
372.4600
372.9200
373.3600
373.8200
374.2400
374.6800
375.1400
375.5800
376.0400
376.4800
376.9400
377.3800
377.8200
378.2600
378.7000
379.1600
379.6000
380.0600
380.5000
380.9600
381.4000
381.8400
382.2800
382.7400
383.1800
383.6400
384.1000
384.5400
384.9800
385.4200
385.8800
386.3200
386.7600
387.2000
387.6600
388.1200
388.5400
389.0000
389.4600
389.9000
390.3400
390.8000
391.2400
391.6800
392.1400
392.5800
393.0400
393.4800
393.9200
394.3600
394.8000
395.2800
395.7200
396.1600
396.6000
397.0400
397.5000
397.9400
398.4000
398.8400
399.2800
399.7200
400.1800
400.6200
401.0600
401.5200
401.9600
402.4200
402.8600
403.3200
403.7600
404.1800
404.6400
405.1200
405.5400
406.0000
406.4400
406.8800
407.3400
407.7800
408.2200
408.6800
409.1200
409.5800
410.0200
410.4600
410.9000
411.3600
411.8200
412.2600
412.7000
413.1600
413.6000
414.0400
414.5000
414.9400
415.3800
415.8400
416.2800
416.7200
417.1600
417.6200
418.0600
418.5000
418.9600
419.4000
419.8400
420.3000
420.7600
421.2000
421.6600
422.0800
422.5400
422.9800
423.4200
423.8800
424.3400
424.7800
425.2200
425.6600
426.1000
426.5600
427.0200
427.4800
427.9000
428.3400
428.7800
429.2400
429.6800
430.1200
430.5800
431.0400
431.4800
431.9400
432.3800
432.8200
433.2600
433.7200
434.1600
434.6200
435.0600
435.5000
435.9400
436.3800
436.8400
437.2800
437.7400
438.2000
438.6400
439.0800
439.5200
439.9800
440.4200
440.8800
441.3200
441.7800
442.2200
442.6600
443.1000
443.5600
444.0000
444.4600
444.9000
445.3600
445.7800
446.2400
446.6800
447.1200
447.5800
448.0200
448.4600
448.9200
449.3600
449.8000
450.2400
450.7000
451.1400
451.6000
452.0400
452.4800
452.9200
453.3600
453.8200
454.2800
454.7200
455.1800
455.6200
456.0800
456.5200
456.9600
457.4200
457.8600
458.3000
458.7400
459.2000
459.6400
460.0800
460.5400
461.0000
461.4400
461.8800
462.3400
462.7800
463.2400
463.6800
464.1200
464.5600
465.0000
465.4600
465.9200
466.3600
466.8000
467.2400
467.7000
468.1400
468.6000
469.0400
469.5000
469.9400
470.3800
470.8200
471.2600
471.7200
472.1600
472.6200
473.0600
473.5000
473.9600
474.4000
474.8600
475.3000
475.7600
476.2000
476.6600
477.1000
477.5400
477.9800
478.4400
478.8800
479.3200
479.7800
480.2200
480.6600
481.1200
481.5600
482.0200
482.4400
482.9000
483.3400
483.7800
484.2400
484.6800
485.1400
485.5800
486.0400
486.4800
486.9400
487.3800
487.8200
488.2600
488.7200
489.1400
489.6200
490.0600
490.5000
490.9600
491.4000
491.8400
492.3000
492.7400
493.2000
493.6600
494.1400
494.5600
495.0000
495.4400
495.8800
496.3200
496.7800
497.2200
497.6600
498.1000
498.5200
498.9000
499.3000
499.7000
500.1200
500.5200
500.9000
501.3000
501.7000
502.1200
502.5200
502.9000
503.3000
503.7000
504.1200
504.5000
504.9000
505.3400
505.7600
506.1800
506.6200
507.0600
507.4800
507.9200
508.3800
508.8000
509.2400
509.6800
510.1400
510.5600
