# Neural Ground Truth Beats (BeatNet CRNN + DBN)
# Track: Money For Nothing_1
# Duration: 1021.87s, Estimated BPM: 136.4
# Total Beats: 2096, Downbeats: 524
0.0200
0.4400
0.9000
1.3400
1.7600
2.2200
2.6600
3.0800
3.5400
3.9800
4.4000
4.8200
5.2400
5.6400
6.0800
6.4800
6.9000
7.3200
7.7400
8.1600
8.6000
9.0200
9.4400
9.8400
10.2800
10.7000
11.1200
11.5200
11.9600
12.3800
12.8000
13.2000
13.6200
14.0400
14.4800
14.9000
15.3000
15.7200
16.1600
16.5800
17.0000
17.4000
17.8200
18.2400
18.6600
19.1000
19.5200
19.9400
20.3400
20.7800
21.2000
21.6200
22.0200
22.4600
22.8800
23.3000
23.7200
24.1200
24.5400
24.9600
25.3800
25.8200
26.2200
26.6600
27.0800
27.4800
27.9000
28.3200
28.7400
29.1800
29.5800
30.0000
30.4200
30.8600
31.2800
31.6800
32.1000
32.5200
32.9200
33.3400
33.7400
34.1400
34.5400
34.9200
35.3400
35.7200
36.0800
36.4600
36.8400
37.2200
37.6000
38.0000
38.3800
38.7600
39.1400
39.5200
39.8800
40.2800
40.6400
41.0200
41.4000
41.7800
42.1800
42.5600
42.9400
43.3000
43.6600
44.0200
44.3800
44.7600
45.1200
45.4600
45.8200
46.2000
46.5400
46.9000
47.2800
47.6200
47.9800
48.3400
48.7200
49.0600
49.4400
49.8000
50.1400
50.5000
50.8800
51.2400
51.5800
51.9400
52.3000
52.6600
53.0400
53.4000
53.7600
54.1200
54.4600
54.8400
55.2000
55.5200
55.8600
56.2000
56.5400
56.9000
57.2200
57.5800
57.9000
58.2600
58.5800
58.9200
59.2800
59.6000
59.9400
60.3000
60.6200
60.9800
61.3000
61.6600
61.9800
62.3400
62.6800
63.0200
63.3400
63.7000
64.0600
64.4200
64.8000
65.1600
65.5000
65.8600
66.2000
66.5600
66.9000
67.2400
67.5800
67.9200
68.2400
68.5800
68.9400
69.2800
69.6000
69.9400
70.2800
70.6400
70.9800
71.3200
71.6400
72.0000
72.3600
72.7600
73.1400
73.5000
73.8800
74.2800
74.6400
75.0200
75.4000
75.7800
76.2000
76.6000
76.9800
77.4000
77.7800
78.1800
78.6000
78.9800
79.4000
79.7800
80.2000
80.6400
81.1000
81.5400
81.9600
82.4200
82.8800
83.3200
83.8000
84.2600
84.7200
85.1600
85.6200
86.0800
86.5600
86.9800
87.4200
87.8600
88.3000
88.7600
89.2000
89.6200
90.1000
90.5600
91.0000
91.4800
91.9200
92.3800
92.8400
93.2800
93.7200
94.1800
94.6000
95.0400
95.5200
95.9800
96.4200
96.8800
97.3200
97.7800
98.2200
98.6600
99.0000
99.3600
99.7400
100.0800
100.4600
100.8000
101.1600
101.5200
101.9000
102.2600
102.6000
102.9600
103.3200
103.6800
104.0400
104.4200
104.7600
105.1400
105.4800
105.8400
106.2000
106.5600
106.9400
107.3000
107.6400
108.0200
108.3800
108.7200
109.0800
109.4400
109.8200
110.1600
110.5600
110.9200
111.3000
111.7000
112.0800
112.4400
112.8200
113.1800
113.5400
113.9000
114.2600
114.6200
114.9800
115.3400
115.6800
116.0400
116.3600
116.7200
117.0600
117.3800
117.7200
118.0600
118.4200
118.7400
119.0800
119.4200
119.7800
120.1000
120.4600
120.7800
121.1000
121.4200
121.7400
122.0600
122.3800
122.7000
123.0200
123.3400
123.6600
123.9800
124.3000
124.6200
124.9400
125.2600
125.5800
125.9000
126.2200
126.5400
126.8600
127.1800
127.5000
127.8200
128.1400
128.4600
128.7800
129.1000
129.4200
129.7400
130.0600
130.3800
130.7000
131.0200
131.3400
131.6600
131.9800
132.3000
132.6200
132.9400
133.2600
133.5800
133.9000
134.2200
134.5400
134.8600
135.1800
135.5000
135.8400
136.1600
136.5200
136.8400
137.1800
137.5400
137.8800
138.2200
138.5400
138.9000
139.2400
139.5800
139.9000
140.2400
140.6000
140.9200
141.2800
141.6000
141.9600
142.3000
142.6200
142.9800
143.3000
143.6600
143.9800
144.3200
144.6800
145.0200
145.3400
145.6800
146.0200
146.3800
146.7400
147.1000
147.4800
147.8200
148.2000
148.5400
148.9000
149.2600
149.6400
150.0400
150.4000
150.7800
151.1800
151.5600
151.9200
152.3200
152.7000
153.0600
153.4400
153.8400
154.2200
154.6000
155.0000
155.4000
155.7800
156.1800
156.5800
157.0000
157.4000
157.8000
158.2000
158.6000
158.9800
159.4000
159.8000
160.1800
160.6200
161.0400
161.4600
161.9000
162.3400
162.7600
163.1800
163.5800
163.9600
164.3600
164.7600
165.1600
165.5800
165.9600
166.3800
166.8200
167.2600
167.7000
168.1400
168.5600
168.9800
169.4200
169.8400
170.3000
170.7200
171.1600
171.6200
172.1000
172.5600
173.0200
173.4600
173.9200
174.3800
174.8400
175.3200
175.7600
176.1800
176.6400
177.0800
177.5000
177.9400
178.4000
178.8200
179.2600
179.7200
180.1600
180.6000
181.0600
181.5200
182.0000
182.4400
182.8800
183.3200
183.7800
184.2200
184.6400
185.0800
185.5200
185.9600
186.4000
186.8600
187.3000
187.7200
188.1800
188.6200
189.0600
189.5000
189.9400
190.3800
190.8600
191.3000
191.7600
192.2200
192.7000
193.1600
193.6000
194.0600
194.5400
194.9600
195.4200
195.8400
196.2800
196.7400
197.1600
197.6000
198.0600
198.5000
198.9400
199.3800
199.8200
200.2400
200.7200
201.1600
201.6200
202.0600
202.5000
202.9400
203.4000
203.8200
204.2800
204.7200
205.2000
205.6400
206.1200
206.5600
207.0200
207.4600
207.9000
208.3600
208.8000
209.2400
209.6800
210.1000
210.5400
210.9800
211.4400
211.8800
212.3400
212.7800
213.2600
213.7000
214.1800
214.6200
215.0600
215.5000
215.9600
216.4000
216.8400
217.2600
217.7000
218.1400
218.5800
219.0400
219.4800
219.9000
220.3600
220.8200
221.2800
221.7600
222.2200
222.6400
223.0800
223.5400
223.9800
224.4000
224.8000
225.1800
225.5400
225.9200
226.3200
226.6800
227.1200
227.5600
228.0200
228.4600
228.9000
229.3400
229.7800
230.2400
230.6800
231.1400
231.5800
232.0400
232.4800
232.9200
233.3600
233.8000
234.2600
234.7200
235.1600
235.6200
236.0600
236.5000
236.9400
237.3600
237.8000
238.2600
238.7000
239.1600
239.6200
240.0400
240.5000
240.9400
241.4000
241.8400
242.3000
242.7600
243.2200
243.6600
244.1000
244.5400
245.0000
245.4400
245.8600
246.3000
246.7600
247.2000
247.6600
248.1200
248.5800
249.0400
249.4800
249.9400
250.3800
250.8400
251.2600
251.7000
252.1400
252.6000
253.0200
253.4800
253.9600
254.4200
254.8400
255.3000
255.7400
256.1800
256.6000
257.0600
257.5000
257.9400
258.4000
258.8400
259.4200
260.1800
261.0200
261.9400
262.8400
263.7600
264.6600
265.5400
266.4400
267.3400
268.2600
269.1200
270.0400
270.9200
271.8200
272.7000
273.6200
274.5000
275.4000
276.2800
277.2000
278.0400
278.9800
279.8600
280.7800
281.6600
282.5800
283.4400
284.3400
285.1800
286.1000
287.0000
287.9200
288.8000
289.6800
290.5600
291.4800
292.3600
293.3000
294.1600
295.0800
295.9600
296.8600
297.7400
298.6400
299.5000
300.4400
301.3200
302.2400
303.1200
304.0200
304.9000
305.7800
306.6600
307.5800
308.5000
309.3600
310.3000
311.2000
312.0600
312.9800
313.8400
314.7600
315.6200
316.5200
317.4200
318.3200
319.2200
320.1200
321.0200
321.9200
322.8000
323.7000
324.5800
325.5000
326.3800
327.2800
328.1600
329.0600
329.9400
330.8400
331.7400
332.6600
333.5600
334.4400
335.3000
336.2200
337.1200
337.9800
338.8800
339.8000
340.6800
341.5000
342.0600
342.5000
342.9400
343.3800
343.8400
344.2600
344.7000
345.1600
345.6000
346.0400
346.4800
346.9200
347.3800
347.8400
348.3000
348.7600
349.2000
349.6400
350.0800
350.5400
350.9600
351.4200
351.8600
352.3000
352.7200
353.1800
353.6400
354.1200
354.5800
355.0000
355.4600
355.9000
356.3400
356.7800
357.2400
357.7000
358.1400
358.5600
359.0000
359.4600
359.9000
360.3200
360.7800
361.2400
361.6800
362.1400
362.5600
363.0200
363.4600
363.8800
364.3400
364.8200
365.2600
365.7200
366.1800
366.6200
367.0600
367.5000
367.9400
368.4000
368.8600
369.3000
369.7800
370.2200
370.6400
371.0800
371.5600
372.0000
372.4400
372.8800
373.3200
373.7800
374.2400
374.6800
375.1400
375.6000
376.0600
376.4800
376.9400
377.3800
377.8000
378.2400
378.6800
379.1600
379.6000
380.0400
380.5000
380.9200
381.3800
381.8400
382.3000
382.7400
383.1800
383.6400
384.0600
384.5200
384.9400
385.4000
385.8600
386.3000
386.7600
387.2000
387.6400
388.0800
388.5200
388.9600
389.4200
389.8800
390.3200
390.7600
391.2000
391.6600
392.1000
392.5600
393.0000
393.4600
393.9200
394.3400
394.8000
395.4000
396.1600
397.0400
397.9600
398.8200
399.6800
400.6000
401.5000
402.3800
403.3000
404.1800
405.1000
406.0000
406.8600
407.7200
408.6600
409.5600
410.4400
411.3400
412.2400
413.1200
413.9800
414.9200
415.8200
416.7200
417.5800
418.5000
419.3800
420.2000
420.7400
421.2000
421.6600
422.1000
422.5400
422.9600
423.4000
423.8600
424.2800
424.7600
425.2000
425.6600
426.0800
426.5400
426.9600
427.4200
427.8600
428.3200
428.7800
429.2200
429.6800
430.1200
430.5600
431.0200
431.4400
431.9000
432.3400
432.8000
433.2400
433.7000
434.1400
434.6000
435.0200
435.4800
435.9400
436.4000
436.8400
437.2800
437.7400
438.1600
438.6200
439.0600
439.5200
439.9600
440.4200
440.8600
441.3000
441.7600
442.2000
442.6400
443.0800
443.5400
444.0200
444.4400
444.9000
445.3200
445.7600
446.2000
446.6600
447.1000
447.5800
448.0200
448.4800
448.9400
449.3800
449.8000
450.2400
450.7000
451.1400
451.5800
452.0400
452.5000
452.9400
453.4000
453.8600
454.3000
454.7400
455.1800
455.6400
456.0800
456.5000
456.9400
457.4200
457.8800
458.3200
458.7800
459.2200
459.6600
460.1000
460.5600
460.9800
461.4400
461.8600
462.3200
462.7600
463.1800
463.6600
464.1000
464.5800
465.0400
465.4600
465.9200
466.3400
466.8000
467.2600
467.7000
468.1400
468.5600
469.0000
469.4600
469.9000
470.3400
470.7800
471.2600
471.7200
472.1600
472.6000
473.0400
473.5000
473.9400
474.3800
474.8200
475.2800
475.7400
476.1800
476.6400
477.1200
477.5400
477.9800
478.4200
478.8800
479.3200
479.7600
480.2000
480.6400
481.0800
481.5200
481.9600
482.4200
482.9000
483.3600
483.8000
484.2600
484.7000
485.1200
485.5600
486.0400
486.4800
486.9200
487.3600
487.8200
488.2600
488.7000
489.1400
489.6000
490.0400
490.5000
490.9400
491.3800
491.8400
492.2800
492.7400
493.1800
493.6400
494.0800
494.5000
494.9400
495.4200
495.8800
496.3200
496.8000
497.3400
497.8600
498.4200
498.9600
499.4000
499.8800
500.3200
500.7800
501.2400
501.6800
502.1200
502.5800
503.0200
503.4600
503.8800
504.3600
504.8000
505.2600
505.6800
506.1400
506.5800
507.0000
507.4400
507.9200
508.3800
508.8200
509.2800
509.7400
510.2000
510.6400
511.0800
511.5200
511.9600
512.4000
512.8400
513.3000
513.7400
514.2000
514.6600
515.1000
515.5400
516.0000
516.4400
516.8800
517.3000
517.7400
518.1800
518.6800
519.1400
519.8200
520.4400
521.3600
522.2600
523.1400
524.0400
524.9200
525.7800
526.7000
527.5800
528.4800
529.4000
530.3000
531.2000
532.0600
532.9800
533.8600
534.7600
535.6400
536.4800
537.4200
538.3000
539.1800
540.1000
541.0200
541.9200
542.8200
543.7000
544.5800
545.4800
546.4000
547.2800
548.1800
549.0800
549.9600
550.8400
551.7400
552.6400
553.5400
554.4400
555.3400
556.2400
557.1200
558.0200
558.9000
559.8000
560.6800
561.5600
562.4600
563.4000
564.3000
565.2000
566.0600
566.9800
567.8600
568.7600
569.6400
570.5800
571.4400
572.3200
573.2000
574.1200
575.0000
575.9200
576.8200
577.6800
578.6000
579.4600
580.3800
581.2800
582.1800
583.0800
583.9400
584.8600
585.7600
586.6400
587.5000
588.4200
589.3200
590.1000
590.6600
591.2200
591.8000
592.2800
592.7800
593.2800
593.7200
594.2000
594.6400
595.1000
595.5400
596.0000
596.4400
596.8800
597.3200
597.7800
598.2600
598.7000
599.1600
599.6000
600.0600
600.5000
600.9600
601.4000
601.8200
602.2600
602.7000
603.1600
603.6000
604.0400
604.5200
604.9800
605.4000
605.8600
606.3000
606.7800
607.2200
607.6600
608.1200
608.5400
609.0000
609.4200
609.8800
610.3000
610.7000
611.0800
611.4400
611.8200
612.2000
612.5800
613.0200
613.4800
613.9400
614.4000
614.8400
615.2600
615.7000
616.1400
616.6000
617.0400
617.4800
617.9200
618.3800
618.8400
619.2800
619.7200
620.1800
620.6200
621.0400
621.4800
621.9400
622.4200
622.8600
623.2800
623.7400
624.1800
624.6200
625.1000
625.5600
626.0000
626.4600
626.8800
627.3400
627.8000
628.2400
628.7000
629.1200
629.5800
630.0200
630.4600
630.9200
631.3600
631.8200
632.2400
632.6800
633.1400
633.6000
634.0400
634.4600
634.9200
635.3400
635.7800
636.2400
636.6800
637.1200
637.5600
638.0200
638.4800
638.9400
639.3800
639.8400
640.3000
640.7800
641.2200
641.6400
642.1000
642.5200
642.9800
643.4400
643.8600
644.3000
644.7800
645.2200
645.6600
646.1000
646.5400
647.0000
647.4400
647.8800
648.3200
648.7600
649.2000
649.6600
650.1000
650.5800
651.0200
651.4400
651.9200
652.3800
652.8200
653.3000
653.7400
654.2200
654.6400
655.1000
655.5400
655.9600
656.4000
656.8400
657.2800
657.7200
658.2000
658.6600
659.1000
659.5400
659.9800
660.4400
660.8600
661.3400
661.9800
662.6600
663.5600
664.4000
665.3400
666.2000
667.1400
668.0200
668.9200
669.8000
670.7000
671.6000
672.5000
673.3600
674.2800
675.1400
676.0600
676.9400
677.8600
678.7600
679.6600
680.4600
680.9600
681.4400
681.9000
682.3600
682.8200
683.2400
683.7000
684.1400
684.5800
685.0200
685.4600
685.8800
686.3400
686.8000
687.2400
687.7000
688.1400
688.6000
689.0400
689.5000
689.9800
690.4000
690.8600
691.2800
691.7400
692.1800
692.6000
693.0600
693.5000
693.9600
694.4200
694.8400
695.3000
695.7400
696.1800
696.6600
697.1200
697.5400
697.9800
698.4400
698.8600
699.3000
699.7400
700.1800
700.6400
701.0800
701.5400
701.9800
702.4600
702.9000
703.3600
703.8000
704.2400
704.6800
705.1400
705.5800
706.0000
706.4400
706.9000
707.3400
707.7800
708.2600
708.7200
709.1600
709.5800
710.0600
710.5000
710.9600
711.4200
711.8600
712.3000
712.7600
713.1800
713.6400
714.0800
714.5200
714.9600
715.4200
715.8600
716.3400
716.8000
717.2200
717.6600
718.1200
718.5600
719.0000
719.4400
719.8800
720.3200
720.7800
721.2400
721.6800
722.1200
722.5800
723.0200
723.4600
723.9200
724.3600
724.8200
725.2600
725.7000
726.1600
726.6000
727.0400
727.4800
727.9600
728.3800
728.8200
729.2600
729.7200
730.1600
730.6000
731.0800
731.5400
731.9800
732.4000
732.8600
733.3000
733.7400
734.1800
734.6200
735.0600
735.4800
735.9600
736.4000
736.8800
737.3400
737.7600
738.2000
738.6800
739.1200
739.5800
740.0200
740.4600
740.9200
741.3600
741.8000
742.2400
742.6800
743.1000
743.5600
744.0200
744.5000
744.9200
745.3800
745.8200
746.2800
746.7400
747.1800
747.6400
748.0800
748.5000
748.9400
749.3800
749.8200
750.2600
750.7200
751.1800
751.6400
752.0800
752.5600
753.0000
753.4400
753.8800
754.3400
754.7800
755.2000
755.6400
756.1000
756.5400
756.9800
757.4200
757.8800
758.3400
758.7800
759.2400
759.7000
760.1400
760.5800
761.0200
761.4800
761.9200
762.3600
762.7800
763.2400
763.6600
764.1200
764.5600
765.0000
765.4800
765.9400
766.4000
766.8400
767.3000
767.7600
768.2000
768.6400
769.1000
769.5200
769.9600
770.4000
770.8600
771.3000
771.7200
772.2000
772.6600
773.1000
773.5400
774.0000
774.4400
774.8800
775.3200
775.7800
776.2400
776.6800
777.1400
777.5800
778.0200
778.4600
778.9200
779.3800
779.8200
780.3000
780.7200
781.1800
781.6000
782.0600
782.5000
782.9600
783.4000
783.8400
784.3000
784.7400
785.1600
785.6200
786.0400
786.5200
786.9600
787.4200
787.8600
788.3000
788.7600
789.1800
789.6400
790.0800
790.5400
791.0000
791.4400
791.8600
792.3000
792.7600
793.2000
793.6200
794.0800
794.5400
795.0000
795.4400
795.9000
796.3600
796.8000
797.2600
797.7000
798.1400
798.5800
799.0200
799.4600
799.9000
800.3600
800.8400
801.2800
801.7200
802.1600
802.6200
803.0600
803.4800
803.9400
804.4000
804.8600
805.3200
805.7600
806.2000
806.6400
807.0800
807.5000
807.9400
808.3800
808.8400
809.3000
809.7600
810.2400
810.6800
811.1200
811.5800
812.0200
812.4600
812.9000
813.3400
813.7600
814.2200
814.6800
815.1200
815.5800
816.0200
816.4600
816.9200
817.3600
817.8000
818.2200
818.7000
819.1400
819.6000
820.2000
820.9200
821.8400
822.7200
823.6400
824.5400
825.4400
826.3200
827.1800
828.0800
828.9800
829.8800
830.7800
831.6800
832.5800
833.4800
834.3800
835.2600
836.1200
837.0200
837.9200
838.8200
839.6800
840.5800
841.5200
842.4000
843.3200
844.1800
845.0800
845.9800
846.8600
847.7800
848.6800
849.5400
850.4400
851.3000
852.1400
852.6800
853.1400
853.5800
854.0400
854.5200
854.9600
855.4000
855.8400
856.2600
856.7000
857.1400
857.6000
858.0400
858.4800
858.9200
859.3400
859.8200
860.2800
860.7200
861.1800
861.6400
862.0800
862.5400
862.9800
863.4400
863.8800
864.3200
864.7600
865.2000
865.6600
866.1000
866.5600
867.0200
867.4800
867.9200
868.3600
868.8000
869.2600
869.6800
870.1200
870.5800
871.0200
871.4600
871.8800
872.3400
872.7600
873.2200
873.6800
874.1400
874.6000
875.0400
875.4800
875.9400
876.4000
876.8400
877.2800
877.7200
878.1600
878.6200
879.0600
879.5000
879.9600
880.4200
880.8600
881.3400
881.7600
882.2200
882.6800
883.1400
883.5600
884.0200
884.4600
884.9000
885.3400
885.7800
886.2000
886.6400
887.1200
887.5800
888.0200
888.4800
888.9600
889.4000
889.8400
890.2600
890.7000
891.1600
891.6000
892.0400
892.4800
892.9400
893.3800
893.8200
894.2600
894.7200
895.1600
895.6200
896.0800
896.5200
896.9600
897.4200
897.8600
898.2800
898.7400
899.1800
899.6200
900.0600
900.5000
900.9600
901.4000
901.8600
902.3000
902.7600
903.1800
903.6400
904.0800
904.5200
904.9400
905.4000
905.8400
906.2600
906.7000
907.1800
907.6200
908.0800
908.5600
909.0200
909.4600
909.9200
910.3600
910.8000
911.2400
911.6800
912.1600
912.6000
913.0400
913.4800
913.9400
914.3800
914.8400
915.3000
915.7400
916.1800
916.6200
917.0600
917.5000
917.9400
918.3800
918.8400
919.3000
919.7400
920.2000
920.6600
921.1000
921.5400
922.0000
922.4400
922.8600
923.3200
923.7400
924.2200
924.6800
925.1200
925.5800
926.0400
926.4800
926.9200
927.3600
927.7800
928.2400
928.6800
929.1200
929.5600
930.0000
930.4800
930.9200
931.3800
931.8400
932.2800
932.7400
933.1800
933.6000
934.0600
934.5400
934.9600
935.4200
935.8600
936.3000
936.7200
937.1800
937.6400
938.1000
938.5400
939.0000
939.4600
939.9000
940.3400
940.7800
941.2400
941.6800
942.1000
942.5400
943.0000
943.4400
943.8800
944.3400
944.8000
945.2400
945.7000
946.1400
946.6000
947.0200
947.4800
947.9200
948.4000
948.8200
949.2600
949.7200
950.1600
950.6000
951.0600
951.5200
952.0000
952.4400
952.8800
953.3000
953.7600
954.2000
954.6400
955.1000
955.5600
955.9800
956.4400
956.8800
957.3200
957.7600
958.2200
958.6600
959.1200
959.5400
959.9800
960.4400
960.8800
961.3200
961.7600
962.2400
962.7000
963.1200
963.5800
964.0200
964.4600
964.9000
965.3600
965.8200
966.2800
966.7000
967.1400
967.6000
968.0200
968.4800
968.9600
969.4000
969.8600
970.3000
970.7400
971.2000
971.6400
972.0800
972.5000
972.9800
973.4200
973.8800
974.3600
974.7800
975.2200
975.6600
976.1200
976.5400
976.9800
977.4400
977.9200
978.3600
978.8000
979.2600
979.7000
980.1400
980.5800
981.0200
981.4800
981.9200
982.4000
982.8400
983.3000
983.7400
984.2000
984.6200
985.0600
985.5000
985.9400
986.3800
986.8200
987.2800
987.7200
988.1600
988.6000
989.0400
989.4800
989.9200
990.3400
990.7800
991.2400
991.7200
992.1800
992.6400
993.0800
993.5400
994.0200
994.4600
994.9200
995.4000
995.8800
996.3800
996.8400
997.3400
997.8200
998.2800
998.7800
999.2600
999.7200
1000.2200
1000.6800
1001.1800
1001.6400
1002.1400
1002.6200
1003.1000
1003.5800
1004.0600
1004.5200
1005.0200
1005.4800
1005.9800
1006.4600
1006.9200
1007.4000
1007.8800
1008.3600
1008.8400
1009.3200
1009.8200
1010.2600
1010.6800
1011.1200
1011.5600
1012.0000
1012.4400
1012.8400
1013.2600
1013.7000
1014.1200
1014.5600
1014.9800
1015.4400
1015.8800
1016.3000
1016.7600
1017.2000
1017.6200
1018.0600
1018.5000
1018.9600
1019.3800
1019.8200
1020.2800
1020.7200
1021.1400
1021.5800
