# Neural Ground Truth Downbeats (BeatNet CRNN + DBN)
# Track: Money For Nothing_1
0.0200
1.7600
3.5400
5.2400
6.9000
8.6000
10.2800
11.9600
13.6200
15.3000
17.0000
18.6600
20.3400
22.0200
23.7200
25.3800
27.0800
28.7400
30.4200
32.1000
33.7400
35.3400
36.8400
38.3800
39.8800
41.4000
42.9400
44.3800
45.8200
47.2800
48.7200
50.1400
51.5800
53.0400
54.4600
55.8600
57.2200
58.5800
59.9400
61.3000
62.6800
64.0600
65.5000
66.9000
68.2400
69.6000
70.9800
72.3600
73.8800
75.4000
76.9800
78.6000
80.2000
81.9600
83.8000
85.6200
87.4200
89.2000
91.0000
92.8400
94.6000
96.4200
98.2200
99.7400
101.1600
102.6000
104.0400
105.4800
106.9400
108.3800
109.8200
111.3000
112.8200
114.2600
115.6800
117.0600
118.4200
119.7800
121.1000
122.3800
123.6600
124.9400
126.2200
127.5000
128.7800
130.0600
131.3400
132.6200
133.9000
135.1800
136.5200
137.8800
139.2400
140.6000
141.9600
143.3000
144.6800
146.0200
147.4800
148.9000
150.4000
151.9200
153.4400
155.0000
156.5800
158.2000
159.8000
161.4600
163.1800
164.7600
166.3800
168.1400
169.8400
171.6200
173.4600
175.3200
177.0800
178.8200
180.6000
182.4400
184.2200
185.9600
187.7200
189.5000
191.3000
193.1600
194.9600
196.7400
198.5000
200.2400
202.0600
203.8200
205.6400
207.4600
209.2400
210.9800
212.7800
214.6200
216.4000
218.1400
219.9000
221.7600
223.5400
225.1800
226.6800
228.4600
230.2400
232.0400
233.8000
235.6200
237.3600
239.1600
240.9400
242.7600
244.5400
246.3000
248.1200
249.9400
251.7000
253.4800
255.3000
257.0600
258.8400
261.9400
265.5400
269.1200
272.7000
276.2800
279.8600
283.4400
287.0000
290.5600
294.1600
297.7400
301.3200
304.9000
308.5000
312.0600
315.6200
319.2200
322.8000
326.3800
329.9400
333.5600
337.1200
340.6800
342.9400
344.7000
346.4800
348.3000
350.0800
351.8600
353.6400
355.4600
357.2400
359.0000
360.7800
362.5600
364.3400
366.1800
367.9400
369.7800
371.5600
373.3200
375.1400
376.9400
378.6800
380.5000
382.3000
384.0600
385.8600
387.6400
389.4200
391.2000
393.0000
394.8000
397.9600
401.5000
405.1000
408.6600
412.2400
415.8200
419.3800
421.6600
423.4000
425.2000
426.9600
428.7800
430.5600
432.3400
434.1400
435.9400
437.7400
439.5200
441.3000
443.0800
444.9000
446.6600
448.4800
450.2400
452.0400
453.8600
455.6400
457.4200
459.2200
460.9800
462.7600
464.5800
466.3400
468.1400
469.9000
471.7200
473.5000
475.2800
477.1200
478.8800
480.6400
482.4200
484.2600
486.0400
487.8200
489.6000
491.3800
493.1800
494.9400
496.8000
498.9600
500.7800
502.5800
504.3600
506.1400
507.9200
509.7400
511.5200
513.3000
515.1000
516.8800
518.6800
521.3600
524.9200
528.4800
532.0600
535.6400
539.1800
542.8200
546.4000
549.9600
553.5400
557.1200
560.6800
564.3000
567.8600
571.4400
575.0000
578.6000
582.1800
585.7600
589.3200
591.8000
593.7200
595.5400
597.3200
599.1600
600.9600
602.7000
604.5200
606.3000
608.1200
609.8800
611.4400
613.0200
614.8400
616.6000
618.3800
620.1800
621.9400
623.7400
625.5600
627.3400
629.1200
630.9200
632.6800
634.4600
636.2400
638.0200
639.8400
641.6400
643.4400
645.2200
647.0000
648.7600
650.5800
652.3800
654.2200
655.9600
657.7200
659.5400
661.3400
664.4000
668.0200
671.6000
675.1400
678.7600
681.4400
683.2400
685.0200
686.8000
688.6000
690.4000
692.1800
693.9600
695.7400
697.5400
699.3000
701.0800
702.9000
704.6800
706.4400
708.2600
710.0600
711.8600
713.6400
715.4200
717.2200
719.0000
720.7800
722.5800
724.3600
726.1600
727.9600
729.7200
731.5400
733.3000
735.0600
736.8800
738.6800
740.4600
742.2400
744.0200
745.8200
747.6400
749.3800
751.1800
753.0000
754.7800
756.5400
758.3400
760.1400
761.9200
763.6600
765.4800
767.3000
769.1000
770.8600
772.6600
774.4400
776.2400
778.0200
779.8200
781.6000
783.4000
785.1600
786.9600
788.7600
790.5400
792.3000
794.0800
795.9000
797.7000
799.4600
801.2800
803.0600
804.8600
806.6400
808.3800
810.2400
812.0200
813.7600
815.5800
817.3600
819.1400
821.8400
825.4400
828.9800
832.5800
836.1200
839.6800
843.3200
846.8600
850.4400
853.1400
854.9600
856.7000
858.4800
860.2800
862.0800
863.8800
865.6600
867.4800
869.2600
871.0200
872.7600
874.6000
876.4000
878.1600
879.9600
881.7600
883.5600
885.3400
887.1200
888.9600
890.7000
892.4800
894.2600
896.0800
897.8600
899.6200
901.4000
903.1800
904.9400
906.7000
908.5600
910.3600
912.1600
913.9400
915.7400
917.5000
919.3000
921.1000
922.8600
924.6800
926.4800
928.2400
930.0000
931.8400
933.6000
935.4200
937.1800
939.0000
940.7800
942.5400
944.3400
946.1400
947.9200
949.7200
951.5200
953.3000
955.1000
956.8800
958.6600
960.4400
962.2400
964.0200
965.8200
967.6000
969.4000
971.2000
972.9800
974.7800
976.5400
978.3600
980.1400
981.9200
983.7400
985.5000
987.2800
989.0400
990.7800
992.6400
994.4600
996.3800
998.2800
1000.2200
1002.1400
1004.0600
1005.9800
1007.8800
1009.8200
1011.5600
1013.2600
1014.9800
1016.7600
1018.5000
1020.2800
