# Neural Ground Truth Downbeats (BeatNet CRNN + DBN)
# Track: Money For Nothing
1.3600
3.0400
4.7400
6.4200
8.1000
9.7600
11.4600
13.1000
14.7000
16.3200
17.8600
19.3800
20.8800
22.3000
23.6600
25.0000
26.3600
27.7200
29.1200
30.5600
32.0000
33.4600
34.9000
36.3200
37.7800
39.2000
40.6600
42.0800
43.4800
44.8200
46.2000
47.5400
48.9000
50.2600
51.6200
52.9800
54.3400
55.7000
57.0600
58.4200
59.8000
61.1600
62.5200
63.8600
65.2200
66.5800
67.9400
69.3200
70.6600
72.1000
73.5600
74.9200
76.2800
77.7400
79.1600
80.6200
81.9800
83.3400
84.7000
86.0600
87.4200
88.7800
90.2400
91.7200
93.2600
94.8400
96.4400
98.1200
99.8000
101.4600
103.2600
105.0400
106.8400
108.6400
110.4000
112.2000
114.0000
115.7800
117.5800
119.3400
121.1600
122.9200
124.7400
126.5000
128.3000
130.0800
131.8800
133.6600
135.4600
137.2400
139.0400
140.8200
142.6000
144.3800
146.1800
147.9800
149.7600
151.5600
153.3400
155.1400
156.9200
158.6800
160.4800
162.2800
164.0800
165.8600
167.6600
169.4400
171.2400
173.0200
174.8200
176.6000
178.3800
180.1600
181.9600
183.7400
185.5400
187.3400
189.1200
190.9000
192.6800
194.4800
196.2400
198.0600
199.8600
201.6400
203.4400
205.2200
207.0000
208.8000
210.5800
212.3800
214.1600
215.9400
217.7400
219.5400
221.3000
223.1000
224.8800
226.6800
228.4800
230.2600
232.0400
233.8400
235.6200
237.3800
239.2000
241.0000
242.7800
244.5600
246.3600
248.1400
249.9400
251.7200
253.5000
255.3000
257.0800
258.8800
260.6600
262.4600
264.2400
266.0200
267.8200
269.5800
271.4000
273.1800
274.9800
276.7600
278.5600
280.3400
282.1400
283.9400
285.7200
287.5000
289.3000
291.0800
292.8800
294.6400
296.4400
298.2200
300.0200
301.8000
303.6000
305.3800
307.1800
308.9600
310.7600
312.5400
314.3400
316.1200
317.9000
319.6800
321.5000
323.2800
325.0400
326.8600
328.6400
330.4200
332.2200
334.0000
335.8000
337.5800
339.3600
341.1800
342.9600
344.7400
346.5200
348.3200
350.1000
351.8800
353.6600
355.4800
357.2600
359.0400
360.8400
362.6200
364.4000
366.1800
367.9800
369.7800
371.5400
373.3600
375.1400
376.9400
378.7000
380.5000
382.2800
384.1000
385.8800
387.6600
389.4600
391.2400
393.0400
394.8000
396.6000
398.4000
400.1800
401.9600
403.7600
405.5400
407.3400
409.1200
410.9000
412.7000
414.5000
416.2800
418.0600
419.8400
421.6600
423.4200
425.2200
427.0200
428.7800
430.5800
432.3800
434.1600
435.9400
437.7400
439.5200
441.3200
443.1000
444.9000
446.6800
448.4600
450.2400
452.0400
453.8200
455.6200
457.4200
459.2000
461.0000
462.7800
464.5600
466.3600
468.1400
469.9400
471.7200
473.5000
475.3000
477.1000
478.8800
480.6600
482.4400
484.2400
486.0400
487.8200
489.6200
491.4000
493.2000
495.0000
496.7800
498.5200
500.1200
501.7000
503.3000
504.9000
506.6200
508.3800
510.1400
