# Neural Ground Truth Downbeats (BeatNet CRNN + DBN)
# Track: Mr Bobby
0.0600
1.6400
3.2400
4.8400
6.4600
8.0400
9.6600
11.2600
12.8600
14.4600
16.0400
17.6600
19.2600
20.8400
22.4400
24.0400
25.6600
27.2600
28.8400
30.4600
32.0600
33.6600
35.2400
36.8600
38.4600
40.0400
41.6400
43.2400
44.8600
46.4400
48.0400
49.6600
51.2400
52.8600
54.4600
56.0600
57.6600
59.2400
60.8400
62.4600
64.0600
65.6600
67.2600
68.8600
70.4600
72.0400
73.6600
75.2600
76.8600
78.4600
80.0400
81.6400
83.2600
84.8600
86.4400
88.0600
89.6600
91.2600
92.8600
94.4600
96.0600
97.6400
99.2600
100.8400
102.4400
104.0600
105.6600
107.2600
108.8600
110.4600
112.0600
113.6600
115.2600
116.8600
118.4400
120.0600
121.6600
123.2600
124.8600
126.4600
128.0600
129.6400
131.2600
132.8600
134.4600
136.0600
137.6400
139.2400
140.8600
142.4400
144.0400
145.6600
147.2600
148.8600
150.4600
152.0600
153.6600
155.2600
156.8400
158.4600
160.0600
161.6600
163.2600
164.8600
166.4600
168.0600
169.6600
171.2600
172.8600
174.4600
176.0600
177.6600
179.2600
180.8600
182.4600
184.0400
185.6600
187.2400
188.8600
190.4600
192.0600
193.6600
195.2600
196.8600
198.4400
200.0400
201.6400
203.2200
204.8400
206.4400
208.0400
209.6400
211.2400
212.8400
214.4200
216.0200
217.6400
219.2400
220.8200
222.4000
224.0000
225.6200
227.2200
228.7800
