# Neural Ground Truth Beats (BeatNet CRNN + DBN)
# Track: Mr Bobby
# Duration: 229.38s, Estimated BPM: 150.0
# Total Beats: 574, Downbeats: 144
0.0600
0.4600
0.8600
1.2400
1.6400
2.0400
2.4400
2.8600
3.2400
3.6400
4.0400
4.4600
4.8400
5.2600
5.6600
6.0600
6.4600
6.8600
7.2600
7.6600
8.0400
8.4400
8.8600
9.2600
9.6600
10.0400
10.4600
10.8600
11.2600
11.6600
12.0600
12.4600
12.8600
13.2400
13.6600
14.0400
14.4600
14.8600
15.2600
15.6400
16.0400
16.4400
16.8600
17.2400
17.6600
18.0400
18.4600
18.8400
19.2600
19.6400
20.0400
20.4600
20.8400
21.2600
21.6400
22.0600
22.4400
22.8400
23.2400
23.6600
24.0400
24.4600
24.8600
25.2600
25.6600
26.0400
26.4400
26.8600
27.2600
27.6600
28.0600
28.4600
28.8400
29.2600
29.6600
30.0600
30.4600
30.8600
31.2600
31.6600
32.0600
32.4400
32.8400
33.2600
33.6600
34.0600
34.4600
34.8400
35.2400
35.6600
36.0600
36.4600
36.8600
37.2600
37.6600
38.0600
38.4600
38.8400
39.2400
39.6600
40.0400
40.4400
40.8400
41.2400
41.6400
42.0400
42.4600
42.8600
43.2400
43.6600
44.0600
44.4400
44.8600
45.2400
45.6600
46.0600
46.4400
46.8600
47.2600
47.6600
48.0400
48.4400
48.8600
49.2600
49.6600
50.0600
50.4600
50.8600
51.2400
51.6600
52.0600
52.4600
52.8600
53.2400
53.6600
54.0400
54.4600
54.8600
55.2600
55.6600
56.0600
56.4600
56.8600
57.2600
57.6600
58.0600
58.4400
58.8400
59.2400
59.6600
60.0600
60.4600
60.8400
61.2400
61.6400
62.0600
62.4600
62.8600
63.2600
63.6400
64.0600
64.4600
64.8600
65.2600
65.6600
66.0600
66.4600
66.8600
67.2600
67.6400
68.0600
68.4600
68.8600
69.2600
69.6600
70.0600
70.4600
70.8400
71.2600
71.6600
72.0400
72.4600
72.8600
73.2600
73.6600
74.0400
74.4600
74.8600
75.2600
75.6400
76.0600
76.4400
76.8600
77.2400
77.6400
78.0600
78.4600
78.8400
79.2600
79.6600
80.0400
80.4400
80.8400
81.2600
81.6400
82.0600
82.4600
82.8600
83.2600
83.6400
84.0600
84.4400
84.8600
85.2600
85.6600
86.0600
86.4400
86.8600
87.2600
87.6600
88.0600
88.4600
88.8600
89.2600
89.6600
90.0400
90.4400
90.8400
91.2600
91.6600
92.0600
92.4400
92.8600
93.2400
93.6400
94.0600
94.4600
94.8600
95.2600
95.6600
96.0600
96.4600
96.8600
97.2600
97.6400
98.0600
98.4600
98.8600
99.2600
99.6600
100.0400
100.4600
100.8400
101.2600
101.6600
102.0600
102.4400
102.8600
103.2400
103.6600
104.0600
104.4600
104.8600
105.2600
105.6600
106.0600
106.4400
106.8600
107.2600
107.6600
108.0600
108.4600
108.8600
109.2600
109.6400
110.0600
110.4600
110.8400
111.2600
111.6400
112.0600
112.4400
112.8600
113.2600
113.6600
114.0600
114.4600
114.8600
115.2600
115.6600
116.0400
116.4600
116.8600
117.2600
117.6600
118.0600
118.4400
118.8400
119.2400
119.6600
120.0600
120.4600
120.8600
121.2600
121.6600
122.0600
122.4600
122.8600
123.2600
123.6600
124.0600
124.4600
124.8600
125.2400
125.6600
126.0600
126.4600
126.8600
127.2600
127.6600
128.0600
128.4600
128.8600
129.2600
129.6400
130.0600
130.4400
130.8600
131.2600
131.6400
132.0600
132.4400
132.8600
133.2400
133.6600
134.0600
134.4600
134.8600
135.2400
135.6600
136.0600
136.4400
136.8600
137.2600
137.6400
138.0600
138.4600
138.8400
139.2400
139.6600
140.0600
140.4600
140.8600
141.2600
141.6400
142.0600
142.4400
142.8600
143.2600
143.6600
144.0400
144.4600
144.8600
145.2400
145.6600
146.0600
146.4400
146.8400
147.2600
147.6400
148.0400
148.4600
148.8600
149.2400
149.6600
150.0600
150.4600
150.8600
151.2400
151.6600
152.0600
152.4600
152.8600
153.2600
153.6600
154.0600
154.4600
154.8600
155.2600
155.6400
156.0600
156.4600
156.8400
157.2600
157.6600
158.0600
158.4600
158.8600
159.2600
159.6600
160.0600
160.4600
160.8600
161.2600
161.6600
162.0600
162.4600
162.8400
163.2600
163.6600
164.0600
164.4600
164.8600
165.2600
165.6600
166.0600
166.4600
166.8600
167.2400
167.6600
168.0600
168.4600
168.8600
169.2600
169.6600
170.0600
170.4400
170.8600
171.2600
171.6600
172.0600
172.4600
172.8600
173.2600
173.6600
174.0600
174.4600
174.8600
175.2600
175.6600
176.0600
176.4400
176.8600
177.2600
177.6600
178.0600
178.4600
178.8600
179.2600
179.6600
180.0600
180.4600
180.8600
181.2600
181.6600
182.0600
182.4600
182.8400
183.2600
183.6600
184.0400
184.4400
184.8600
185.2600
185.6600
186.0600
186.4600
186.8600
187.2400
187.6600
188.0600
188.4600
188.8600
189.2400
189.6600
190.0600
190.4600
190.8600
191.2600
191.6600
192.0600
192.4600
192.8600
193.2600
193.6600
194.0600
194.4600
194.8600
195.2600
195.6600
196.0600
196.4600
196.8600
197.2600
197.6600
198.0600
198.4400
198.8200
199.2400
199.6400
200.0400
200.4400
200.8400
201.2400
201.6400
202.0400
202.4200
202.8400
203.2200
203.6400
204.0400
204.4400
204.8400
205.2200
205.6400
206.0400
206.4400
206.8400
207.2200
207.6200
208.0400
208.4400
208.8200
209.2200
209.6400
210.0400
210.4400
210.8200
211.2400
211.6400
212.0200
212.4400
212.8400
213.2400
213.6400
214.0400
214.4200
214.8200
215.2400
215.6400
216.0200
216.4400
216.8400
217.2400
217.6400
218.0400
218.4400
218.8200
219.2400
219.6400
220.0400
220.4400
220.8200
221.2200
221.6200
222.0000
222.4000
222.8200
223.2200
223.6200
224.0000
224.4200
224.8200
225.2000
225.6200
226.0200
226.4200
226.8200
227.2200
227.6200
228.0000
228.4000
228.7800
229.1600
