0.6500
1.3800
2.1100
2.8300
3.5300
4.2800
5.0100
5.7300
6.4500
7.1800
7.9100
8.6100
9.3300
10.0700
10.7500
11.4500
12.1400
12.8000
13.4600
14.1100
14.7800
15.4300
16.1000
16.7600
17.4200
18.0800
18.7300
19.4000
20.0600
20.7100
21.3700
22.0300
22.7000
23.3500
24.0100
24.6600
25.3300
25.9800
26.6500
27.3000
27.9700
28.6100
29.2900
29.9500
30.6000
31.2600
31.9300
32.5700
33.2400
33.9000
34.5500
35.2200
35.8600
36.5400
37.2000
37.8600
38.5200
39.1700
39.8400
40.4900
41.1600
41.8100
42.4800
43.1300
43.7800
44.4400
45.1100
45.7700
46.4300
47.0800
47.7300
48.4100
49.0700
49.7200
50.3900
51.0500
51.7100
52.3600
53.0200
53.6600
54.3400
55.0000
55.6400
56.3200
56.9800
57.6400
58.3000
58.9600
59.6200
60.2800
60.9300
61.5800
62.2600
62.9100
63.5700
64.2200
64.8900
65.5500
66.2100
66.8700
67.5300
68.1900
68.8500
69.5000
70.1700
70.8300
71.4900
72.1500
72.8100
73.4600
74.1200
74.7800
75.4300
76.1000
76.7600
77.4200
78.0800
78.7400
79.4000
80.0500
80.7200
81.3800
82.0400
82.6900
83.3600
84.0200
84.6700
85.3300
85.9900
86.6500
87.3100
87.9700
88.6300
89.2900
89.9500
90.6100
91.2700
91.9100
92.5900
93.2300
93.9000
94.5600
95.2200
95.8800
96.5400
97.2000
97.8600
98.5200
99.1800
99.8400
100.5000
101.1500
101.8200
102.4800
103.1400
103.7900
104.4600
105.1100
105.7700
106.4300
107.0900
107.7500
108.4100
109.0700
109.7300
110.3700
111.0500
111.7100
112.3700
113.0100
113.6900
114.3300
115.0000
115.6600
116.3200
116.9800
117.6400
118.3000
118.9500
119.6100
120.2800
120.9300
121.6000
122.2500
122.9100
123.5700
124.2200
124.8900
125.5400
126.2100
126.8700
127.5200
128.1700
128.8400
129.4900
130.1600
130.8100
131.4800
132.1300
132.8000
133.4600
134.1200
134.7700
135.4400
136.1000
136.7600
137.4200
138.0800
138.7400
139.4000
140.0600
140.7200
141.3800
142.0300
142.7000
143.3500
144.0200
144.6600
145.3300
145.9800
146.6500
147.3100
147.9700
148.6300
149.2900
149.9500
150.6100
151.2700
151.9000
152.5700
153.2400
153.9000
154.5600
155.2200
155.8800
156.5400
157.2000
157.8600
158.5200
159.1800
159.8300
160.4900
161.1600
161.8200
162.4800
163.1300
163.8000
164.4500
165.1100
165.7700
166.4300
167.0900
167.7500
168.4100
169.0700
169.7200
170.3900
171.0400
171.7100
172.3600
173.0300
173.6800
174.3400
175.0000
175.6600
176.3200
176.9800
177.6400
178.3000
178.9600
179.6200
180.2700
180.9300
181.6000
182.2600
182.9100
183.5800
184.2300
184.8900
185.5500
186.2100
186.8700
187.5300
188.1900
188.8500
189.5100
190.1700
190.8200
191.4900
192.1400
192.8100
193.4600
194.1300
194.7800
195.4400
196.1000
196.7700
197.4200
198.0900
198.7300
199.3900
200.0600
200.7200
201.3700
202.0300
202.6700
203.3300
204.0200
204.6800
205.3400
206.0000
206.6500
207.3300
207.9700
208.6400
209.2900
209.9500
210.6100
211.2700
211.9300
212.5900
213.2400
213.9100
214.5600
215.2300
215.8800
216.5400
217.2000
217.8600
218.5200
219.1800
219.8600
220.5000
221.1600
221.8200
222.4700
223.1300
223.7900
224.4600
225.1100
225.7700
226.4200
227.0900
227.7400
228.4100
229.0700
229.7300
230.3800
231.0500
231.7000
232.3700
233.0200
233.6900
234.3400
235.0100
235.6600
236.3200
236.9800
237.6400
238.2900
238.9600
239.6200
240.2800
240.9300
241.6000
242.2500
242.9200
243.5700
244.2300
244.8900
245.5500
246.2100
246.8700
247.5300
248.1900
248.8400
249.5100
250.1600
250.8300
251.4800
252.1500
252.8000
253.4700
254.1200
254.7800
255.4400
256.1100
256.7600
257.4300
258.0800
