# Neural Ground Truth Beats (BeatNet CRNN + DBN - Corrected 44.1kHz)
# Track: Nightcall
# Duration: 258.08s, Estimated BPM: 90.9
# Total Beats: 780
0.3000
0.6500
1.0100
1.3800
1.7300
2.1100
2.4700
2.8300
3.1700
3.5300
3.8900
4.2800
4.6400
5.0100
5.3800
5.7300
6.0900
6.4500
6.8300
7.1800
7.5300
7.9100
8.2600
8.6100
8.9800
9.3300
9.7100
10.0700
10.4200
10.7500
11.1100
11.4500
11.8200
12.1400
12.4700
12.8000
13.1400
13.4600
13.7900
14.1100
14.4500
14.7800
15.1100
15.4300
15.7700
16.1000
16.4200
16.7600
17.0900
17.4200
17.7400
18.0800
18.3900
18.7300
19.0600
19.4000
19.7200
20.0600
20.3900
20.7100
21.0500
21.3700
21.7000
22.0300
22.3600
22.7000
23.0200
23.3500
23.6900
24.0100
24.3300
24.6600
24.9800
25.3300
25.6600
25.9800
26.3000
26.6500
26.9700
27.3000
27.6200
27.9700
28.2900
28.6100
28.9400
29.2900
29.6100
29.9500
30.2700
30.6000
30.9400
31.2600
31.5900
31.9300
32.2400
32.5700
32.9100
33.2400
33.5600
33.9000
34.2200
34.5500
34.8700
35.2200
35.5300
35.8600
36.1900
36.5400
36.8700
37.2000
37.5100
37.8600
38.1700
38.5200
38.8400
39.1700
39.4900
39.8400
40.1500
40.4900
40.8100
41.1600
41.4900
41.8100
42.1400
42.4800
42.8000
43.1300
43.4600
43.7800
44.1000
44.4400
44.7800
45.1100
45.4200
45.7700
46.0900
46.4300
46.7600
47.0800
47.4000
47.7300
48.0600
48.4100
48.7400
49.0700
49.3800
49.7200
50.0500
50.3900
50.7100
51.0500
51.3700
51.7100
52.0300
52.3600
52.6900
53.0200
53.3400
53.6600
54.0100
54.3400
54.6600
55.0000
55.3300
55.6400
55.9700
56.3200
56.6500
56.9800
57.3100
57.6400
57.9500
58.3000
58.6300
58.9600
59.2700
59.6200
59.9500
60.2800
60.5900
60.9300
61.2600
61.5800
61.9300
62.2600
62.5900
62.9100
63.2400
63.5700
63.8900
64.2200
64.5500
64.8900
65.2000
65.5500
65.8700
66.2100
66.5300
66.8700
67.1900
67.5300
67.8600
68.1900
68.5000
68.8500
69.1600
69.5000
69.8300
70.1700
70.4900
70.8300
71.1400
71.4900
71.8100
72.1500
72.4700
72.8100
73.1300
73.4600
73.7900
74.1200
74.4400
74.7800
75.1200
75.4300
75.7700
76.1000
76.4400
76.7600
77.1000
77.4200
77.7600
78.0800
78.4000
78.7400
79.0800
79.4000
79.7300
80.0500
80.3900
80.7200
81.0400
81.3800
81.7200
82.0400
82.3700
82.6900
83.0300
83.3600
83.6900
84.0200
84.3400
84.6700
85.0100
85.3300
85.6600
85.9900
86.3400
86.6500
87.0000
87.3100
87.6300
87.9700
88.2900
88.6300
88.9400
89.2900
89.6200
89.9500
90.2700
90.6100
90.9300
91.2700
91.5800
91.9100
92.2600
92.5900
92.9000
93.2300
93.5600
93.9000
94.2200
94.5600
94.9000
95.2200
95.5600
95.8800
96.2100
96.5400
96.8600
97.2000
97.5400
97.8600
98.1900
98.5200
98.8600
99.1800
99.5000
99.8400
100.1800
100.5000
100.8300
101.1500
101.4900
101.8200
102.1400
102.4800
102.8200
103.1400
103.4700
103.7900
104.1300
104.4600
104.7900
105.1100
105.4400
105.7700
106.1200
106.4300
106.7700
107.0900
107.4300
107.7500
108.0700
108.4100
108.7300
109.0700
109.4000
109.7300
110.0500
110.3700
110.7200
111.0500
111.3800
111.7100
112.0400
112.3700
112.6800
113.0100
113.3400
113.6900
114.0000
114.3300
114.6600
115.0000
115.3200
115.6600
116.0100
116.3200
116.6600
116.9800
117.3200
117.6400
117.9700
118.3000
118.6200
118.9500
119.2700
119.6100
119.9300
120.2800
120.5900
120.9300
121.2600
121.6000
121.9200
122.2500
122.5700
122.9100
123.2500
123.5700
123.8900
124.2200
124.5500
124.8900
125.2100
125.5400
125.8800
126.2100
126.5400
126.8700
127.1900
127.5200
127.8500
128.1700
128.5000
128.8400
129.1800
129.4900
129.8200
130.1600
130.4800
130.8100
131.1400
131.4800
131.8000
132.1300
132.4500
132.8000
133.1300
133.4600
133.7700
134.1200
134.4400
134.7700
135.0900
135.4400
135.7600
136.1000
136.4100
136.7600
137.0900
137.4200
137.7400
138.0800
138.4000
138.7400
139.0700
139.4000
139.7200
140.0600
140.3900
140.7200
141.0400
141.3800
141.7000
142.0300
142.3500
142.7000
143.0200
143.3500
143.6900
144.0200
144.3400
144.6600
144.9900
145.3300
145.6500
145.9800
146.3100
146.6500
146.9600
147.3100
147.6400
147.9700
148.3000
148.6300
148.9400
149.2900
149.6000
149.9500
150.2800
150.6100
150.9400
151.2700
151.5800
151.9000
152.2500
152.5700
152.8900
153.2400
153.5500
153.9000
154.2300
154.5600
154.8700
155.2200
155.5400
155.8800
156.1900
156.5400
156.8700
157.2000
157.5300
157.8600
158.1800
158.5200
158.8400
159.1800
159.4900
159.8300
160.1700
160.4900
160.8400
161.1600
161.4900
161.8200
162.1500
162.4800
162.8000
163.1300
163.4800
163.8000
164.1300
164.4500
164.8000
165.1100
165.4400
165.7700
166.1200
166.4300
166.7600
167.0900
167.4400
167.7500
168.1000
168.4100
168.7500
169.0700
169.4000
169.7200
170.0600
170.3900
170.7100
171.0400
171.3900
171.7100
172.0300
172.3600
172.7000
173.0300
173.3400
173.6800
174.0000
174.3400
174.6600
175.0000
175.3300
175.6600
175.9700
176.3200
176.6400
176.9800
177.2900
177.6400
177.9500
178.3000
178.6100
178.9600
179.2800
179.6200
179.9500
180.2700
180.6100
180.9300
181.2700
181.6000
181.9400
182.2600
182.5900
182.9100
183.2400
183.5800
183.9000
184.2300
184.5800
184.8900
185.2200
185.5500
185.9000
186.2100
186.5400
186.8700
187.2200
187.5300
187.8600
188.1900
188.5200
188.8500
189.1900
189.5100
189.8500
190.1700
190.5000
190.8200
191.1600
191.4900
191.8000
192.1400
192.4600
192.8100
193.1300
193.4600
193.8000
194.1300
194.4400
194.7800
195.1100
195.4400
195.7600
196.1000
196.4400
196.7700
197.0800
197.4200
197.7600
198.0900
198.4000
198.7300
199.0800
199.3900
199.7200
200.0600
200.4000
200.7200
201.0500
201.3700
201.7000
202.0300
202.3400
202.6700
203.0100
203.3300
203.6800
204.0200
204.3600
204.6800
205.0000
205.3400
205.6800
206.0000
206.3400
206.6500
207.0000
207.3300
207.6400
207.9700
208.3200
208.6400
208.9600
209.2900
209.6300
209.9500
210.2900
210.6100
210.9400
211.2700
211.5900
211.9300
212.2700
212.5900
212.9300
213.2400
213.5800
213.9100
214.2200
214.5600
214.8800
215.2300
215.5700
215.8800
216.2300
216.5400
216.8800
217.2000
217.5500
217.8600
218.1900
218.5200
218.8500
219.1800
219.5100
219.8600
220.1700
220.5000
220.8500
221.1600
221.5100
221.8200
222.1500
222.4700
222.8100
223.1300
223.4700
223.7900
224.1300
224.4600
224.7900
225.1100
225.4400
225.7700
226.0900
226.4200
226.7600
227.0900
227.4200
227.7400
228.0800
228.4100
228.7300
229.0700
229.4000
229.7300
230.0600
230.3800
230.7300
231.0500
231.3800
231.7000
232.0500
232.3700
232.7000
233.0200
233.3500
233.6900
234.0300
234.3400
234.6800
235.0100
235.3400
235.6600
235.9900
236.3200
236.6400
236.9800
237.3100
237.6400
237.9700
238.2900
238.6300
238.9600
239.2800
239.6200
239.9500
240.2800
240.6100
240.9300
241.2800
241.6000
241.9300
242.2500
242.5800
242.9200
243.2500
243.5700
243.9000
244.2300
244.5800
244.8900
245.2300
245.5500
245.9000
246.2100
246.5400
246.8700
247.1900
247.5300
247.8600
248.1900
248.5200
248.8400
249.1800
249.5100
249.8300
250.1600
250.5000
250.8300
251.1500
251.4800
251.8300
252.1500
252.4800
252.8000
253.1300
253.4700
253.7900
254.1200
254.4500
254.7800
255.1300
255.4400
255.7700
256.1100
256.4300
256.7600
257.0900
257.4300
257.7700
258.0800
