# Neural Ground Truth Beats (BeatNet CRNN + DBN)
# Track: Nobody Rules the Streets
# Duration: 535.00s, Estimated BPM: 130.4
# Total Beats: 1142, Downbeats: 286
0.7200
1.1200
1.4800
1.8800
2.2400
2.6400
3.0600
3.4400
3.8600
4.2400
4.6400
5.0600
5.4400
5.9000
6.3800
6.8200
7.3000
7.7400
8.2200
8.6800
9.1600
9.6600
10.1400
10.5800
11.0400
11.5200
11.9600
12.4400
12.9000
13.3600
13.8000
14.2600
14.7400
15.2000
15.6800
16.1800
16.6400
17.1200
17.6000
18.0800
18.5400
18.9800
19.4800
19.9400
20.4200
20.8800
21.3400
21.8200
22.2800
22.7600
23.2200
23.6800
24.1600
24.6200
25.0800
25.5600
26.0400
26.5200
26.9800
27.4400
27.9000
28.3800
28.8400
29.3200
29.7800
30.2800
30.7200
31.2000
31.6600
32.1200
32.5800
33.0600
33.5400
34.0200
34.4800
34.9400
35.4200
35.8800
36.3400
36.8000
37.2800
37.7600
38.2200
38.6800
39.1600
39.6200
40.0800
40.5600
41.0400
41.5200
41.9800
42.4400
42.9000
43.3800
43.8400
44.3200
44.7800
45.2800
45.7200
46.2000
46.6600
47.1200
47.5800
48.0600
48.5400
49.0000
49.4800
49.9400
50.4000
50.8600
51.3400
51.8400
52.2800
52.7600
53.2200
53.6800
54.1400
54.6200
55.1000
55.5800
56.0400
56.4800
56.9600
57.4400
57.9200
58.3800
58.8400
59.3200
59.7800
60.2600
60.7200
61.2000
61.6600
62.1200
62.6000
63.0600
63.5200
63.9800
64.4600
64.9400
65.4200
65.8800
66.3600
66.8400
67.2800
67.7600
68.2200
68.6600
69.1600
69.6200
70.1000
70.5600
71.0400
71.4800
71.9600
72.4400
72.9200
73.3800
73.8400
74.3200
74.7800
75.2600
75.7200
76.2000
76.6600
77.1200
77.6000
78.0400
78.5400
79.0000
79.4800
79.9400
80.4200
80.8800
81.3400
81.8200
82.2800
82.7800
83.2200
83.6800
84.1600
84.6200
85.1000
85.5800
86.0400
86.5200
86.9800
87.4400
87.9200
88.4000
88.8600
89.3400
89.8000
90.2600
90.7200
91.2000
91.6600
92.1200
92.5800
93.0600
93.5400
94.0000
94.4800
94.9400
95.4200
95.8800
96.3400
96.8200
97.2800
97.7600
98.2200
98.6800
99.1600
99.6400
100.1000
100.5800
101.0200
101.5000
101.9400
102.3600
102.8200
103.2400
103.7200
104.1800
104.7000
105.1800
105.6800
106.2000
106.6600
107.1400
107.6000
108.0600
108.5400
109.0000
109.4600
109.9400
110.4000
110.9000
111.3600
111.8400
112.2800
112.7600
113.2200
113.6800
114.1600
114.6400
115.1000
115.5800
116.0400
116.5000
116.9600
117.4400
117.9000
118.4000
118.8600
119.3200
119.7800
120.2600
120.7200
121.1800
121.6600
122.1400
122.6000
123.0600
123.5400
124.0000
124.4600
124.9400
125.4000
125.8800
126.3600
126.8200
127.2800
127.7600
128.2200
128.6800
129.1600
129.6400
130.1000
130.5600
131.0400
131.5000
131.9600
132.4200
132.9000
133.3600
133.7800
134.2400
134.6800
135.1000
135.6000
136.1000
136.5800
137.1000
137.5800
138.0600
138.5400
139.0000
139.4600
139.9200
140.4000
140.9000
141.3600
141.8400
142.2800
142.7400
143.2200
143.7000
144.1600
144.6400
145.1000
145.5800
146.0400
146.4800
146.9600
147.4200
147.9000
148.3800
148.8400
149.3400
149.7800
150.2600
150.7200
151.1800
151.6600
152.1400
152.6000
153.0800
153.5400
154.0000
154.4600
154.9400
155.4000
155.8800
156.3600
156.8600
157.2800
157.6800
158.0400
158.4400
158.8000
159.1800
159.6600
160.1000
160.5600
161.0400
161.4800
161.9600
162.4400
162.9000
163.3800
163.8600
164.3200
164.8000
165.2600
165.7200
166.1800
166.6200
167.1200
167.6000
168.0600
168.5400
169.0000
169.4600
169.9400
170.4000
170.8800
171.3600
171.8200
172.3000
172.7800
173.2200
173.6800
174.1600
174.6200
175.1000
175.5800
176.0400
176.5200
176.9600
177.4400
177.9000
178.4000
178.8600
179.4000
179.9800
180.5400
181.0800
181.6600
182.1400
182.6000
183.0800
183.5400
184.0000
184.4600
184.9400
185.4000
185.8800
186.3600
186.8400
187.2800
187.7600
188.2200
188.6800
189.1600
189.6400
190.1000
190.5800
191.0400
191.5000
191.9600
192.4400
192.9000
193.3800
193.8800
194.3600
194.8000
195.2800
195.7200
196.2000
196.6600
197.1200
197.5800
198.0600
198.5400
199.0000
199.4800
199.9400
200.4000
200.8800
201.3600
201.8400
202.2800
202.7600
203.2200
203.6800
204.1600
204.6400
205.1000
205.5600
206.0400
206.5000
206.9600
207.4400
207.9000
208.3800
208.8600
209.3400
209.7800
210.2600
210.7200
211.2000
211.6800
212.1400
212.6000
213.0600
213.5400
214.0000
214.4800
214.9400
215.5000
216.0800
216.6200
217.2000
217.7600
218.2400
218.7000
219.2000
219.6800
220.1200
220.5800
221.0400
221.5200
221.9800
222.4400
222.9000
223.3800
223.8400
224.3200
224.7800
225.2400
225.7200
226.2000
226.6600
227.1400
227.6200
228.0800
228.5400
229.0200
229.4800
229.9400
230.4200
230.8800
231.3600
231.8400
232.2800
232.7600
233.2200
233.6600
234.1600
234.6200
235.1000
235.6000
236.0400
236.5000
236.9800
237.4200
237.9000
238.3800
238.8600
239.3400
239.8000
240.2600
240.7200
241.1600
241.6400
242.1400
242.6000
243.0800
243.5400
244.0200
244.4600
244.9200
245.4000
245.8800
246.3400
246.8400
247.3000
247.7600
248.2200
248.7000
249.1400
249.6400
250.1000
250.5800
251.0400
251.5200
251.9800
252.4400
252.9200
253.3800
253.8600
254.3200
254.7800
255.2600
255.7200
256.1800
256.6600
257.1400
257.6000
258.0800
258.5400
259.0200
259.4800
259.9200
260.4000
260.8800
261.3400
261.8200
262.2800
262.7600
263.2000
263.6800
264.1600
264.6400
265.1000
265.5800
266.0400
266.5200
266.9800
267.4400
267.9000
268.3800
268.8400
269.3200
269.7800
270.2600
270.7000
271.1600
271.6600
272.1400
272.6000
273.1000
273.5400
274.0000
274.4800
274.9400
275.4000
275.8800
276.3600
276.8600
277.4000
277.9200
278.4400
278.9200
279.4000
279.8600
280.3200
280.8000
281.2600
281.6800
282.0800
282.5200
282.9400
283.3600
283.7800
284.2000
284.6200
285.0600
285.5000
285.9600
286.4200
286.9000
287.3600
287.8200
288.3000
288.7800
289.2400
289.7000
290.1800
290.6200
291.1000
291.5800
292.0400
292.5200
293.0600
293.5800
294.1000
294.6000
295.1000
295.5600
296.0400
296.5000
296.9600
297.4400
297.9000
298.3400
298.8400
299.3200
299.7800
300.2600
300.7200
301.2000
301.6600
302.0800
302.5200
302.9600
303.4200
303.8400
304.3000
304.7200
305.1800
305.6400
306.1200
306.5800
307.0600
307.5200
308.0000
308.4600
308.9200
309.4000
309.8600
310.3200
310.7800
311.2400
311.7400
312.2000
312.6800
313.1400
313.6200
314.0800
314.5600
315.0200
315.5000
315.9600
316.4400
316.9000
317.3600
317.8400
318.3200
318.7800
319.2600
319.7200
320.1800
320.6400
321.1200
321.5800
322.0600
322.5200
323.0000
323.4600
323.9200
324.4000
324.8600
325.3200
325.8000
326.2800
326.7400
327.2200
327.6800
328.1400
328.6200
329.0800
329.5600
330.0200
330.5000
330.9600
331.4200
331.9000
332.3600
332.8200
333.3000
333.7800
334.2400
334.7200
335.1800
335.6400
336.1200
336.5800
337.0000
337.4400
337.8800
338.3400
338.7600
339.2000
339.6400
340.1000
340.5600
341.0200
341.4800
341.9400
342.3800
342.8400
343.3200
343.8200
344.2800
344.7800
345.2600
345.7200
346.2000
346.6600
347.1400
347.5800
348.0600
348.5200
349.0000
349.4600
349.9400
350.4000
350.8800
351.3600
351.8200
352.2800
352.7600
353.2200
353.6800
354.1600
354.6400
355.1000
355.5800
356.0200
356.5000
356.9600
357.4400
357.9000
358.3800
358.8600
359.3400
359.7800
360.2600
360.7200
361.1800
361.6600
362.1400
362.6000
363.0800
363.5200
364.0000
364.4600
364.9400
365.4000
365.8800
366.3600
366.8200
367.2800
367.7600
368.2200
368.6800
369.1600
369.6400
370.1000
370.5800
371.0200
371.5000
371.9600
372.4400
372.9000
373.3800
373.8600
374.3400
374.8000
375.2600
375.7200
376.2000
376.6600
377.1200
377.5800
378.0600
378.5200
379.0000
379.4600
379.9400
380.4000
380.8800
381.3600
381.8200
382.2800
382.7600
383.2200
383.6800
384.1600
384.6400
385.1000
385.5800
386.0200
386.5000
386.9600
387.4400
387.9000
388.3800
388.8600
389.3200
389.7800
390.2600
390.7200
391.1800
391.6600
392.1400
392.6000
393.0800
393.5200
394.0000
394.4600
394.9400
395.4000
395.8800
396.3600
396.8200
397.2800
397.7600
398.2200
398.6800
399.1600
399.6400
400.1000
400.5800
401.0200
401.5000
401.9600
402.4400
402.9000
403.3600
403.8400
404.2800
404.7800
405.2600
405.7200
406.2000
406.6600
407.1400
407.6000
408.0600
408.5400
409.0000
409.4600
409.9400
410.4000
410.8800
411.3600
411.8200
412.2800
412.7600
413.2200
413.6800
414.1600
414.6400
415.1000
415.5600
416.0200
416.5000
416.9600
417.4400
417.9000
418.3800
418.8600
419.3200
419.7800
420.2600
420.7200
421.1800
421.6600
422.1400
422.6000
423.0600
423.5400
424.0000
424.4600
424.9400
425.4000
425.8800
426.3600
426.8200
427.2800
427.7600
428.2200
428.6800
429.1600
429.6400
430.1000
430.5600
431.0400
431.5000
431.9600
432.4400
432.9000
433.3800
433.8600
434.3200
434.8000
435.2600
435.7200
436.1800
436.6600
437.1400
437.6000
438.0600
438.5200
439.0000
439.4600
439.9400
440.4000
440.8800
441.3600
441.8200
442.2800
442.7600
443.2200
443.6800
444.1600
444.6400
445.1000
445.5600
446.0400
446.5000
446.9600
447.4400
447.9000
448.4000
448.8600
449.3200
449.7800
450.2600
450.7200
451.1800
451.6600
452.1400
452.6000
453.0600
453.5200
454.0000
454.4600
454.9400
455.4000
455.8800
456.3600
456.8200
457.2800
457.7600
458.2200
458.6800
459.1600
459.6400
460.1000
460.5600
461.0400
461.5000
461.9600
462.4400
462.9000
463.3800
463.8600
464.3400
464.8000
465.2600
465.7200
466.1800
466.6600
467.1200
467.6000
468.0800
468.5400
469.0400
469.4800
469.9600
470.4000
470.8800
471.3600
471.8400
472.2800
472.7600
473.2200
473.7000
474.1600
474.6600
475.1000
475.5800
476.0200
476.5000
476.9600
477.4400
477.9000
478.4000
478.8600
479.3200
479.7800
480.2800
480.7200
481.2000
481.6600
482.1000
482.5800
483.0600
483.5400
484.0200
484.4800
484.9600
485.4200
485.9000
486.3600
486.8200
487.2800
487.7400
488.2200
488.7000
489.1600
489.6600
490.1000
490.5600
491.0200
491.5000
491.9600
492.4400
492.9000
493.4000
493.8600
494.3400
494.8000
495.2800
495.7200
496.2000
496.6600
497.1200
497.5800
498.0600
498.5400
499.0200
499.4800
499.9600
500.4200
500.9000
501.3600
501.8200
502.2800
502.7200
503.2200
503.7000
504.1600
504.6400
505.1000
505.5800
506.0200
506.5000
506.9600
507.4400
507.9000
508.4000
508.8600
509.3600
509.8000
510.2800
510.7200
511.2000
511.6600
512.1200
512.6000
513.0600
513.5400
514.0400
514.4800
514.9600
515.4000
515.8800
516.3600
516.8400
517.2800
517.7400
518.2200
518.7000
519.1600
519.6600
520.1000
520.5800
521.0400
521.5000
521.9800
522.4600
522.9200
523.4000
523.8800
524.3400
524.8200
525.2800
525.7400
526.2000
526.6400
527.1000
527.5800
528.0400
528.5400
529.0000
529.4800
529.9800
530.4400
530.9200
531.4200
531.8800
532.3600
532.8400
533.3400
533.8200
534.2800
534.7600
