# Neural Ground Truth Downbeats (BeatNet CRNN + DBN)
# Track: Nobody Rules the Streets
0.7200
2.2400
3.8600
5.4400
7.3000
9.1600
11.0400
12.9000
14.7400
16.6400
18.5400
20.4200
22.2800
24.1600
26.0400
27.9000
29.7800
31.6600
33.5400
35.4200
37.2800
39.1600
41.0400
42.9000
44.7800
46.6600
48.5400
50.4000
52.2800
54.1400
56.0400
57.9200
59.7800
61.6600
63.5200
65.4200
67.2800
69.1600
71.0400
72.9200
74.7800
76.6600
78.5400
80.4200
82.2800
84.1600
86.0400
87.9200
89.8000
91.6600
93.5400
95.4200
97.2800
99.1600
101.0200
102.8200
104.7000
106.6600
108.5400
110.4000
112.2800
114.1600
116.0400
117.9000
119.7800
121.6600
123.5400
125.4000
127.2800
129.1600
131.0400
132.9000
134.6800
136.5800
138.5400
140.4000
142.2800
144.1600
146.0400
147.9000
149.7800
151.6600
153.5400
155.4000
157.2800
158.8000
160.5600
162.4400
164.3200
166.1800
168.0600
169.9400
171.8200
173.6800
175.5800
177.4400
179.4000
181.6600
183.5400
185.4000
187.2800
189.1600
191.0400
192.9000
194.8000
196.6600
198.5400
200.4000
202.2800
204.1600
206.0400
207.9000
209.7800
211.6800
213.5400
215.5000
217.7600
219.6800
221.5200
223.3800
225.2400
227.1400
229.0200
230.8800
232.7600
234.6200
236.5000
238.3800
240.2600
242.1400
244.0200
245.8800
247.7600
249.6400
251.5200
253.3800
255.2600
257.1400
259.0200
260.8800
262.7600
264.6400
266.5200
268.3800
270.2600
272.1400
274.0000
275.8800
277.9200
279.8600
281.6800
283.3600
285.0600
286.9000
288.7800
290.6200
292.5200
294.6000
296.5000
298.3400
300.2600
302.0800
303.8400
305.6400
307.5200
309.4000
311.2400
313.1400
315.0200
316.9000
318.7800
320.6400
322.5200
324.4000
326.2800
328.1400
330.0200
331.9000
333.7800
335.6400
337.4400
339.2000
341.0200
342.8400
344.7800
346.6600
348.5200
350.4000
352.2800
354.1600
356.0200
357.9000
359.7800
361.6600
363.5200
365.4000
367.2800
369.1600
371.0200
372.9000
374.8000
376.6600
378.5200
380.4000
382.2800
384.1600
386.0200
387.9000
389.7800
391.6600
393.5200
395.4000
397.2800
399.1600
401.0200
402.9000
404.7800
406.6600
408.5400
410.4000
412.2800
414.1600
416.0200
417.9000
419.7800
421.6600
423.5400
425.4000
427.2800
429.1600
431.0400
432.9000
434.8000
436.6600
438.5200
440.4000
442.2800
444.1600
446.0400
447.9000
449.7800
451.6600
453.5200
455.4000
457.2800
459.1600
461.0400
462.9000
464.8000
466.6600
468.5400
470.4000
472.2800
474.1600
476.0200
477.9000
479.7800
481.6600
483.5400
485.4200
487.2800
489.1600
491.0200
492.9000
494.8000
496.6600
498.5400
500.4200
502.2800
504.1600
506.0200
507.9000
509.8000
511.6600
513.5400
515.4000
517.2800
519.1600
521.0400
522.9200
524.8200
526.6400
528.5400
530.4400
532.3600
534.2800
