# Neural Ground Truth Beats (BeatNet CRNN + DBN - Corrected 44.1kHz)
# Track: Palladium
# Duration: 370.04s, Estimated BPM: 120.0
# Total Beats: 730
0.1100
0.6200
1.1300
1.6300
2.1400
2.6500
3.1600
3.6600
4.1700
4.6700
5.1800
5.6900
6.2000
6.7100
7.2200
7.7200
8.2400
8.7400
9.2500
9.7600
10.2700
10.7800
11.2900
11.7900
12.3000
12.8100
13.3200
13.8200
14.3300
14.8400
15.3500
15.8500
16.3700
16.8700
17.3800
17.8900
18.4000
18.9100
19.4200
19.9300
20.4300
20.9500
21.4600
21.9600
22.4700
22.9700
23.4800
23.9800
24.4900
25.0000
25.5200
26.0200
26.5300
27.0400
27.5500
28.0600
28.5700
29.0700
29.5900
30.0900
30.5100
30.8500
31.1800
31.6100
32.1200
32.6300
33.1300
33.6400
34.1500
34.6500
35.1700
35.6800
36.1800
36.6900
37.2000
37.7100
38.2100
38.7200
39.2300
39.7400
40.2500
40.7500
41.2600
41.7700
42.2800
42.7900
43.2900
43.8100
44.3100
44.8200
45.3300
45.8400
46.3400
46.8600
47.3700
47.8700
48.3800
48.8800
49.3900
49.9000
50.4100
50.9200
51.4200
51.9400
52.4400
52.9500
53.4600
53.9700
54.4800
54.9800
55.4900
56.0000
56.5100
57.0200
57.5200
58.0300
58.5400
59.0500
59.5500
60.0600
60.5700
61.0800
61.5900
62.1000
62.6000
63.1100
63.6200
64.1300
64.6400
65.1400
65.6600
66.1700
66.6700
67.1800
67.6800
68.2000
68.7100
69.2100
69.7200
70.2300
70.7400
71.2400
71.7600
72.2600
72.7700
73.2700
73.7800
74.2900
74.8000
75.3100
75.8100
76.3300
76.8300
77.3400
77.8500
78.3600
78.8600
79.3700
79.8800
80.3900
80.9000
81.4100
81.9100
82.4200
82.9300
83.4400
83.9400
84.4500
84.9600
85.4700
85.9800
86.4900
86.9900
87.5000
88.0100
88.5200
89.0300
89.5400
90.0400
90.5500
91.0600
91.5700
92.0700
92.5800
93.0900
93.5900
94.1000
94.6200
95.1200
95.6300
96.1400
96.6500
97.1500
97.6600
98.1700
98.6900
99.1900
99.7000
100.2000
100.7100
101.2200
101.7300
102.2300
102.7500
103.2500
103.7600
104.2700
104.7800
105.2800
105.8000
106.3000
106.8200
107.3200
107.8300
108.3400
108.8500
109.3500
109.8600
110.3600
110.8800
111.3800
111.8900
112.4000
112.9100
113.4100
113.9300
114.4300
114.9400
115.4500
115.9600
116.4700
116.9800
117.4800
117.9900
118.4900
119.0100
119.5100
120.0200
120.5300
121.0300
121.5400
122.0500
122.5600
123.0700
123.5800
124.0900
124.6000
125.1100
125.6100
126.1200
126.6300
127.1400
127.6400
128.1500
128.6600
129.1600
129.6700
130.1800
130.6900
131.2000
131.7100
132.2200
132.7200
133.2300
133.7400
134.2500
134.7600
135.2700
135.7700
136.2800
136.7900
137.2900
137.8000
138.3100
138.8200
139.3300
139.8300
140.3400
140.8500
141.3600
141.8700
142.3800
142.8900
143.4000
143.9000
144.4100
144.9200
145.4200
145.9300
146.4400
146.9400
147.4600
147.9600
148.4700
148.9800
149.4900
150.0000
150.5100
151.0200
151.5300
152.0300
152.5400
153.0500
153.5500
154.0600
154.5700
155.0700
155.5900
156.0900
156.6000
157.1100
157.6200
158.1300
158.6400
159.1500
159.6500
160.1600
160.6700
161.1800
161.6900
162.1900
162.7000
163.2100
163.7100
164.2200
164.7300
165.2300
165.7400
166.2500
166.7700
167.2700
167.7800
168.2900
168.8000
169.1200
169.4400
169.8100
170.3200
170.8300
171.3400
171.8400
172.3600
172.8600
173.3700
173.8800
174.3900
174.8900
175.4000
175.9100
176.4200
176.9200
177.4300
177.9400
178.4500
178.9600
179.4700
179.9700
180.4800
180.9900
181.5000
182.0100
182.5200
183.0300
183.5300
184.0400
184.5500
185.0600
185.5700
186.0800
186.5900
187.0900
187.6000
188.1100
188.6200
189.1300
189.6400
190.1400
190.6500
191.1600
191.6600
192.1700
192.6800
193.1900
193.7000
194.2100
194.7100
195.2200
195.7300
196.2300
196.7400
197.2500
197.7600
198.2700
198.7800
199.2900
199.8000
200.3100
200.8200
201.3200
201.8300
202.3300
202.8400
203.3500
203.8600
204.3600
204.8700
205.3800
205.8900
206.4000
206.9100
207.4200
207.9200
208.4300
208.9400
209.4500
209.9500
210.4600
210.9700
211.4800
211.9900
212.5000
213.0100
213.5100
214.0300
214.5300
215.0400
215.5400
216.0600
216.8200
217.5800
218.0900
218.6000
219.1000
219.6000
220.1100
220.6300
221.1300
221.6400
222.1500
222.6600
223.1600
223.6700
224.1800
224.7000
225.2000
225.7200
226.2200
226.7300
227.2300
227.7400
228.2500
228.7500
229.2600
229.7700
230.2800
230.7900
231.2900
231.8100
232.3200
232.8300
233.3200
233.8400
234.3500
234.8600
235.3600
235.8700
236.3800
236.8900
237.3900
237.9000
238.4100
238.9200
239.4200
239.9400
240.4400
240.9500
241.4600
241.9600
242.4800
242.9800
243.4900
244.0000
244.5100
245.0200
245.5300
246.0400
246.5500
247.0600
247.5600
248.0700
248.5700
249.0800
249.5800
250.1000
250.6100
251.1100
251.6200
252.1300
252.6400
253.1500
253.6600
254.1700
254.6700
255.1800
255.6900
256.2000
256.7100
257.2100
257.7200
258.2300
258.7400
259.2400
259.7500
260.2600
260.7700
261.2800
261.7900
262.2900
262.8000
263.3100
263.8200
264.3300
264.8400
265.3500
265.8500
266.3600
266.8700
267.3700
267.8800
268.3800
268.8900
269.4100
269.9100
270.4200
270.9300
271.4400
271.9500
272.4600
272.9600
273.4800
273.9800
274.4900
275.0000
275.5000
276.0100
276.5200
277.0200
277.5400
278.0400
278.5500
279.0600
279.5700
280.0700
280.5800
281.0900
281.6100
282.1100
282.6200
283.1200
283.6400
284.1400
284.6400
285.1500
285.6600
286.1700
286.6800
287.1800
287.7000
288.2000
288.7200
289.2200
289.7300
290.2400
290.7500
291.2600
291.7700
292.2700
292.7800
293.2900
293.7900
294.3000
294.8100
295.3200
295.8300
296.3400
296.8500
297.3500
297.8600
298.3600
298.8700
299.3900
299.9000
300.4000
300.9100
301.4200
301.9300
302.4400
302.9500
303.4500
303.9600
304.4600
304.9700
305.4800
305.9900
306.5000
307.0000
307.5100
308.0300
308.5300
309.0400
309.5500
310.0600
310.5700
311.0700
311.5800
312.0900
312.5900
313.1000
313.6100
314.1200
314.6300
315.1300
315.6500
316.1500
316.6600
317.1700
317.6800
318.1900
318.7000
319.2000
319.7100
320.2200
320.7300
321.2400
321.7400
322.2500
322.7500
323.2700
323.7700
324.2800
324.7900
325.3000
325.8100
326.3200
326.8300
327.3400
327.8400
328.3500
328.8500
329.3600
329.8700
330.3800
330.8800
331.4000
331.9000
332.4100
332.9200
333.4300
333.9300
334.4500
334.9600
335.4600
335.9700
336.4800
336.9900
337.5000
338.0000
338.5100
339.0100
339.5200
340.0300
340.5400
341.0500
341.5500
342.0600
342.5800
343.0800
343.5900
344.1000
344.6100
345.1200
345.6300
346.1300
346.6400
347.1400
347.6500
348.1600
348.6700
349.1800
349.6900
350.1900
350.7100
351.2100
351.7200
352.2300
352.7400
353.2500
353.7600
354.2600
354.7800
355.2800
355.7900
356.2900
356.8000
357.3100
357.8200
358.3200
358.8300
359.3400
359.8500
360.3600
360.8700
361.3800
361.8800
362.3900
362.9000
363.4100
363.9200
364.4200
364.9300
365.4400
365.9500
366.4600
366.9700
367.4700
367.9800
368.4900
369.0000
369.5300
370.0400
