0.6200
1.6300
2.6500
3.6600
4.6700
5.6900
6.7100
7.7200
8.7400
9.7600
10.7800
11.7900
12.8100
13.8200
14.8400
15.8500
16.8700
17.8900
18.9100
19.9300
20.9500
21.9600
22.9700
23.9800
25.0000
26.0200
27.0400
28.0600
29.0700
30.0900
30.8500
31.6100
32.6300
33.6400
34.6500
35.6800
36.6900
37.7100
38.7200
39.7400
40.7500
41.7700
42.7900
43.8100
44.8200
45.8400
46.8600
47.8700
48.8800
49.9000
50.9200
51.9400
52.9500
53.9700
54.9800
56.0000
57.0200
58.0300
59.0500
60.0600
61.0800
62.1000
63.1100
64.1300
65.1400
66.1700
67.1800
68.2000
69.2100
70.2300
71.2400
72.2600
73.2700
74.2900
75.3100
76.3300
77.3400
78.3600
79.3700
80.3900
81.4100
82.4200
83.4400
84.4500
85.4700
86.4900
87.5000
88.5200
89.5400
90.5500
91.5700
92.5800
93.5900
94.6200
95.6300
96.6500
97.6600
98.6900
99.7000
100.7100
101.7300
102.7500
103.7600
104.7800
105.8000
106.8200
107.8300
108.8500
109.8600
110.8800
111.8900
112.9100
113.9300
114.9400
115.9600
116.9800
117.9900
119.0100
120.0200
121.0300
122.0500
123.0700
124.0900
125.1100
126.1200
127.1400
128.1500
129.1600
130.1800
131.2000
132.2200
133.2300
134.2500
135.2700
136.2800
137.2900
138.3100
139.3300
140.3400
141.3600
142.3800
143.4000
144.4100
145.4200
146.4400
147.4600
148.4700
149.4900
150.5100
151.5300
152.5400
153.5500
154.5700
155.5900
156.6000
157.6200
158.6400
159.6500
160.6700
161.6900
162.7000
163.7100
164.7300
165.7400
166.7700
167.7800
168.8000
169.4400
170.3200
171.3400
172.3600
173.3700
174.3900
175.4000
176.4200
177.4300
178.4500
179.4700
180.4800
181.5000
182.5200
183.5300
184.5500
185.5700
186.5900
187.6000
188.6200
189.6400
190.6500
191.6600
192.6800
193.7000
194.7100
195.7300
196.7400
197.7600
198.7800
199.8000
200.8200
201.8300
202.8400
203.8600
204.8700
205.8900
206.9100
207.9200
208.9400
209.9500
210.9700
211.9900
213.0100
214.0300
215.0400
216.0600
217.5800
218.6000
219.6000
220.6300
221.6400
222.6600
223.6700
224.7000
225.7200
226.7300
227.7400
228.7500
229.7700
230.7900
231.8100
232.8300
233.8400
234.8600
235.8700
236.8900
237.9000
238.9200
239.9400
240.9500
241.9600
242.9800
244.0000
245.0200
246.0400
247.0600
248.0700
249.0800
250.1000
251.1100
252.1300
253.1500
254.1700
255.1800
256.2000
257.2100
258.2300
259.2400
260.2600
261.2800
262.2900
263.3100
264.3300
265.3500
266.3600
267.3700
268.3800
269.4100
270.4200
271.4400
272.4600
273.4800
274.4900
275.5000
276.5200
277.5400
278.5500
279.5700
280.5800
281.6100
282.6200
283.6400
284.6400
285.6600
286.6800
287.7000
288.7200
289.7300
290.7500
291.7700
292.7800
293.7900
294.8100
295.8300
296.8500
297.8600
298.8700
299.9000
300.9100
301.9300
302.9500
303.9600
304.9700
305.9900
307.0000
308.0300
309.0400
310.0600
311.0700
312.0900
313.1000
314.1200
315.1300
316.1500
317.1700
318.1900
319.2000
320.2200
321.2400
322.2500
323.2700
324.2800
325.3000
326.3200
327.3400
328.3500
329.3600
330.3800
331.4000
332.4100
333.4300
334.4500
335.4600
336.4800
337.5000
338.5100
339.5200
340.5400
341.5500
342.5800
343.5900
344.6100
345.6300
346.6400
347.6500
348.6700
349.6900
350.7100
351.7200
352.7400
353.7600
354.7800
355.7900
356.8000
357.8200
358.8300
359.8500
360.8700
361.8800
362.9000
363.9200
364.9300
365.9500
366.9700
367.9800
369.0000
370.0400
