# Neural Ground Truth Downbeats (BeatNet CRNN + DBN)
# Track: Piece of My Heart - Live at The Grande Ballroom, Detroit, MI - March 1968
0.1800
3.3400
6.5000
9.6200
12.6000
15.6400
18.6600
21.6800
24.6800
27.6800
30.5400
32.1400
33.6200
35.0600
36.5400
37.9800
39.4600
40.9000
42.3600
43.8400
45.3000
46.7400
48.2000
49.7000
51.1400
52.6600
54.0200
55.5200
57.0200
58.4800
59.9200
61.4200
62.9200
64.3800
65.9200
67.4200
68.9400
70.4000
71.9400
73.6800
76.6200
79.7000
82.7400
85.7600
88.7800
91.7800
94.7800
96.6800
98.1800
99.6400
101.1200
102.5800
104.1000
105.5600
107.0200
108.5600
110.0600
111.5400
112.9600
114.4400
115.9600
117.4600
118.9800
120.4400
122.0200
123.4800
124.8800
126.3000
127.8400
129.3600
130.8600
132.3800
133.9200
135.4200
136.8200
138.1200
139.5800
141.1000
142.5600
144.0200
145.5400
146.9600
148.3200
149.7200
151.1600
152.5800
154.0400
155.4000
156.9000
158.3200
159.7800
161.2000
162.6800
164.0600
165.4200
166.7800
168.2400
169.6600
171.0600
172.5000
173.9800
175.4200
176.8600
178.3000
179.8000
181.2400
182.6600
184.0600
185.6000
187.0400
188.4800
189.8400
191.3200
192.8200
194.2600
195.7400
197.2800
198.8000
200.3200
201.8400
203.3400
204.8000
206.2600
207.8000
209.3200
210.8400
212.3200
213.8400
215.3800
216.8800
218.3400
219.7800
221.3200
222.8600
224.3400
225.8400
227.3000
228.6200
230.1000
231.6600
233.1600
234.5800
236.0200
237.4200
238.7600
240.1200
241.5000
242.8400
244.2200
245.5600
