# Neural Ground Truth Beats (BeatNet CRNN + DBN)
# Track: Piece of My Heart - Live at The Grande Ballroom, Detroit, MI - March 1968
# Duration: 246.51s, Estimated BPM: 157.9
# Total Beats: 598, Downbeats: 150
0.1800
0.9200
1.7200
2.5000
3.3400
4.1200
4.9400
5.7400
6.5000
7.2800
8.0200
8.8000
9.6200
10.3600
11.0800
11.8400
12.6000
13.3600
14.1200
14.8800
15.6400
16.3600
17.1400
17.9000
18.6600
19.4000
20.1600
20.9200
21.6800
22.4000
23.1800
23.9000
24.6800
25.4200
26.1800
26.9200
27.6800
28.3800
29.1000
29.8400
30.5400
30.9800
31.3800
31.7600
32.1400
32.5200
32.8800
33.2600
33.6200
34.0000
34.3400
34.7000
35.0600
35.4400
35.8200
36.1800
36.5400
36.9000
37.2800
37.6400
37.9800
38.3400
38.7200
39.1000
39.4600
39.8400
40.1800
40.5400
40.9000
41.2600
41.6400
42.0000
42.3600
42.7000
43.0800
43.4600
43.8400
44.2000
44.5600
44.9200
45.3000
45.6400
46.0000
46.3800
46.7400
47.1000
47.4600
47.8200
48.2000
48.5600
48.9400
49.3400
49.7000
50.0600
50.4200
50.8000
51.1400
51.5200
51.9000
52.2800
52.6600
53.0000
53.3200
53.6600
54.0200
54.3800
54.7600
55.1400
55.5200
55.9200
56.2800
56.6400
57.0200
57.3800
57.7400
58.1400
58.4800
58.8600
59.2200
59.5600
59.9200
60.2800
60.6400
61.0400
61.4200
61.8000
62.1600
62.5400
62.9200
63.3000
63.6400
64.0200
64.3800
64.7800
65.1600
65.5400
65.9200
66.3000
66.6800
67.0400
67.4200
67.8200
68.1800
68.5600
68.9400
69.3000
69.6600
70.0400
70.4000
70.7800
71.1800
71.5600
71.9400
72.3200
72.7000
73.1800
73.6800
74.2400
75.0400
75.8200
76.6200
77.3600
78.1400
78.9000
79.7000
80.4400
81.2000
81.9600
82.7400
83.4600
84.2200
84.9800
85.7600
86.4800
87.2400
88.0000
88.7800
89.5000
90.2600
91.0000
91.7800
92.5200
93.2800
94.0200
94.7800
95.4600
95.8800
96.3000
96.6800
97.0600
97.4400
97.8000
98.1800
98.5200
98.9000
99.2800
99.6400
100.0200
100.4000
100.7600
101.1200
101.5000
101.8600
102.2200
102.5800
102.9400
103.3400
103.7200
104.1000
104.4600
104.8400
105.2000
105.5600
105.9200
106.3000
106.6600
107.0200
107.4200
107.8000
108.1600
108.5600
108.9400
109.3200
109.6800
110.0600
110.4400
110.8000
111.1600
111.5400
111.8800
112.2400
112.6000
112.9600
113.3400
113.7000
114.0600
114.4400
114.8200
115.2000
115.5800
115.9600
116.3200
116.7200
117.1000
117.4600
117.8400
118.2400
118.6000
118.9800
119.3400
119.7000
120.0800
120.4400
120.8200
121.2000
121.6000
122.0200
122.3800
122.7600
123.1200
123.4800
123.8400
124.1600
124.5000
124.8800
125.2200
125.6000
125.9400
126.3000
126.6800
127.0800
127.4400
127.8400
128.2200
128.6000
128.9800
129.3600
129.7400
130.1000
130.5000
130.8600
131.2600
131.6200
132.0000
132.3800
132.7800
133.1600
133.5400
133.9200
134.2800
134.6800
135.0400
135.4200
135.7800
136.1400
136.5000
136.8200
137.1400
137.4600
137.7800
138.1200
138.4400
138.8400
139.2200
139.5800
139.9800
140.3400
140.7400
141.1000
141.4600
141.8400
142.2000
142.5600
142.9200
143.2600
143.6400
144.0200
144.3800
144.7600
145.1600
145.5400
145.8800
146.2400
146.6200
146.9600
147.3200
147.6600
147.9800
148.3200
148.6800
149.0200
149.3400
149.7200
150.0600
150.4400
150.8000
151.1600
151.5200
151.8800
152.2200
152.5800
152.9400
153.3200
153.6800
154.0400
154.4000
154.7400
155.0800
155.4000
155.7800
156.1200
156.5200
156.9000
157.2600
157.6200
157.9600
158.3200
158.6800
159.0400
159.4200
159.7800
160.1400
160.4800
160.8400
161.2000
161.5600
161.9200
162.3200
162.6800
163.0400
163.3800
163.7200
164.0600
164.4000
164.7400
165.0800
165.4200
165.7600
166.1000
166.4200
166.7800
167.1200
167.4800
167.8400
168.2400
168.6000
168.9600
169.3000
169.6600
170.0000
170.3600
170.7000
171.0600
171.4400
171.7800
172.1400
172.5000
172.8600
173.2400
173.6200
173.9800
174.3400
174.6800
175.0600
175.4200
175.7800
176.1400
176.5000
176.8600
177.2000
177.5600
177.9400
178.3000
178.6800
179.0400
179.4200
179.8000
180.1400
180.5200
180.8800
181.2400
181.6000
181.9600
182.3200
182.6600
183.0200
183.3600
183.7200
184.0600
184.4400
184.8200
185.2200
185.6000
185.9600
186.3400
186.7000
187.0400
187.4000
187.7800
188.1200
188.4800
188.8000
189.1400
189.4800
189.8400
190.1800
190.5600
190.9400
191.3200
191.7000
192.0600
192.4600
192.8200
193.1800
193.5200
193.8800
194.2600
194.6200
195.0000
195.3800
195.7400
196.1400
196.5000
196.9000
197.2800
197.6600
198.0400
198.4200
198.8000
199.1800
199.5400
199.9400
200.3200
200.7000
201.0600
201.4600
201.8400
202.2000
202.5800
202.9600
203.3400
203.7200
204.0800
204.4200
204.8000
205.1400
205.5200
205.9000
206.2600
206.6400
207.0400
207.4200
207.8000
208.1600
208.5400
208.9400
209.3200
209.6800
210.0600
210.4600
210.8400
211.1800
211.5600
211.9400
212.3200
212.7000
213.1000
213.4800
213.8400
214.2400
214.6200
215.0000
215.3800
215.7600
216.1200
216.5200
216.8800
217.2600
217.6200
218.0000
218.3400
218.7000
219.0800
219.4200
219.7800
220.1600
220.5600
220.9600
221.3200
221.7200
222.0800
222.4800
222.8600
223.2200
223.6000
223.9800
224.3400
224.7000
225.0800
225.4600
225.8400
226.2400
226.6200
226.9600
227.3000
227.6200
227.9400
228.2600
228.6200
228.9600
229.3200
229.7200
230.1000
230.4800
230.8600
231.2600
231.6600
232.0400
232.4200
232.7800
233.1600
233.5200
233.8600
234.2200
234.5800
234.9600
235.3200
235.6800
236.0200
236.3800
236.7400
237.0600
237.4200
237.7400
238.0800
238.4200
238.7600
239.1000
239.4400
239.7800
240.1200
240.4800
240.8200
241.1600
241.5000
241.8200
242.1600
242.5200
242.8400
243.2000
243.5200
243.8800
244.2200
244.5400
244.8800
245.2200
245.5600
245.9000
