# Neural Ground Truth Beats (BeatNet CRNN + DBN)
# Track: Power
# Duration: 187.33s, Estimated BPM: 136.4
# Total Beats: 360, Downbeats: 90
0.5000
1.3600
2.2200
3.1000
3.9600
4.8600
5.6800
6.5400
7.4200
8.3000
9.1400
10.0000
10.8600
11.7200
12.5600
13.4400
14.3200
15.2000
16.0400
16.9600
17.8400
18.7000
19.5600
20.4400
21.3000
22.1000
22.9400
23.8200
24.6600
25.5400
26.3600
27.2800
28.2400
29.2200
30.0800
30.9600
31.8000
32.6600
33.5400
34.4000
35.2600
36.1200
36.9800
37.8600
38.7200
39.5800
40.4400
41.4800
42.4800
43.4400
44.4200
45.3600
46.4000
47.3600
48.3800
49.3200
50.2800
51.2600
52.2200
53.1000
53.9600
54.8200
55.6600
56.5400
57.2000
57.8400
58.4800
59.1200
59.7800
60.4200
61.0800
61.7200
62.3600
62.8000
63.2200
63.6600
64.1200
64.5400
65.0000
65.4000
65.8400
66.2600
66.6800
67.1200
67.5400
67.9800
68.4200
68.8600
69.3200
69.7400
70.1800
70.6200
71.1000
71.5400
72.0000
72.4800
72.9400
73.3800
73.8200
74.2600
74.7200
75.1400
75.6000
76.0400
76.4600
76.9200
77.3800
77.8400
78.3200
78.7600
79.2000
79.6400
80.0800
80.5000
80.9600
81.4200
81.8800
82.3400
82.8200
83.2600
83.7400
84.1800
84.6000
85.0400
85.4600
85.9000
86.3400
86.7600
87.2000
87.6600
88.0600
88.5000
88.9200
89.3600
89.7800
90.2200
90.6600
91.0800
91.5200
91.9400
92.3800
92.8000
93.2400
93.6800
94.1000
94.5400
94.9600
95.4000
95.8200
96.2600
96.7000
97.1400
97.5800
98.0000
98.4200
98.8600
99.2800
99.7000
100.1600
100.5800
101.0200
101.4600
101.8800
102.3200
102.7200
103.1800
103.6200
104.0400
104.4800
104.9000
105.3400
105.7600
106.2000
106.6200
107.0600
107.5000
107.9400
108.4000
108.8200
109.2400
109.6600
110.1000
110.5400
110.9600
111.4000
111.8400
112.2600
112.7000
113.1200
113.5400
113.9800
114.4200
114.8600
115.2800
115.7200
116.1400
116.5600
116.9800
117.4400
117.8800
118.3000
118.7400
119.1600
119.6000
120.0200
120.4400
120.9000
121.3200
121.7600
122.2000
122.6200
123.0600
123.4800
123.9200
124.3600
124.7800
125.2200
125.6800
126.0800
126.5000
126.9400
127.3600
127.8000
128.2400
128.6800
129.1200
129.5200
129.9600
130.3800
130.8200
131.2400
131.6800
132.1200
132.5600
132.9800
133.4200
133.8400
134.2600
134.7200
135.1400
135.6000
136.1200
136.6400
137.1800
137.6800
138.2000
138.6600
139.1600
139.6400
140.1200
140.6000
140.9800
141.3200
141.6800
142.0600
142.4000
142.7600
143.1200
143.5000
143.8400
144.1800
144.5200
144.8600
145.2200
145.5600
145.8800
146.2200
146.5800
146.9000
147.2400
147.5800
147.9400
148.2800
148.6000
148.9600
149.3400
149.7000
150.0400
150.4000
150.7600
151.1600
151.5400
151.9800
152.4000
152.8400
153.2800
153.7000
154.1400
154.5600
154.9800
155.4200
155.8600
156.3000
156.7200
157.1600
157.5800
158.0200
158.4400
158.8800
159.3200
159.7600
160.1800
160.6000
161.0400
161.4600
161.9000
162.3400
162.7800
163.2400
163.7600
164.2800
164.8000
165.3400
165.9000
166.4800
167.1000
167.7400
168.3800
169.0200
169.6600
170.3200
170.7600
171.2000
171.6200
172.0600
172.4800
172.9000
173.3400
173.7600
174.2200
174.6400
175.0800
175.4600
175.8400
176.2000
176.6000
177.0200
177.4600
177.8800
178.3000
178.7400
179.1600
179.6200
180.0400
180.4800
180.9000
181.3200
181.7600
182.1800
182.6000
183.0400
183.4800
183.9200
184.3600
184.7800
185.2200
185.6400
186.0400
186.4600
186.9000
