# Neural Ground Truth Downbeats (BeatNet CRNN + DBN)
# Track: Power
2.2200
5.6800
9.1400
12.5600
16.0400
19.5600
22.9400
26.3600
30.0800
33.5400
36.9800
40.4400
44.4200
48.3800
52.2200
55.6600
58.4800
61.0800
63.2200
65.0000
66.6800
68.4200
70.1800
72.0000
73.8200
75.6000
77.3800
79.2000
80.9600
82.8200
84.6000
86.3400
88.0600
89.7800
91.5200
93.2400
94.9600
96.7000
98.4200
100.1600
101.8800
103.6200
105.3400
107.0600
108.8200
110.5400
112.2600
113.9800
115.7200
117.4400
119.1600
120.9000
122.6200
124.3600
126.0800
127.8000
129.5200
131.2400
132.9800
134.7200
136.6400
138.6600
140.6000
142.0600
143.5000
144.8600
146.2200
147.5800
148.9600
150.4000
151.9800
153.7000
155.4200
157.1600
158.8800
160.6000
162.3400
164.2800
166.4800
169.0200
171.2000
172.9000
174.6400
176.2000
177.8800
179.6200
181.3200
183.0400
184.7800
186.4600
