0.3200
0.8400
1.3600
1.8900
2.4100
2.9200
3.4400
3.9700
4.4900
5.0200
5.5400
6.0600
6.5800
7.1000
7.6100
8.1800
8.7600
9.3000
9.7700
10.2500
10.7200
11.1800
11.6500
12.1100
12.5700
13.0400
13.5100
13.9900
14.4600
14.9100
15.3700
15.8400
16.3200
16.7800
17.2500
17.7200
18.2100
18.6700
19.1400
19.6100
20.0800
20.5400
21.0100
21.4900
21.9600
22.4100
22.8700
23.3400
23.8200
24.2800
24.7400
25.2200
25.6800
26.1700
26.6400
27.1100
27.5700
28.0400
28.5100
28.9900
29.4600
29.9100
30.3700
30.8400
31.3100
31.7800
32.2400
32.7200
33.2000
33.6700
34.1300
34.6100
35.0800
35.5500
36.0100
36.4900
36.9600
37.4100
37.8700
38.3400
38.8200
39.2800
39.7500
40.2200
40.7000
41.1700
41.6300
42.0900
42.5600
43.0500
43.5200
43.9900
44.4600
44.9100
45.3800
45.8400
46.3100
46.7800
47.2500
47.7200
48.2100
48.6700
49.1300
49.6100
50.0700
50.5400
51.0100
51.4900
51.9600
52.4100
52.8700
53.3400
53.8200
54.2900
54.7500
55.2300
55.7100
56.1800
56.6400
57.1200
57.5800
58.0500
58.5200
59.0000
59.4600
59.9200
60.3800
60.8400
61.3200
61.7900
62.2600
62.7300
63.2100
63.6700
64.1400
64.6200
65.0800
65.5500
66.0100
66.5000
66.9700
67.4200
67.8800
68.3500
68.8200
69.2900
69.7600
70.2300
70.7100
71.1800
71.6500
72.1300
72.5800
73.0400
73.5200
73.9900
74.4800
74.9300
75.3900
75.8500
76.3200
76.7700
77.2500
77.7300
78.2000
78.6800
79.1600
79.6300
80.0900
80.5400
81.0200
81.5000
81.9700
82.4200
82.8800
83.3500
83.8200
84.2900
84.7500
85.2100
85.7000
86.1800
86.6600
87.1200
87.5800
88.0300
88.5100
89.0000
89.4700
89.9200
90.3800
90.8400
91.3200
91.7900
92.2700
92.7300
93.2000
93.6800
94.1500
94.6200
95.0800
95.5400
96.0200
96.5000
96.9700
97.4200
97.8800
98.3400
98.8100
99.2900
99.7600
100.2100
100.7000
101.1800
101.6500
102.1100
102.5800
103.0500
103.5200
104.0000
104.4700
104.9200
105.3800
105.8500
106.3200
106.7900
107.2600
107.7300
108.2200
108.6800
109.1400
109.6200
110.0800
110.5500
111.0200
111.5000
111.9700
112.4200
112.8800
113.3400
113.8300
114.2900
114.7500
115.2300
115.7200
116.1800
116.6500
117.1000
117.5600
118.0500
118.5200
119.0000
119.4700
119.9200
120.3800
120.8500
121.3300
121.7900
122.2600
122.7400
123.2200
123.6800
124.1600
124.6200
125.0800
125.5500
126.0200
126.5000
126.9700
127.4200
127.8800
128.3500
128.8300
129.2800
129.7500
130.2300
130.7000
131.1600
131.6400
132.1300
132.6000
133.0600
133.5200
133.9900
134.4800
134.9400
135.4100
135.8600
136.3300
136.7800
137.2700
137.7400
138.2000
138.6800
139.1600
139.6300
140.1000
140.5500
141.0100
141.4800
141.9700
142.4200
142.8900
143.3400
143.8100
144.2800
144.7600
145.2100
145.7000
146.1800
146.6600
147.1300
147.5900
148.0400
148.5200
148.9900
149.4700
149.9200
150.3900
150.8400
151.3300
151.8000
152.2700
152.7300
153.2000
153.6800
154.1600
154.6300
155.1000
155.5600
156.0200
156.4900
156.9700
157.4200
157.8900
158.3400
158.8100
159.2700
159.7600
160.2400
160.7100
161.1800
161.6600
162.1300
162.5900
163.0600
163.5300
164.0100
164.4700
164.9200
165.3900
165.8500
166.3400
166.8000
167.2600
167.7300
168.2200
168.6800
169.1400
169.6200
170.0900
170.5600
171.0200
171.5100
171.9800
172.4300
172.8900
173.3500
173.8300
174.2900
174.7600
175.2300
175.7200
176.1800
176.6600
177.1200
177.5800
178.0500
178.5200
179.0000
179.4700
179.9300
180.3900
180.8500
181.3200
181.8000
182.2600
182.7300
183.2100
183.6900
184.1500
184.6200
185.1000
185.5600
186.0300
186.5100
186.9700
187.4200
187.8800
188.3600
188.8300
189.3000
189.7600
190.2400
190.7200
191.1700
191.6500
192.1300
192.6000
193.0600
193.5300
193.9800
194.4700
194.9500
195.4100
195.8600
196.3200
196.7800
197.2700
197.7200
198.2000
198.6800
199.1700
199.6400
200.0900
200.5600
201.0200
201.4700
201.9600
202.4300
202.9100
203.3700
203.8200
204.2900
204.7500
205.2200
205.7100
206.1800
206.6600
207.1300
207.5900
208.0400
208.5200
209.0000
209.4800
209.9500
210.4100
210.8600
211.3300
211.8000
212.2800
212.7400
213.2100
213.6900
214.1700
214.6300
215.0900
215.5600
216.0200
216.5100
216.9700
217.4300
217.8900
218.3500
218.8200
219.2800
219.7600
220.2400
220.7100
221.1600
221.6400
222.1300
222.5900
223.0400
223.5200
224.0000
224.4900
224.9500
225.4100
225.8600
226.3300
226.8000
227.2700
227.7400
228.2100
228.6900
229.1700
229.6300
230.0900
230.5600
231.0300
231.5100
231.9800
232.4300
232.8900
233.3600
233.8200
234.3000
234.7700
235.2200
235.7000
236.1700
236.6600
237.1300
237.6100
238.1000
238.6100
239.1100
239.6000
