# Neural Ground Truth Beats (BeatNet CRNN + DBN - Corrected 44.1kHz)
# Track: Pumped Up Kicks
# Duration: 239.60s, Estimated BPM: 128.0
# Total Beats: 1018
0.0700
0.3200
0.5900
0.8400
1.1000
1.3600
1.6200
1.8900
2.1500
2.4100
2.6700
2.9200
3.1900
3.4400
3.7000
3.9700
4.2400
4.4900
4.7600
5.0200
5.2800
5.5400
5.8000
6.0600
6.3100
6.5800
6.8400
7.1000
7.3500
7.6100
7.8900
8.1800
8.4700
8.7600
9.0500
9.3000
9.5400
9.7700
10.0100
10.2500
10.4900
10.7200
10.9500
11.1800
11.4200
11.6500
11.8700
12.1100
12.3400
12.5700
12.8000
13.0400
13.2800
13.5100
13.7500
13.9900
14.2300
14.4600
14.6800
14.9100
15.1400
15.3700
15.6100
15.8400
16.0900
16.3200
16.5500
16.7800
17.0200
17.2500
17.4900
17.7200
17.9600
18.2100
18.4400
18.6700
18.9000
19.1400
19.3800
19.6100
19.8600
20.0800
20.3200
20.5400
20.7700
21.0100
21.2500
21.4900
21.7300
21.9600
22.1900
22.4100
22.6400
22.8700
23.1000
23.3400
23.5900
23.8200
24.0400
24.2800
24.5000
24.7400
24.9900
25.2200
25.4600
25.6800
25.9200
26.1700
26.4000
26.6400
26.8800
27.1100
27.3400
27.5700
27.8000
28.0400
28.2800
28.5100
28.7600
28.9900
29.2300
29.4600
29.6900
29.9100
30.1400
30.3700
30.6100
30.8400
31.0800
31.3100
31.5500
31.7800
32.0000
32.2400
32.4900
32.7200
32.9700
33.2000
33.4400
33.6700
33.9000
34.1300
34.3800
34.6100
34.8600
35.0800
35.3200
35.5500
35.7700
36.0100
36.2500
36.4900
36.7300
36.9600
37.1800
37.4100
37.6400
37.8700
38.1100
38.3400
38.5800
38.8200
39.0500
39.2800
39.5000
39.7500
39.9900
40.2200
40.4600
40.7000
40.9400
41.1700
41.4000
41.6300
41.8700
42.0900
42.3300
42.5600
42.8100
43.0500
43.2800
43.5200
43.7700
43.9900
44.2300
44.4600
44.6900
44.9100
45.1400
45.3800
45.6000
45.8400
46.0900
46.3100
46.5500
46.7800
47.0000
47.2500
47.4900
47.7200
47.9700
48.2100
48.4400
48.6700
48.8900
49.1300
49.3700
49.6100
49.8500
50.0700
50.3000
50.5400
50.7800
51.0100
51.2500
51.4900
51.7300
51.9600
52.1900
52.4100
52.6400
52.8700
53.1000
53.3400
53.5800
53.8200
54.0600
54.2900
54.5100
54.7500
55.0000
55.2300
55.4700
55.7100
55.9500
56.1800
56.4000
56.6400
56.8800
57.1200
57.3600
57.5800
57.8100
58.0500
58.2700
58.5200
58.7600
59.0000
59.2400
59.4600
59.7000
59.9200
60.1500
60.3800
60.6100
60.8400
61.0900
61.3200
61.5500
61.7900
62.0100
62.2600
62.5000
62.7300
62.9700
63.2100
63.4500
63.6700
63.9000
64.1400
64.3700
64.6200
64.8600
65.0800
65.3200
65.5500
65.7700
66.0100
66.2600
66.5000
66.7400
66.9700
67.1900
67.4200
67.6500
67.8800
68.1100
68.3500
68.5900
68.8200
69.0600
69.2900
69.5100
69.7600
70.0000
70.2300
70.4700
70.7100
70.9500
71.1800
71.4000
71.6500
71.8900
72.1300
72.3600
72.5800
72.8100
73.0400
73.2800
73.5200
73.7500
73.9900
74.2400
74.4800
74.7000
74.9300
75.1600
75.3900
75.6300
75.8500
76.0800
76.3200
76.5500
76.7700
77.0100
77.2500
77.4800
77.7300
77.9700
78.2000
78.4500
78.6800
78.9200
79.1600
79.3900
79.6300
79.8500
80.0900
80.3100
80.5400
80.7800
81.0200
81.2500
81.5000
81.7400
81.9700
82.1900
82.4200
82.6600
82.8800
83.1200
83.3500
83.5800
83.8200
84.0600
84.2900
84.5200
84.7500
84.9900
85.2100
85.4600
85.7000
85.9300
86.1800
86.4100
86.6600
86.8800
87.1200
87.3500
87.5800
87.8000
88.0300
88.2700
88.5100
88.7600
89.0000
89.2300
89.4700
89.6900
89.9200
90.1500
90.3800
90.6100
90.8400
91.0700
91.3200
91.5500
91.7900
92.0400
92.2700
92.4900
92.7300
92.9500
93.2000
93.4400
93.6800
93.9200
94.1500
94.3900
94.6200
94.8600
95.0800
95.3100
95.5400
95.7800
96.0200
96.2500
96.5000
96.7300
96.9700
97.1900
97.4200
97.6500
97.8800
98.1100
98.3400
98.5700
98.8100
99.0400
99.2900
99.5300
99.7600
99.9800
100.2100
100.4600
100.7000
100.9300
101.1800
101.4200
101.6500
101.8800
102.1100
102.3400
102.5800
102.8000
103.0500
103.2800
103.5200
103.7700
104.0000
104.2400
104.4700
104.6900
104.9200
105.1500
105.3800
105.6200
105.8500
106.0900
106.3200
106.5500
106.7900
107.0100
107.2600
107.5000
107.7300
107.9700
108.2200
108.4500
108.6800
108.9100
109.1400
109.3800
109.6200
109.8600
110.0800
110.3200
110.5500
110.7800
111.0200
111.2600
111.5000
111.7400
111.9700
112.1900
112.4200
112.6500
112.8800
113.1200
113.3400
113.5800
113.8300
114.0700
114.2900
114.5200
114.7500
115.0000
115.2300
115.4700
115.7200
115.9500
116.1800
116.4100
116.6500
116.8700
117.1000
117.3400
117.5600
117.8100
118.0500
118.2800
118.5200
118.7700
119.0000
119.2400
119.4700
119.7000
119.9200
120.1500
120.3800
120.6100
120.8500
121.1000
121.3300
121.5500
121.7900
122.0200
122.2600
122.4900
122.7400
122.9800
123.2200
123.4600
123.6800
123.9100
124.1600
124.4000
124.6200
124.8600
125.0800
125.3200
125.5500
125.7800
126.0200
126.2600
126.5000
126.7400
126.9700
127.2000
127.4200
127.6500
127.8800
128.1200
128.3500
128.5900
128.8300
129.0600
129.2800
129.5200
129.7500
129.9900
130.2300
130.4700
130.7000
130.9400
131.1600
131.4000
131.6400
131.8800
132.1300
132.3600
132.6000
132.8200
133.0600
133.2900
133.5200
133.7500
133.9900
134.2400
134.4800
134.7200
134.9400
135.1800
135.4100
135.6400
135.8600
136.1000
136.3300
136.5500
136.7800
137.0200
137.2700
137.5000
137.7400
137.9600
138.2000
138.4300
138.6800
138.9100
139.1600
139.4000
139.6300
139.8600
140.1000
140.3300
140.5500
140.7800
141.0100
141.2500
141.4800
141.7300
141.9700
142.1900
142.4200
142.6600
142.8900
143.1200
143.3400
143.5800
143.8100
144.0400
144.2800
144.5100
144.7600
144.9800
145.2100
145.4600
145.7000
145.9300
146.1800
146.4200
146.6600
146.9000
147.1300
147.3500
147.5900
147.8100
148.0400
148.2800
148.5200
148.7600
148.9900
149.2300
149.4700
149.6900
149.9200
150.1600
150.3900
150.6200
150.8400
151.0800
151.3300
151.5700
151.8000
152.0400
152.2700
152.5000
152.7300
152.9700
153.2000
153.4500
153.6800
153.9200
154.1600
154.4100
154.6300
154.8700
155.1000
155.3300
155.5600
155.7900
156.0200
156.2600
156.4900
156.7400
156.9700
157.1900
157.4200
157.6600
157.8900
158.1200
158.3400
158.5700
158.8100
159.0400
159.2700
159.5100
159.7600
159.9900
160.2400
160.4700
160.7100
160.9300
161.1800
161.4100
161.6600
161.9000
162.1300
162.3600
162.5900
162.8100
163.0600
163.3000
163.5300
163.7800
164.0100
164.2400
164.4700
164.6900
164.9200
165.1600
165.3900
165.6200
165.8500
166.0900
166.3400
166.5800
166.8000
167.0400
167.2600
167.4900
167.7300
167.9800
168.2200
168.4600
168.6800
168.9200
169.1400
169.3900
169.6200
169.8600
170.0900
170.3200
170.5600
170.7800
171.0200
171.2600
171.5100
171.7500
171.9800
172.2100
172.4300
172.6700
172.8900
173.1200
173.3500
173.5900
173.8300
174.0600
174.2900
174.5200
174.7600
175.0000
175.2300
175.4800
175.7200
175.9400
176.1800
176.4200
176.6600
176.8900
177.1200
177.3600
177.5800
177.8200
178.0500
178.2900
178.5200
178.7600
179.0000
179.2500
179.4700
179.7100
179.9300
180.1600
180.3900
180.6300
180.8500
181.0900
181.3200
181.5600
181.8000
182.0400
182.2600
182.5000
182.7300
182.9800
183.2100
183.4600
183.6900
183.9200
184.1500
184.3900
184.6200
184.8600
185.1000
185.3300
185.5600
185.7900
186.0300
186.2600
186.5100
186.7300
186.9700
187.2000
187.4200
187.6600
187.8800
188.1200
188.3600
188.5900
188.8300
189.0600
189.3000
189.5300
189.7600
189.9900
190.2400
190.4800
190.7200
190.9400
191.1700
191.4000
191.6500
191.8900
192.1300
192.3700
192.6000
192.8400
193.0600
193.3000
193.5300
193.7600
193.9800
194.2200
194.4700
194.7100
194.9500
195.1800
195.4100
195.6400
195.8600
196.0900
196.3200
196.5600
196.7800
197.0300
197.2700
197.5000
197.7200
197.9600
198.2000
198.4500
198.6800
198.9300
199.1700
199.4100
199.6400
199.8600
200.0900
200.3300
200.5600
200.7900
201.0200
201.2500
201.4700
201.7200
201.9600
202.1900
202.4300
202.6700
202.9100
203.1400
203.3700
203.5900
203.8200
204.0500
204.2900
204.5200
204.7500
204.9900
205.2200
205.4700
205.7100
205.9500
206.1800
206.4200
206.6600
206.9000
207.1300
207.3500
207.5900
207.8200
208.0400
208.2900
208.5200
208.7600
209.0000
209.2500
209.4800
209.7200
209.9500
210.1800
210.4100
210.6400
210.8600
211.1000
211.3300
211.5600
211.8000
212.0300
212.2800
212.5000
212.7400
212.9600
213.2100
213.4400
213.6900
213.9200
214.1700
214.4000
214.6300
214.8600
215.0900
215.3300
215.5600
215.7900
216.0200
216.2600
216.5100
216.7500
216.9700
217.2000
217.4300
217.6700
217.8900
218.1300
218.3500
218.5800
218.8200
219.0500
219.2800
219.5300
219.7600
220.0000
220.2400
220.4800
220.7100
220.9400
221.1600
221.4000
221.6400
221.8800
222.1300
222.3500
222.5900
222.8200
223.0400
223.2900
223.5200
223.7700
224.0000
224.2500
224.4900
224.7200
224.9500
225.1800
225.4100
225.6400
225.8600
226.1000
226.3300
226.5600
226.8000
227.0300
227.2700
227.5000
227.7400
227.9600
228.2100
228.4400
228.6900
228.9200
229.1700
229.4100
229.6300
229.8600
230.0900
230.3300
230.5600
230.7800
231.0300
231.2600
231.5100
231.7500
231.9800
232.2000
232.4300
232.6700
232.8900
233.1200
233.3600
233.5800
233.8200
234.0500
234.3000
234.5400
234.7700
234.9900
235.2200
235.4500
235.7000
235.9400
236.1700
236.4200
236.6600
236.8900
237.1300
237.3800
237.6100
237.8500
238.1000
238.3600
238.6100
238.8600
239.1100
239.3600
239.6000
