# Neural Ground Truth Beats (BeatNet CRNN + DBN)
# Track: Rebel Rebel - 2016 Remaster
# Duration: 274.75s, Estimated BPM: 125.0
# Total Beats: 565, Downbeats: 142
0.1800
0.6400
1.1200
1.6000
2.1000
2.5800
3.0600
3.5400
4.0000
4.4800
5.0000
5.4800
6.0000
6.4600
6.9400
7.4200
7.9000
8.3800
8.8800
9.3600
9.8400
10.3200
10.8000
11.2800
11.7600
12.2400
12.7200
13.2000
13.6600
14.1600
14.6400
15.1000
15.5600
16.0400
16.5200
17.0000
17.4800
17.9400
18.4200
18.9200
19.3800
19.8600
20.3400
20.8200
21.3000
21.7600
22.2400
22.7200
23.2000
23.6800
24.1400
24.6200
25.1000
25.5800
26.0600
26.5400
27.0000
27.4800
27.9400
28.4400
28.9200
29.3800
29.8600
30.3400
30.8000
31.2800
31.7600
32.2600
32.7400
33.2200
33.7000
34.2000
34.6600
35.1400
35.6400
36.1200
36.6000
37.0800
37.5600
38.0400
38.5000
38.9800
39.4600
39.9600
40.4400
40.9200
41.4000
41.9000
42.3600
42.8400
43.3200
43.8000
44.2800
44.7400
45.2000
45.6800
46.1400
46.6200
47.1000
47.6000
48.0800
48.5400
49.0200
49.5000
49.9600
50.4400
50.9200
51.4000
51.8600
52.3400
52.8200
53.3000
53.7600
54.2400
54.7000
55.2000
55.6600
56.1400
56.6200
57.1200
57.5800
58.0600
58.5200
59.0000
59.4800
59.9400
60.4000
60.8800
61.3400
61.8000
62.2800
62.7800
63.2600
63.7400
64.2200
64.7000
65.1600
65.6400
66.1200
66.6000
67.0600
67.5600
68.0400
68.5200
68.9600
69.4200
69.9200
70.4000
70.8600
71.3400
71.8000
72.3000
72.7600
73.2600
73.7400
74.2200
74.7000
75.1600
75.6400
76.1400
76.6000
77.0800
77.5400
78.0400
78.5000
78.9800
79.4600
79.9200
80.4000
80.8800
81.3400
81.8200
82.3400
82.8400
83.3400
83.8200
84.2800
84.7600
85.2400
85.7200
86.2000
86.6800
87.1600
87.6400
88.1200
88.6000
89.0800
89.5800
90.0400
90.5200
91.0000
91.4600
91.9200
92.4000
92.8800
93.3800
93.8600
94.3400
94.8200
95.3000
95.7800
96.2600
96.7400
97.2000
97.6800
98.1600
98.6200
99.1000
99.5400
100.0200
100.5000
101.0000
101.4600
101.9400
102.4200
102.9000
103.3600
103.8200
104.3000
104.7800
105.2600
105.7200
106.2000
106.7000
107.1600
107.6400
108.1200
108.6000
109.0600
109.5400
110.0200
110.5000
110.9400
111.4400
111.9200
112.3800
112.8600
113.3400
113.8200
114.3000
114.7600
115.2200
115.7200
116.2000
116.6600
117.1400
117.6200
118.1000
118.5400
119.0400
119.5000
120.0000
120.4800
120.9400
121.4000
121.8800
122.3400
122.8200
123.3000
123.8000
124.2600
124.7400
125.2400
125.7000
126.1400
126.6200
127.1200
127.6000
128.0600
128.5400
129.0000
129.4800
129.9400
130.4200
130.9000
131.3800
131.8600
132.3400
132.8200
133.3000
133.7600
134.2400
134.7200
135.1800
135.6600
136.1400
136.5800
137.0800
137.5400
138.0200
138.5000
138.9800
139.4600
139.9400
140.4200
140.9000
141.3600
141.8400
142.3200
142.8000
143.2800
143.7600
144.2200
144.7000
145.1800
145.6400
146.1200
146.6000
147.0800
147.5400
148.0200
148.5000
148.9600
149.4400
149.9200
150.4000
150.8800
151.4000
151.9000
152.3800
152.8600
153.3400
153.8200
154.3000
154.7800
155.2600
155.7400
156.2200
156.6800
157.1800
157.6400
158.1200
158.5800
159.0600
159.5400
160.0200
160.4800
160.9400
161.4400
161.9200
162.4000
162.8600
163.3400
163.8400
164.3000
164.7800
165.2600
165.7200
166.2000
166.6800
167.1400
167.6200
168.0800
168.5400
169.0200
169.5000
169.9800
170.4400
170.9200
171.4200
171.8800
172.3600
172.8200
173.3000
173.7600
174.2400
174.7000
175.2000
175.6600
176.1400
176.6200
177.1000
177.5600
178.0400
178.5000
178.9800
179.4600
179.9200
180.3800
180.8400
181.3000
181.8000
182.3200
182.8200
183.3200
183.8200
184.3200
184.8000
185.2800
185.7600
186.2200
186.7200
187.2000
187.6600
188.1400
188.6400
189.1200
189.6000
190.0600
190.5200
191.0000
191.4600
191.9400
192.4400
192.9200
193.4000
193.8800
194.3600
194.8200
195.3200
195.7800
196.2800
196.7600
197.2200
197.7200
198.2000
198.6600
199.1400
199.6200
200.0800
200.5600
201.0400
201.5200
202.0000
202.4600
202.9400
203.4200
203.9000
204.3800
204.8600
205.3200
205.8200
206.2800
206.7600
207.2400
207.7000
208.1800
208.6400
209.1400
209.6200
210.1000
210.5800
211.0600
211.5400
212.0000
212.4800
212.9400
213.4400
213.9000
214.3800
214.8800
215.3600
215.8200
216.3000
216.7600
217.2600
217.7200
218.2000
218.6800
219.1600
219.6400
220.1200
220.5800
221.0600
221.5400
222.0200
222.5000
222.9800
223.4600
223.9200
224.4000
224.9000
225.3600
225.8400
226.3200
226.8000
227.2600
227.7400
228.2200
228.7000
229.1800
229.6600
230.1400
230.6000
231.0800
231.5600
232.0400
232.5200
233.0000
233.4600
233.9400
234.4200
234.9000
235.3800
235.8600
236.3400
236.8200
237.3000
237.7800
238.2600
238.7400
239.2000
239.6800
240.1600
240.6200
241.1000
241.5800
242.0800
242.5400
243.0200
243.4800
243.9600
244.4400
244.9200
245.4000
245.8800
246.3600
246.8400
247.3200
247.8000
248.2600
248.7400
249.2200
249.7000
250.1600
250.6400
251.1000
251.5800
252.0400
252.5200
253.0200
253.5000
253.9600
254.4400
254.9200
255.4000
255.8800
256.3400
256.8400
257.3000
257.7800
258.2600
258.7400
259.2200
259.6800
260.1600
260.6400
261.1200
261.5800
262.0400
262.5000
262.9800
263.4600
263.9600
264.4600
264.9800
265.4800
265.9600
266.4600
266.9800
267.4600
267.9800
268.4600
268.9800
269.4800
