# Neural Ground Truth Downbeats (BeatNet CRNN + DBN)
# Track: Rebel Rebel - 2016 Remaster
0.1800
2.1000
4.0000
6.0000
7.9000
9.8400
11.7600
13.6600
15.5600
17.4800
19.3800
21.3000
23.2000
25.1000
27.0000
28.9200
30.8000
32.7400
34.6600
36.6000
38.5000
40.4400
42.3600
44.2800
46.1400
48.0800
49.9600
51.8600
53.7600
55.6600
57.5800
59.4800
61.3400
63.2600
65.1600
67.0600
68.9600
70.8600
72.7600
74.7000
76.6000
78.5000
80.4000
82.3400
84.2800
86.2000
88.1200
90.0400
91.9200
93.8600
95.7800
97.6800
99.5400
101.4600
103.3600
105.2600
107.1600
109.0600
110.9400
112.8600
114.7600
116.6600
118.5400
120.4800
122.3400
124.2600
126.1400
128.0600
129.9400
131.8600
133.7600
135.6600
137.5400
139.4600
141.3600
143.2800
145.1800
147.0800
148.9600
150.8800
152.8600
154.7800
156.6800
158.5800
160.4800
162.4000
164.3000
166.2000
168.0800
169.9800
171.8800
173.7600
175.6600
177.5600
179.4600
181.3000
183.3200
185.2800
187.2000
189.1200
191.0000
192.9200
194.8200
196.7600
198.6600
200.5600
202.4600
204.3800
206.2800
208.1800
210.1000
212.0000
213.9000
215.8200
217.7200
219.6400
221.5400
223.4600
225.3600
227.2600
229.1800
231.0800
233.0000
234.9000
236.8200
238.7400
240.6200
242.5400
244.4400
246.3600
248.2600
250.1600
252.0400
253.9600
255.8800
257.7800
259.6800
261.5800
263.4600
265.4800
267.4600
269.4800
