# Neural Ground Truth Beats (BeatNet CRNN + DBN)
# Track: Roadgame
# Duration: 224.36s, Estimated BPM: 120.0
# Total Beats: 449, Downbeats: 113
1.8400
2.3200
2.8200
3.3000
3.7600
4.2600
4.7600
5.2600
5.7600
6.2600
6.7600
7.2600
7.7600
8.2400
8.7600
9.2600
9.7600
10.2600
10.7600
11.2400
11.7600
12.2400
12.7600
13.2600
13.7400
14.2600
14.7600
15.2400
15.7600
16.2400
16.7600
17.2600
17.7600
18.2600
18.7600
19.2600
19.7600
20.2400
20.7600
21.2600
21.7600
22.2600
22.7600
23.2600
23.7600
24.2600
24.7600
25.2600
25.7600
26.2600
26.7600
27.2600
27.7600
28.2600
28.7600
29.2600
29.7600
30.2600
30.7400
31.2400
31.7400
32.2600
32.7600
33.2600
33.7400
34.2600
34.7600
35.2600
35.7400
36.2400
36.7400
37.2600
37.7600
38.2600
38.7600
39.2400
39.7400
40.2600
40.7600
41.2600
41.7600
42.2600
42.7600
43.2400
43.7400
44.2600
44.7600
45.2600
45.7600
46.2400
46.7600
47.2600
47.7600
48.2600
48.7600
49.2600
49.7400
50.2400
50.7600
51.2600
51.7400
52.2400
52.7400
53.2400
53.7200
54.2400
54.7200
55.2400
55.7400
56.2400
56.7400
57.2400
57.7200
58.2400
58.7400
59.2400
59.7200
60.2400
60.7200
61.2400
61.7200
62.2400
62.7400
63.2400
63.7400
64.2400
64.7400
65.2400
65.7200
66.2200
66.7200
67.2400
67.7400
68.2400
68.7400
69.2400
69.7200
70.2400
70.7400
71.2400
71.7400
72.2400
72.7400
73.2400
73.7400
74.2400
74.7400
75.2400
75.7400
76.2400
76.7200
77.2400
77.7400
78.2400
78.7400
79.2400
79.7400
80.2200
80.7400
81.2400
81.7400
82.2400
82.7400
83.2400
83.7400
84.2400
84.7200
85.2400
85.7400
86.2400
86.7400
87.2400
87.7400
88.2400
88.7200
89.2400
89.7400
90.2400
90.7400
91.2400
91.7400
92.2400
92.7400
93.2400
93.7400
94.2400
94.7400
95.2400
95.7400
96.2400
96.7400
97.2400
97.7400
98.2400
98.7400
99.2400
99.7400
100.2400
100.7400
101.2400
101.7400
102.1400
102.5600
103.0000
103.3800
103.7400
104.1000
104.4800
104.8400
105.1800
105.5600
105.9200
106.2600
106.6400
107.0000
107.3600
107.7400
108.1200
108.5000
108.8600
109.2200
109.5600
109.9200
110.2800
110.6400
111.0000
111.3800
111.7400
112.1200
112.5000
112.9200
113.3000
113.7400
114.2400
114.7600
115.2600
115.7600
116.2400
116.7400
117.2400
117.7400
118.2600
118.7600
119.2600
119.7600
120.2600
120.7600
121.2600
121.7400
122.2400
122.7600
123.2600
123.7600
124.2400
124.7400
125.2600
125.7400
126.2400
126.7600
127.2600
127.7600
128.2400
128.7400
129.2600
129.7400
130.2400
130.7600
131.2600
131.7400
132.2400
132.7400
133.2200
133.7400
134.2200
134.7400
135.2400
135.7400
136.2400
136.7400
137.2400
137.7400
138.2200
138.7200
139.2400
139.7400
140.2200
140.7400
141.2400
141.7400
142.2400
142.7400
143.2400
143.7400
144.2400
144.7400
145.2400
145.7400
146.2400
146.7400
147.2400
147.7400
148.2200
148.7400
149.2400
149.7400
150.2200
150.7400
151.2400
151.7400
152.2200
152.7400
153.2200
153.7400
154.2400
154.7400
155.2400
155.7400
156.2400
156.7400
157.2400
157.7400
158.2200
158.7400
159.2400
159.7400
160.2200
160.7200
161.2400
161.7400
162.2400
162.7400
163.2200
163.7400
164.2400
164.7400
165.2400
165.7400
166.2400
166.7400
167.2400
167.7400
168.2400
168.7400
169.2400
169.7400
170.2400
170.7400
171.2400
171.7400
172.2400
172.7400
173.2400
173.7400
174.2400
174.7400
175.2400
175.7400
176.2400
176.7400
177.2400
177.7400
178.2400
178.7400
179.2400
179.7400
180.2400
180.7400
181.2400
181.7400
182.2200
182.7200
183.2400
183.7400
184.2400
184.7400
185.2400
185.7400
186.2400
186.7400
187.2400
187.7400
188.2400
188.7400
189.2400
189.7400
190.2400
190.7400
191.2400
191.7400
192.2400
192.7400
193.2400
193.7400
194.2400
194.7400
195.2400
195.7400
196.2400
196.7400
197.2400
197.7400
198.2400
198.7400
199.2400
199.7400
200.2400
200.7400
201.2400
201.7400
202.2400
202.7400
203.2400
203.7400
204.2400
204.7400
205.2200
205.7400
206.2400
206.7400
207.2400
207.7400
208.2400
208.7400
209.2400
209.7400
210.2400
210.7400
211.2200
211.7400
212.2400
212.7400
213.2400
213.7400
214.2200
214.7200
215.2400
215.7200
216.2400
216.7400
217.2200
217.7400
218.2400
218.7200
219.2200
219.7400
220.2400
220.7400
221.2400
221.7400
