# Neural Ground Truth Downbeats (BeatNet CRNN + DBN)
# Track: Roadgame
1.8400
3.7600
5.7600
7.7600
9.7600
11.7600
13.7400
15.7600
17.7600
19.7600
21.7600
23.7600
25.7600
27.7600
29.7600
31.7400
33.7400
35.7400
37.7600
39.7400
41.7600
43.7400
45.7600
47.7600
49.7400
51.7400
53.7200
55.7400
57.7200
59.7200
61.7200
63.7400
65.7200
67.7400
69.7200
71.7400
73.7400
75.7400
77.7400
79.7400
81.7400
83.7400
85.7400
87.7400
89.7400
91.7400
93.7400
95.7400
97.7400
99.7400
101.7400
103.3800
104.8400
106.2600
107.7400
109.2200
110.6400
112.1200
113.7400
115.7600
117.7400
119.7600
121.7400
123.7600
125.7400
127.7600
129.7400
131.7400
133.7400
135.7400
137.7400
139.7400
141.7400
143.7400
145.7400
147.7400
149.7400
151.7400
153.7400
155.7400
157.7400
159.7400
161.7400
163.7400
165.7400
167.7400
169.7400
171.7400
173.7400
175.7400
177.7400
179.7400
181.7400
183.7400
185.7400
187.7400
189.7400
191.7400
193.7400
195.7400
197.7400
199.7400
201.7400
203.7400
205.7400
207.7400
209.7400
211.7400
213.7400
215.7200
217.7400
219.7400
221.7400
