# Neural Ground Truth Beats (BeatNet CRNN + DBN)
# Track: Rockollection
# Duration: 250.75s, Estimated BPM: 130.4
# Total Beats: 540, Downbeats: 135
0.1600
0.7800
1.4200
2.0400
2.7000
3.3200
3.9800
4.6200
5.1600
5.6200
6.1200
6.5800
7.0600
7.5400
8.0200
8.5000
8.9600
9.4400
9.9200
10.4000
10.8600
11.3400
11.8400
12.3000
12.7400
13.2200
13.7000
14.1800
14.6400
15.1200
15.5800
16.0600
16.5400
17.0200
17.5200
17.9800
18.4600
18.9200
19.3800
19.8400
20.3000
20.7600
21.2200
21.7200
22.1800
22.6600
23.1400
23.6000
24.0600
24.5400
25.0000
25.4800
25.9400
26.4000
26.8800
27.3400
27.8200
28.2600
28.7200
29.2200
29.6800
30.1400
30.6000
31.0800
31.5400
32.0200
32.5000
32.9600
33.4200
33.8800
34.3600
34.8000
35.2600
35.7400
36.2200
36.6800
37.1600
37.6200
38.1000
38.5400
39.0200
39.4800
39.9600
40.4200
40.8800
41.3400
41.8200
42.2800
42.7600
43.2000
43.6600
44.1200
44.5800
45.0600
45.5000
45.9400
46.4000
46.8400
47.3200
47.8000
48.2600
48.7400
49.2000
49.6800
50.1400
50.5800
51.0600
51.5200
52.0000
52.4400
52.9200
53.3800
53.8200
54.2800
54.7600
55.2000
55.6600
56.1200
56.5800
57.0400
57.5000
57.9600
58.4200
58.8800
59.3400
59.8000
60.2600
60.7200
61.1600
61.5800
62.0400
62.5000
62.9800
63.4600
63.9400
64.3800
64.8400
65.3200
65.7800
66.2400
66.7200
67.1800
67.6400
68.1000
68.5600
69.0200
69.5000
69.9600
70.4200
70.8800
71.3400
71.8000
72.2400
72.7000
73.1800
73.6400
74.1000
74.5400
75.0200
75.4800
75.9400
76.4000
76.8800
77.3400
77.8000
78.2600
78.7200
79.1800
79.6200
80.0800
80.5600
81.0200
81.4800
81.9400
82.4000
82.8600
83.3400
83.8000
84.2800
84.7400
85.2200
85.6800
86.1600
86.6400
87.1000
87.5400
88.0200
88.4800
88.9400
89.4000
89.8400
90.3000
90.7600
91.2200
91.6800
92.1600
92.6200
93.0600
93.5400
94.0000
94.4600
94.9200
95.4000
95.8600
96.3400
96.8000
97.2600
97.7200
98.1800
98.6400
99.1200
99.6000
100.0600
100.5200
100.9800
101.4200
101.9000
102.3400
102.8200
103.3000
103.7600
104.2400
104.7400
105.1800
105.6600
106.1000
106.5800
107.0400
107.5400
108.0000
108.4400
108.8800
109.3400
109.8200
110.2800
110.7400
111.2000
111.6600
112.1600
112.6200
113.0800
113.5400
114.0200
114.4800
114.9400
115.4000
115.8800
116.3400
116.8000
117.2600
117.7200
118.2000
118.6600
119.1200
119.5800
120.0400
120.5000
120.9800
121.4400
121.9000
122.3600
122.8200
123.3000
123.7400
124.2000
124.6800
125.1400
125.6000
126.0600
126.5400
127.0000
127.4400
127.9400
128.4000
128.8800
129.3200
129.8000
130.2600
130.7400
131.2000
131.6600
132.1000
132.5600
133.0200
133.5000
133.9600
134.4200
134.8800
135.3200
135.7800
136.2400
136.7000
137.1600
137.6600
138.1400
138.6000
139.0600
139.5200
140.0000
140.4600
140.9400
141.4200
141.8800
142.3600
142.8600
143.3400
143.8000
144.2800
144.7800
145.2400
145.7000
146.1600
146.6000
147.0800
147.5400
148.0000
148.4600
148.9200
149.3600
149.8600
150.3200
150.8200
151.2800
151.7200
152.1800
152.6400
153.1000
153.5800
154.0400
154.5000
154.9800
155.4400
155.9000
156.3600
156.8200
157.2800
157.7400
158.2000
158.7000
159.1600
159.6200
160.0800
160.5600
161.0200
161.5000
161.9400
162.4200
162.8600
163.3200
163.7800
164.2400
164.7200
165.1800
165.6400
166.1000
166.5600
167.0200
167.4800
167.9600
168.4400
168.8800
169.3400
169.8200
170.2600
170.7400
171.2000
171.6800
172.1400
172.6000
173.0400
173.5000
173.9600
174.4000
174.8600
175.3200
175.8000
176.2600
176.7200
177.1800
177.6400
178.1000
178.5400
179.0000
179.4600
179.9200
180.3800
180.8400
181.3000
181.7400
182.1800
182.6600
183.1200
183.5800
184.0400
184.5000
184.9600
185.4200
185.8600
186.3400
186.8000
187.2600
187.7400
188.2200
188.6600
189.1400
189.6000
190.0600
190.5200
190.9400
191.4200
191.8600
192.3400
192.8000
193.2600
193.7200
194.1800
194.6400
195.1000
195.5800
196.0400
196.4800
196.9400
197.4200
197.8800
198.3400
198.8200
199.3000
199.7400
200.2000
200.6600
201.1400
201.6000
202.0600
202.5200
202.9800
203.4400
203.9000
204.3600
204.8200
205.2800
205.7200
206.1800
206.6600
207.1200
207.5800
208.0200
208.5000
208.9600
209.4000
209.8800
210.3400
210.7800
211.2400
211.7000
212.1800
212.6200
213.0600
213.5200
213.9800
214.4200
214.8800
215.3400
215.8000
216.2600
216.6800
217.1400
217.6200
218.1000
218.5600
219.0200
219.4800
219.9400
220.4000
220.8600
221.3200
221.7800
222.2200
222.6800
223.1400
223.6000
224.0600
224.5200
224.9800
225.4600
225.9200
226.2400
226.5600
226.8800
227.2000
227.5200
227.8600
228.2600
228.7200
229.1800
229.6600
230.1200
230.5800
231.0400
231.5000
231.9600
232.4200
232.9000
233.3600
233.8200
234.2800
234.7200
235.2000
235.6400
236.1000
236.5800
237.0400
237.5200
237.9600
238.4200
238.8800
239.3400
239.8000
240.2600
240.7400
241.2000
241.6400
242.1000
242.5600
243.0200
243.4800
243.9400
244.4200
244.8800
245.3400
245.8000
246.2600
246.7200
247.1800
247.6400
248.1200
248.5800
249.0600
249.5400
250.0200
250.5000
