# Neural Ground Truth Downbeats (BeatNet CRNN + DBN)
# Track: Rockollection
0.1600
2.7000
5.1600
7.0600
8.9600
10.8600
12.7400
14.6400
16.5400
18.4600
20.3000
22.1800
24.0600
25.9400
27.8200
29.6800
31.5400
33.4200
35.2600
37.1600
39.0200
40.8800
42.7600
44.5800
46.4000
48.2600
50.1400
52.0000
53.8200
55.6600
57.5000
59.3400
61.1600
62.9800
64.8400
66.7200
68.5600
70.4200
72.2400
74.1000
75.9400
77.8000
79.6200
81.4800
83.3400
85.2200
87.1000
88.9400
90.7600
92.6200
94.4600
96.3400
98.1800
100.0600
101.9000
103.7600
105.6600
107.5400
109.3400
111.2000
113.0800
114.9400
116.8000
118.6600
120.5000
122.3600
124.2000
126.0600
127.9400
129.8000
131.6600
133.5000
135.3200
137.1600
139.0600
140.9400
142.8600
144.7800
146.6000
148.4600
150.3200
152.1800
154.0400
155.9000
157.7400
159.6200
161.5000
163.3200
165.1800
167.0200
168.8800
170.7400
172.6000
174.4000
176.2600
178.1000
179.9200
181.7400
183.5800
185.4200
187.2600
189.1400
190.9400
192.8000
194.6400
196.4800
198.3400
200.2000
202.0600
203.9000
205.7200
207.5800
209.4000
211.2400
213.0600
214.8800
216.6800
218.5600
220.4000
222.2200
224.0600
225.9200
227.2000
228.7200
230.5800
232.4200
234.2800
236.1000
237.9600
239.8000
241.6400
243.4800
245.3400
247.1800
249.0600
