# Neural Ground Truth Downbeats (BeatNet CRNN + DBN)
# Track: Romeo And Juliet
0.5200
3.3200
6.0800
8.8600
11.6200
14.4800
17.2600
20.0600
22.8600
25.7000
28.5000
31.2600
34.0200
36.7200
39.4600
42.2000
45.0400
47.7800
50.5400
53.3000
56.0400
58.8000
61.4800
64.2400
66.9800
69.7400
72.4200
75.1400
77.8400
80.5400
83.3000
86.0200
88.6600
91.4600
94.2400
97.0400
99.8600
102.6800
105.4400
108.2400
110.9400
113.6800
116.4000
119.1200
121.8400
124.6000
127.3200
130.0600
132.7600
135.4600
138.1400
140.8200
143.4800
146.2400
148.9000
151.6000
154.2800
156.9800
159.7200
162.4000
165.0800
167.8800
170.6200
173.4600
176.3000
179.1600
181.8800
184.7000
187.4400
190.1600
192.9000
195.6400
198.4200
201.2800
204.0800
206.8600
209.6000
212.3400
215.0400
217.7400
220.4200
223.1200
225.7600
228.4400
231.1000
233.7600
236.3800
239.0400
241.7400
244.5000
247.2800
250.0600
252.8800
255.6800
258.4600
261.2600
264.1800
267.0800
269.8800
272.6400
275.3800
278.1200
280.8200
283.6000
286.3800
289.1400
291.8400
294.6000
297.3200
300.0600
302.7600
305.4800
308.2000
310.9600
313.6800
316.4000
319.1000
321.8400
324.5400
327.2800
329.9400
332.6800
335.3800
338.1000
340.8000
343.5000
346.1800
348.9000
351.6000
354.2600
356.9400
359.6600
