# Neural Ground Truth Beats (BeatNet CRNN + DBN)
# Track: Romeo And Juliet
# Duration: 360.68s, Estimated BPM: 88.2
# Total Beats: 526, Downbeats: 132
0.5200
1.2600
1.9400
2.6600
3.3200
4.0200
4.7400
5.4200
6.0800
6.8000
7.5000
8.1800
8.8600
9.5400
10.2600
10.9600
11.6200
12.3600
13.0600
13.7600
14.4800
15.1600
15.8600
16.5400
17.2600
17.9800
18.6800
19.3800
20.0600
20.7400
21.4600
22.1400
22.8600
23.6000
24.3000
25.0000
25.7000
26.4200
27.1000
27.8000
28.5000
29.2000
29.9000
30.6000
31.2600
31.9600
32.6400
33.3200
34.0200
34.7000
35.3800
36.0600
36.7200
37.4000
38.0800
38.7600
39.4600
40.1400
40.8200
41.5000
42.2000
42.9000
43.6400
44.3200
45.0400
45.7400
46.3800
47.0600
47.7800
48.4800
49.1800
49.8600
50.5400
51.2800
51.9400
52.6200
53.3000
53.9800
54.6800
55.3600
56.0400
56.7600
57.4400
58.1000
58.8000
59.4800
60.1400
60.8200
61.4800
62.1800
62.9000
63.5600
64.2400
64.9400
65.6200
66.3000
66.9800
67.7000
68.3800
69.0600
69.7400
70.4000
71.0800
71.7600
72.4200
73.1200
73.8000
74.4600
75.1400
75.8000
76.4600
77.1400
77.8400
78.5200
79.1800
79.8600
80.5400
81.2600
81.9400
82.6400
83.3000
84.0000
84.6800
85.3400
86.0200
86.6600
87.3200
88.0200
88.6600
89.3400
90.0600
90.7600
91.4600
92.1400
92.8400
93.5400
94.2400
94.9600
95.6600
96.3400
97.0400
97.7400
98.4400
99.1400
99.8600
100.5800
101.2800
101.9800
102.6800
103.3400
104.0000
104.7400
105.4400
106.1400
106.8400
107.5400
108.2400
108.9200
109.6000
110.2600
110.9400
111.6200
112.3200
113.0200
113.6800
114.4000
115.0600
115.7600
116.4000
117.1000
117.7800
118.4600
119.1200
119.8200
120.4800
121.1800
121.8400
122.5200
123.2000
123.8800
124.6000
125.2800
125.9800
126.6400
127.3200
128.0200
128.7000
129.3800
130.0600
130.7400
131.4000
132.0800
132.7600
133.4400
134.1200
134.8000
135.4600
136.1600
136.8400
137.5200
138.1400
138.8000
139.5000
140.1800
140.8200
141.5200
142.1800
142.8400
143.4800
144.1600
144.9000
145.5800
146.2400
146.9000
147.5800
148.2400
148.9000
149.5800
150.2600
150.9200
151.6000
152.2400
152.9200
153.5800
154.2800
154.9400
155.6400
156.3400
156.9800
157.6600
158.3400
159.0600
159.7200
160.4000
161.0800
161.7400
162.4000
163.0800
163.7400
164.4200
165.0800
165.8000
166.5200
167.1800
167.8800
168.5400
169.2400
169.9400
170.6200
171.3600
172.0600
172.7600
173.4600
174.1600
174.8800
175.6000
176.3000
177.0400
177.7200
178.4400
179.1600
179.8400
180.5200
181.2200
181.8800
182.6000
183.3000
184.0000
184.7000
185.4000
186.0800
186.7600
187.4400
188.1400
188.8000
189.4800
190.1600
190.8600
191.5600
192.2400
192.9000
193.6000
194.2800
194.9800
195.6400
196.3400
197.0400
197.7400
198.4200
199.1200
199.8400
200.5600
201.2800
201.9600
202.6600
203.3600
204.0800
204.7600
205.4600
206.1600
206.8600
207.5800
208.2200
208.9200
209.6000
210.3000
210.9800
211.6600
212.3400
213.0400
213.7000
214.3600
215.0400
215.7200
216.4200
217.1000
217.7400
218.4400
219.1000
219.7400
220.4200
221.1200
221.7800
222.4600
223.1200
223.7800
224.4400
225.1000
225.7600
226.4400
227.1000
227.7600
228.4400
229.0800
229.7200
230.4000
231.1000
231.7600
232.4600
233.1200
233.7600
234.4400
235.1000
235.7400
236.3800
237.0400
237.7200
238.3800
239.0400
239.7000
240.3400
241.0200
241.7400
242.4000
243.1000
243.8000
244.5000
245.1800
245.9000
246.6000
247.2800
247.9800
248.6800
249.3600
250.0600
250.7600
251.4600
252.1800
252.8800
253.6000
254.3000
255.0000
255.6800
256.3800
257.0800
257.7800
258.4600
259.2000
259.8800
260.5600
261.2600
261.9400
262.6400
263.4000
264.1800
264.9200
265.6200
266.3400
267.0800
267.7600
268.4600
269.1400
269.8800
270.5800
271.2800
271.9600
272.6400
273.3600
274.0200
274.7000
275.3800
276.0800
276.7200
277.4400
278.1200
278.7800
279.4800
280.1400
280.8200
281.5400
282.2200
282.9200
283.6000
284.3000
285.0000
285.7000
286.3800
287.0600
287.7600
288.4400
289.1400
289.8400
290.5200
291.1800
291.8400
292.5200
293.2400
293.9200
294.6000
295.2800
295.9400
296.6400
297.3200
298.0000
298.7000
299.3800
300.0600
300.7400
301.4200
302.0800
302.7600
303.4200
304.1000
304.8000
305.4800
306.1400
306.8200
307.5200
308.2000
308.9000
309.6000
310.3000
310.9600
311.6400
312.3200
313.0000
313.6800
314.3600
315.0600
315.7400
316.4000
317.0800
317.7400
318.4200
319.1000
319.8000
320.4800
321.1600
321.8400
322.5200
323.1800
323.8600
324.5400
325.2200
325.9200
326.6000
327.2800
327.9400
328.5800
329.2600
329.9400
330.6200
331.3200
332.0200
332.6800
333.3600
334.0400
334.7000
335.3800
336.0600
336.7400
337.4200
338.1000
338.7800
339.4400
340.1000
340.8000
341.4800
342.1600
342.8200
343.5000
344.1600
344.8200
345.4800
346.1800
346.8600
347.5200
348.2200
348.9000
349.5800
350.2600
350.9200
351.6000
352.2600
352.9600
353.6000
354.2600
354.9400
355.6000
356.2800
356.9400
357.6200
358.3200
358.9800
359.6600
360.3400
