# Neural Ground Truth Downbeats (BeatNet CRNN + DBN)
# Track: Roxanne - Remastered 2003
0.5800
2.6200
4.6800
6.7600
8.8000
10.8000
12.6600
14.4800
16.3400
18.1800
19.9400
21.7600
23.6000
25.4400
27.2000
28.9600
30.7200
32.4800
34.2600
36.0000
37.6600
39.4000
41.1800
43.0200
44.8000
46.6200
48.4000
50.2200
51.9800
53.8000
55.6400
57.4000
59.1400
60.8000
62.5200
64.3200
66.1600
68.0200
69.8400
71.6200
73.3800
75.2200
76.9800
78.7800
80.5600
82.3200
84.0800
85.9000
87.6400
89.4000
91.2400
93.1000
95.0200
96.9200
98.7000
100.4800
102.2800
104.0800
105.8600
107.6800
109.4600
111.2400
113.0400
114.8200
116.6200
118.2000
119.7400
121.4600
123.1600
124.9000
126.7000
128.4600
130.2200
131.9200
133.7000
135.4600
137.1800
138.8800
140.6600
142.3800
144.0800
145.8200
147.5800
149.3400
151.0800
152.8000
154.5200
156.2800
158.0200
159.7400
161.5400
163.3800
165.2000
166.8600
168.3000
169.7800
171.5200
173.3000
175.1200
176.8800
178.7000
180.5000
182.3200
184.0800
185.9000
187.7200
189.5000
191.3000
193.1200
194.9400
196.7200
198.4800
200.3000
202.1200
204.0200
205.9400
207.8600
209.7800
211.5800
213.3600
215.1800
217.0000
218.9000
220.9200
222.7800
224.5400
226.3800
228.1400
229.9200
231.6800
233.6000
235.5200
237.5000
239.5000
241.2800
243.0400
244.8400
246.6200
248.4200
250.1800
251.9600
253.7200
255.5000
257.2800
259.0800
260.6800
262.1200
263.8400
265.6000
267.3200
269.0800
270.8400
272.5600
274.2600
276.0200
277.8000
279.5200
281.2800
282.9800
284.7400
286.4600
288.1600
289.9400
291.6800
293.3800
295.1000
296.8600
298.5800
300.2600
301.9800
303.7200
305.4400
307.1600
308.8800
310.6200
312.3200
314.0000
315.7200
317.4800
319.1800
320.8600
322.5800
324.3400
326.0800
327.7600
329.4400
331.1600
332.8800
334.5800
336.2600
338.0200
339.7600
341.4400
343.1400
344.8800
346.6000
348.3000
350.0000
351.7600
353.4200
355.1800
356.9200
358.5800
360.3200
362.0400
363.7200
365.4400
367.1600
368.8400
370.5400
372.3000
373.9800
375.6600
377.3600
379.0400
