# Neural Ground Truth Beats (BeatNet CRNN + DBN)
# Track: Roxanne - Remastered 2003
# Duration: 383.02s, Estimated BPM: 136.4
# Total Beats: 859, Downbeats: 215
0.0600
0.5800
1.0600
1.5600
2.0800
2.6200
3.1400
3.6400
4.1800
4.6800
5.2200
5.7200
6.2600
6.7600
7.3000
7.8000
8.2800
8.8000
9.2800
9.7800
10.3000
10.8000
11.2600
11.7400
12.2000
12.6600
13.1200
13.5800
14.0200
14.4800
14.9400
15.4200
15.8600
16.3400
16.7800
17.2600
17.7000
18.1800
18.6200
19.0600
19.5000
19.9400
20.4000
20.8600
21.3200
21.7600
22.2400
22.6800
23.1400
23.6000
24.0800
24.5200
24.9800
25.4400
25.9000
26.3400
26.7800
27.2000
27.6400
28.0800
28.5200
28.9600
29.4000
29.8600
30.2800
30.7200
31.1600
31.6000
32.0400
32.4800
32.9200
33.3800
33.8200
34.2600
34.7000
35.1200
35.5600
36.0000
36.4200
36.8400
37.2400
37.6600
38.1000
38.5200
38.9800
39.4000
39.8600
40.3000
40.7200
41.1800
41.6400
42.1000
42.5400
43.0200
43.4800
43.9200
44.3400
44.8000
45.2400
45.7000
46.1600
46.6200
47.0800
47.5000
47.9400
48.4000
48.8400
49.3000
49.7800
50.2200
50.6800
51.1000
51.5400
51.9800
52.4200
52.9000
53.3600
53.8000
54.2600
54.7200
55.2000
55.6400
56.1000
56.5200
56.9600
57.4000
57.8600
58.3000
58.7200
59.1400
59.5400
59.9800
60.3800
60.8000
61.2400
61.6600
62.0800
62.5200
62.9800
63.4200
63.8800
64.3200
64.8000
65.2400
65.7000
66.1600
66.6400
67.1000
67.5400
68.0200
68.4800
68.9400
69.3800
69.8400
70.2800
70.7200
71.1800
71.6200
72.0600
72.5000
72.9400
73.3800
73.8400
74.2800
74.7400
75.2200
75.6600
76.1000
76.5400
76.9800
77.4000
77.8600
78.3200
78.7800
79.2400
79.7000
80.1400
80.5600
81.0000
81.4600
81.8800
82.3200
82.7800
83.2000
83.6400
84.0800
84.5400
84.9800
85.4600
85.9000
86.3400
86.7800
87.2200
87.6400
88.0800
88.5200
88.9600
89.4000
89.8800
90.3200
90.8000
91.2400
91.7200
92.1800
92.6400
93.1000
93.6000
94.0800
94.5600
95.0200
95.5200
95.9800
96.4600
96.9200
97.3600
97.8200
98.2600
98.7000
99.1400
99.6000
100.0400
100.4800
100.9600
101.4000
101.8600
102.2800
102.7400
103.1800
103.6200
104.0800
104.5400
104.9800
105.4400
105.8600
106.3200
106.7600
107.2000
107.6800
108.1200
108.5600
109.0000
109.4600
109.9000
110.3400
110.7800
111.2400
111.7000
112.1600
112.6200
113.0400
113.4800
113.9400
114.3800
114.8200
115.3000
115.7200
116.1600
116.6200
117.0200
117.4400
117.8200
118.2000
118.5600
118.9400
119.3200
119.7400
120.1400
120.5800
121.0200
121.4600
121.9000
122.3400
122.7400
123.1600
123.6000
124.0200
124.4200
124.9000
125.3600
125.8000
126.2600
126.7000
127.1400
127.5800
128.0200
128.4600
128.9000
129.3200
129.7800
130.2200
130.6400
131.0600
131.4800
131.9200
132.3600
132.8200
133.2600
133.7000
134.1400
134.5600
135.0200
135.4600
135.8800
136.3200
136.7400
137.1800
137.6000
138.0000
138.4400
138.8800
139.3200
139.7800
140.2200
140.6600
141.0800
141.5200
141.9600
142.3800
142.8000
143.2400
143.6600
144.0800
144.5200
144.9400
145.3800
145.8200
146.2800
146.7000
147.1400
147.5800
148.0200
148.4600
148.9000
149.3400
149.7800
150.2000
150.6400
151.0800
151.5200
151.9600
152.3600
152.8000
153.2200
153.6600
154.1000
154.5200
154.9600
155.4000
155.8400
156.2800
156.7400
157.1600
157.6000
158.0200
158.4400
158.8600
159.2800
159.7400
160.1600
160.6000
161.0800
161.5400
161.9800
162.4600
162.9000
163.3800
163.8200
164.2800
164.7400
165.2000
165.6800
166.1400
166.5000
166.8600
167.2000
167.5800
167.9200
168.3000
168.6400
169.0000
169.3800
169.7800
170.1400
170.5800
171.0400
171.5200
171.9600
172.4400
172.8600
173.3000
173.7600
174.2000
174.6600
175.1200
175.5600
176.0200
176.4600
176.8800
177.3400
177.8000
178.2400
178.7000
179.1600
179.6200
180.0600
180.5000
180.9600
181.4000
181.8600
182.3200
182.7600
183.2200
183.6400
184.0800
184.5400
184.9800
185.4600
185.9000
186.3600
186.8200
187.2600
187.7200
188.1400
188.6000
189.0600
189.5000
189.9600
190.4400
190.8600
191.3000
191.7600
192.2000
192.6600
193.1200
193.5800
194.0600
194.4800
194.9400
195.3600
195.8200
196.2600
196.7200
197.1800
197.6000
198.0600
198.4800
198.9200
199.3600
199.8200
200.3000
200.7600
201.2000
201.6800
202.1200
202.6000
203.0600
203.5600
204.0200
204.5000
204.9800
205.4800
205.9400
206.4400
206.9200
207.3800
207.8600
208.3600
208.8400
209.3200
209.7800
210.2600
210.7000
211.1400
211.5800
212.0200
212.4800
212.9000
213.3600
213.8000
214.2600
214.7000
215.1800
215.6400
216.1000
216.5400
217.0000
217.4600
217.9200
218.4200
218.9000
219.4000
219.9200
220.4000
220.9200
221.4200
221.8800
222.3200
222.7800
223.2000
223.6600
224.1000
224.5400
225.0000
225.4600
225.9200
226.3800
226.8000
227.2600
227.6800
228.1400
228.6000
229.0400
229.4800
229.9200
230.3400
230.8000
231.2200
231.6800
232.1800
232.6600
233.1200
233.6000
234.1000
234.5800
235.0400
235.5200
236.0000
236.5000
236.9800
237.5000
237.9800
238.5000
238.9800
239.5000
239.9600
240.4000
240.8400
241.2800
241.7000
242.1600
242.5800
243.0400
243.5000
243.9600
244.4000
244.8400
245.3000
245.7400
246.1800
246.6200
247.1000
247.5400
247.9800
248.4200
248.8600
249.3200
249.7400
250.1800
250.6200
251.0800
251.5200
251.9600
252.4000
252.8200
253.2800
253.7200
254.1600
254.6000
255.0600
255.5000
255.9600
256.4000
256.8400
257.2800
257.7200
258.1800
258.6400
259.0800
259.5000
259.9200
260.3200
260.6800
261.0400
261.4000
261.7400
262.1200
262.5400
262.9400
263.4000
263.8400
264.2800
264.7200
265.1600
265.6000
266.0000
266.4200
266.8600
267.3200
267.7600
268.1800
268.6400
269.0800
269.5200
269.9600
270.4000
270.8400
271.2800
271.7000
272.1200
272.5600
272.9800
273.3800
273.8200
274.2600
274.7200
275.1600
275.6000
276.0200
276.4600
276.9000
277.3400
277.8000
278.2200
278.6400
279.0800
279.5200
279.9600
280.4000
280.8200
281.2800
281.6800
282.1200
282.5400
282.9800
283.4200
283.8600
284.2800
284.7400
285.1600
285.6000
286.0400
286.4600
286.8800
287.3000
287.7400
288.1600
288.6200
289.0600
289.4800
289.9400
290.3600
290.8000
291.2400
291.6800
292.1200
292.5200
292.9600
293.3800
293.8000
294.2000
294.6400
295.1000
295.5400
295.9800
296.4200
296.8600
297.2800
297.7000
298.1400
298.5800
299.0000
299.4200
299.8600
300.2600
300.7000
301.1000
301.5200
301.9800
302.4200
302.8400
303.2800
303.7200
304.1600
304.6000
305.0200
305.4400
305.8800
306.3000
306.7200
307.1600
307.5800
307.9800
308.4400
308.8800
309.3000
309.7600
310.1800
310.6200
311.0400
311.4800
311.9000
312.3200
312.7200
313.1600
313.5800
314.0000
314.4200
314.8600
315.3000
315.7200
316.1600
316.6200
317.0400
317.4800
317.9200
318.3400
318.7800
319.1800
319.6000
320.0400
320.4600
320.8600
321.2800
321.7200
322.1400
322.5800
323.0400
323.4800
323.9200
324.3400
324.7800
325.2200
325.6600
326.0800
326.4800
326.9200
327.3400
327.7600
328.1600
328.6000
329.0200
329.4400
329.8400
330.3000
330.7200
331.1600
331.6000
332.0400
332.4600
332.8800
333.3000
333.7400
334.1400
334.5800
334.9800
335.4200
335.8400
336.2600
336.7000
337.1400
337.5600
338.0200
338.4400
338.9000
339.3200
339.7600
340.1600
340.6000
341.0200
341.4400
341.8600
342.2800
342.6800
343.1400
343.5600
344.0200
344.4600
344.8800
345.3000
345.7400
346.1600
346.6000
347.0200
347.4800
347.9000
348.3000
348.7400
349.1400
349.5600
350.0000
350.4400
350.8800
351.3200
351.7600
352.1800
352.6000
353.0200
353.4200
353.8600
354.3000
354.7600
355.1800
355.6200
356.0600
356.4800
356.9200
357.3200
357.7400
358.1600
358.5800
359.0200
359.4400
359.8800
360.3200
360.7400
361.1800
361.6200
362.0400
362.4400
362.8600
363.2800
363.7200
364.1400
364.5800
365.0000
365.4400
365.8800
366.3200
366.7200
367.1600
367.5600
368.0000
368.4200
368.8400
369.2600
369.6800
370.1000
370.5400
370.9800
371.4200
371.8600
372.3000
372.7200
373.1600
373.5600
373.9800
374.4000
374.8200
375.2600
375.6600
376.1000
376.5200
376.9400
377.3600
377.7600
378.1800
378.6200
379.0400
379.4600
