# Neural Ground Truth Downbeats (BeatNet CRNN + DBN)
# Track: Résiste - Remasterisé en 2004
0.1600
2.6400
4.8800
6.9800
9.0600
11.1400
13.2200
15.3000
17.3600
19.4600
21.5000
23.5800
25.6400
27.7400
29.8000
31.9000
34.1000
36.5600
38.6600
40.7400
42.8200
44.8800
46.9600
49.0800
51.1600
53.2400
55.3200
57.3800
59.4600
61.5000
63.5600
65.6000
67.6800
69.7200
71.7600
73.8400
75.8600
77.9400
79.9800
82.0400
84.1000
86.1400
88.1200
90.1800
92.2600
94.3400
96.4000
98.5000
100.5600
102.6400
104.7200
106.7600
108.8200
110.8800
112.9400
115.0000
117.0400
119.1000
121.1200
123.1600
125.2400
127.3200
129.3800
131.4200
133.4600
135.5200
137.5400
139.6000
141.6200
143.6600
145.6800
147.6800
149.7200
151.8000
153.8400
155.9000
157.9200
159.9200
161.9600
163.9800
165.9600
168.0200
170.0400
172.0800
174.1000
176.1400
178.1200
180.1400
182.1400
184.1200
186.1600
188.1800
190.2400
192.2800
194.2800
196.2800
198.2800
200.3200
202.3200
204.3200
206.3600
208.3800
210.4000
212.4000
214.4400
216.4600
218.4600
220.4800
222.5200
224.5200
226.5600
228.5800
230.6200
232.6400
234.6600
236.7200
238.7400
240.7600
242.8000
244.8200
246.8400
248.8800
250.9000
252.9000
254.9400
256.9800
259.0200
261.0600
263.0800
265.1000
267.1200
269.1800
271.1600
