# Neural Ground Truth Beats (BeatNet CRNN + DBN)
# Track: Résiste - Remasterisé en 2004
# Duration: 274.65s, Estimated BPM: 115.4
# Total Beats: 529, Downbeats: 133
0.1600
0.7800
1.4000
2.0200
2.6400
3.2800
3.8200
4.3600
4.8800
5.4200
5.9200
6.4600
6.9800
7.5000
8.0200
8.5400
9.0600
9.5800
10.1000
10.6200
11.1400
11.6600
12.1800
12.7000
13.2200
13.7400
14.2600
14.7800
15.3000
15.8200
16.3400
16.8600
17.3600
17.8800
18.4000
18.9200
19.4600
19.9800
20.4800
21.0200
21.5000
22.0200
22.5400
23.0600
23.5800
24.1000
24.6000
25.1200
25.6400
26.1600
26.6800
27.2200
27.7400
28.2600
28.7600
29.2800
29.8000
30.3200
30.8600
31.3800
31.9000
32.4200
32.9400
33.4800
34.1000
34.7400
35.4000
36.0400
36.5600
37.0800
37.6000
38.1400
38.6600
39.1800
39.7000
40.2200
40.7400
41.2600
41.7800
42.3000
42.8200
43.3400
43.8400
44.3600
44.8800
45.4000
45.9200
46.4400
46.9600
47.5000
48.0000
48.5600
49.0800
49.6200
50.1400
50.6600
51.1600
51.7000
52.2200
52.7400
53.2400
53.7600
54.2800
54.8000
55.3200
55.8400
56.3600
56.8600
57.3800
57.9000
58.4000
58.9400
59.4600
59.9800
60.4800
61.0000
61.5000
62.0000
62.5200
63.0400
63.5600
64.0600
64.5800
65.1000
65.6000
66.1200
66.6600
67.1600
67.6800
68.2000
68.7000
69.2000
69.7200
70.2400
70.7600
71.2600
71.7600
72.2800
72.7800
73.3000
73.8400
74.3400
74.8400
75.3600
75.8600
76.4000
76.9200
77.4200
77.9400
78.4800
78.9600
79.4800
79.9800
80.4800
81.0000
81.5200
82.0400
82.5400
83.0600
83.5600
84.1000
84.5800
85.1000
85.6000
86.1400
86.6200
87.1200
87.6200
88.1200
88.6400
89.1600
89.6600
90.1800
90.6800
91.2000
91.7400
92.2600
92.7800
93.3000
93.8200
94.3400
94.8400
95.3600
95.8800
96.4000
96.9400
97.4600
97.9600
98.5000
99.0200
99.5200
100.0600
100.5600
101.0800
101.6000
102.1200
102.6400
103.1600
103.6600
104.1800
104.7200
105.2200
105.7200
106.2200
106.7600
107.2600
107.8000
108.3000
108.8200
109.3400
109.8600
110.3600
110.8800
111.4000
111.9000
112.4200
112.9400
113.4600
113.9800
114.4800
115.0000
115.5200
116.0200
116.5400
117.0400
117.5800
118.0800
118.5800
119.1000
119.6000
120.1000
120.6200
121.1200
121.6600
122.1600
122.6800
123.1600
123.6800
124.2200
124.7200
125.2400
125.7800
126.3000
126.8000
127.3200
127.8400
128.3400
128.8600
129.3800
129.8800
130.4000
130.9000
131.4200
131.9400
132.4400
132.9600
133.4600
133.9800
134.4800
135.0000
135.5200
136.0200
136.5400
137.0400
137.5400
138.0400
138.5600
139.0800
139.6000
140.1000
140.6000
141.1200
141.6200
142.1200
142.6200
143.1400
143.6600
144.1600
144.6600
145.1800
145.6800
146.1600
146.6800
147.1800
147.6800
148.2000
148.7000
149.2000
149.7200
150.2200
150.7400
151.2600
151.8000
152.3000
152.8200
153.3200
153.8400
154.3400
154.8600
155.3800
155.9000
156.4000
156.8800
157.4000
157.9200
158.4200
158.9200
159.4200
159.9200
160.4400
160.9400
161.4400
161.9600
162.4600
162.9800
163.4600
163.9800
164.4600
164.9600
165.4800
165.9600
166.5000
167.0000
167.5000
168.0200
168.5200
169.0200
169.5200
170.0400
170.5400
171.0600
171.5600
172.0800
172.5800
173.0800
173.6000
174.1000
174.6000
175.1000
175.6000
176.1400
176.6200
177.1200
177.6200
178.1200
178.6200
179.1200
179.6200
180.1400
180.6200
181.1200
181.6200
182.1400
182.6400
183.1400
183.6400
184.1200
184.6200
185.1400
185.6400
186.1600
186.6600
187.1600
187.6800
188.1800
188.6800
189.2200
189.7200
190.2400
190.7400
191.2400
191.7600
192.2800
192.7800
193.2800
193.7600
194.2800
194.7800
195.2600
195.7600
196.2800
196.7800
197.2800
197.7800
198.2800
198.7800
199.2800
199.8200
200.3200
200.8000
201.3200
201.8000
202.3200
202.8200
203.3000
203.8200
204.3200
204.8400
205.3400
205.8600
206.3600
206.8800
207.3800
207.8800
208.3800
208.9000
209.4000
209.9000
210.4000
210.9000
211.4200
211.9200
212.4000
212.9000
213.4200
213.9200
214.4400
214.9400
215.4400
215.9600
216.4600
216.9600
217.4600
217.9600
218.4600
218.9800
219.4800
219.9800
220.4800
221.0000
221.5000
222.0000
222.5200
223.0200
223.5200
224.0200
224.5200
225.0200
225.5600
226.0600
226.5600
227.0800
227.5800
228.0800
228.5800
229.1000
229.6000
230.1000
230.6200
231.1200
231.6200
232.1200
232.6400
233.1600
233.6600
234.1600
234.6600
235.1800
235.7000
236.2000
236.7200
237.2200
237.7200
238.2400
238.7400
239.2600
239.7800
240.2600
240.7600
241.2800
241.8000
242.3000
242.8000
243.3000
243.8000
244.3200
244.8200
245.3400
245.8400
246.3400
246.8400
247.3600
247.8600
248.3600
248.8800
249.3800
249.8800
250.4000
250.9000
251.4000
251.9000
252.4000
252.9000
253.4400
253.9200
254.4400
254.9400
255.4600
255.9600
256.4800
256.9800
257.5000
258.0000
258.5000
259.0200
259.5400
260.0400
260.5400
261.0600
261.5600
262.0600
262.5800
263.0800
263.6000
264.1000
264.6000
265.1000
265.6200
266.1200
266.6200
267.1200
267.6400
268.1600
268.6600
269.1800
269.6800
270.1800
270.6800
271.1600
