# Neural Ground Truth Downbeats (BeatNet CRNN + DBN)
# Track: September
0.0800
2.1200
4.1400
6.1600
8.1400
10.1600
12.1800
14.1600
16.1000
18.0800
20.0600
22.0200
23.9200
25.8600
27.8000
29.7000
31.6200
33.5400
35.4400
37.3800
39.3400
41.3000
43.2200
45.1400
47.2800
49.2200
51.1400
53.0600
54.5000
55.9800
57.9000
59.8200
61.7400
63.6600
65.5800
67.4800
69.4000
71.3400
73.2400
75.2200
77.1400
79.0800
80.9800
82.9200
84.8200
86.7400
88.6600
90.5800
92.4800
94.4600
96.3800
98.2600
100.1800
102.1200
104.0800
105.9800
107.9000
109.8200
111.7600
113.6600
115.6000
117.5000
119.4000
121.3000
123.2000
125.1200
127.0600
128.9600
130.8400
132.7200
134.6200
136.4800
138.3800
140.2600
142.1400
144.0600
145.9200
147.8200
149.7200
151.5800
153.9200
155.8200
157.7400
159.6000
161.5000
163.4000
165.3000
167.2000
169.0800
171.0000
172.9000
174.8000
176.7000
178.6000
180.5200
182.4000
184.3000
186.2000
188.1000
189.9800
191.9000
193.8400
195.7400
197.6600
199.5600
201.4600
203.3600
205.2600
207.1600
209.0600
210.9400
212.8800
214.7600
216.7000
218.6000
220.4800
222.3600
224.3000
226.1800
228.1000
230.0000
231.9200
233.7800
235.6600
237.5600
239.4600
241.3400
243.2200
245.1000
247.0000
248.9000
250.7800
252.6200
254.5200
256.4000
258.3000
260.2000
262.1000
263.9600
265.9000
267.7800
269.7000
271.5800
273.4800
275.3800
277.2800
279.1800
281.1000
282.9400
284.8600
286.7800
288.6600
290.5800
292.4600
294.3400
296.2400
298.1400
300.0200
301.9000
303.8000
305.7000
307.6000
309.5000
311.4000
313.2800
315.1800
317.0800
319.0000
320.8800
322.7800
324.6600
326.5600
328.4400
330.3200
332.2000
334.1000
335.9800
337.8800
339.7600
341.6400
343.5200
345.4200
347.2600
349.1600
351.0600
352.9200
354.7400
356.6400
358.5000
360.4200
362.2600
364.1400
366.0200
367.9200
369.7800
371.6800
373.5400
375.0800
376.8200
378.7200
380.6200
382.4600
384.3200
386.2000
388.0600
389.9400
391.8000
393.6600
395.5000
397.3600
399.2600
401.1000
402.9600
404.8000
406.7000
408.5600
410.4400
412.3400
414.1800
416.0600
417.9200
419.7600
421.6200
423.4800
425.3400
427.2400
