# Neural Ground Truth Beats (BeatNet CRNN + DBN)
# Track: September
# Duration: 429.61s, Estimated BPM: 125.0
# Total Beats: 904, Downbeats: 226
0.0800
0.5800
1.0800
1.6000
2.1200
2.6200
3.1400
3.6400
4.1400
4.6600
5.1600
5.6400
6.1600
6.6600
7.1600
7.6400
8.1400
8.6600
9.1600
9.6400
10.1600
10.6400
11.1600
11.6600
12.1800
12.6600
13.1800
13.6800
14.1600
14.6800
15.1600
15.6400
16.1000
16.6000
17.0800
17.5800
18.0800
18.5800
19.0800
19.5600
20.0600
20.5600
21.0400
21.5200
22.0200
22.5000
22.9800
23.4400
23.9200
24.4000
24.9000
25.3800
25.8600
26.3200
26.8200
27.3200
27.8000
28.2800
28.7600
29.2400
29.7000
30.1800
30.6600
31.1400
31.6200
32.1000
32.6000
33.0800
33.5400
34.0000
34.4800
34.9800
35.4400
35.9200
36.4000
36.9000
37.3800
37.8800
38.3800
38.8600
39.3400
39.8400
40.3000
40.8000
41.3000
41.7800
42.2600
42.7400
43.2200
43.7200
44.1800
44.6600
45.1400
45.6400
46.1800
46.7400
47.2800
47.7600
48.2400
48.7200
49.2200
49.7000
50.1600
50.6400
51.1400
51.6200
52.0800
52.5800
53.0600
53.5400
53.8600
54.1800
54.5000
54.8200
55.1600
55.5000
55.9800
56.4600
56.9400
57.4200
57.9000
58.3800
58.8600
59.3200
59.8200
60.3000
60.7800
61.2600
61.7400
62.2200
62.7000
63.1800
63.6600
64.1400
64.6400
65.1200
65.5800
66.0800
66.5600
67.0200
67.4800
67.9800
68.4400
68.9200
69.4000
69.9000
70.3800
70.8400
71.3400
71.8000
72.3000
72.7800
73.2400
73.7400
74.2200
74.7000
75.2200
75.6800
76.1600
76.6600
77.1400
77.6200
78.1000
78.5800
79.0800
79.5600
80.0400
80.5200
80.9800
81.4800
81.9400
82.4400
82.9200
83.4000
83.8800
84.3400
84.8200
85.3200
85.7800
86.2600
86.7400
87.2200
87.7000
88.1800
88.6600
89.1200
89.6000
90.0800
90.5800
91.0400
91.5400
92.0200
92.4800
92.9800
93.4600
93.9600
94.4600
94.9200
95.4000
95.9000
96.3800
96.8400
97.3200
97.8000
98.2600
98.7400
99.2400
99.7000
100.1800
100.6600
101.1400
101.6400
102.1200
102.6000
103.1000
103.5800
104.0800
104.5400
105.0200
105.5200
105.9800
106.4600
106.9400
107.4200
107.9000
108.3800
108.8600
109.3400
109.8200
110.3000
110.8000
111.2800
111.7600
112.2200
112.7000
113.2000
113.6600
114.1600
114.6200
115.1000
115.6000
116.0600
116.5400
117.0400
117.5000
117.9800
118.4600
118.9400
119.4000
119.8800
120.3600
120.8400
121.3000
121.8000
122.2600
122.7400
123.2000
123.7000
124.1600
124.6400
125.1200
125.6000
126.0800
126.5800
127.0600
127.5400
128.0000
128.4800
128.9600
129.4600
129.9200
130.3800
130.8400
131.3000
131.7600
132.2200
132.7200
133.2000
133.6600
134.1600
134.6200
135.0800
135.5600
136.0400
136.4800
136.9600
137.4200
137.9200
138.3800
138.8600
139.3200
139.8000
140.2600
140.7400
141.2200
141.6800
142.1400
142.6200
143.1000
143.5600
144.0600
144.5200
144.9800
145.4600
145.9200
146.4200
146.9000
147.3600
147.8200
148.3000
148.7600
149.2400
149.7200
150.1600
150.6400
151.1000
151.5800
152.2000
152.8000
153.4400
153.9200
154.3800
154.8600
155.3400
155.8200
156.2800
156.7600
157.2400
157.7400
158.2000
158.6800
159.1400
159.6000
160.0600
160.5200
161.0000
161.5000
161.9600
162.4600
162.9200
163.4000
163.8800
164.3600
164.8400
165.3000
165.7800
166.2400
166.7200
167.2000
167.6800
168.1400
168.6200
169.0800
169.5800
170.0400
170.5400
171.0000
171.4800
171.9800
172.4400
172.9000
173.3600
173.8400
174.3000
174.8000
175.2800
175.7400
176.2200
176.7000
177.1800
177.6800
178.1400
178.6000
179.0800
179.5800
180.0400
180.5200
180.9800
181.4600
181.9200
182.4000
182.8800
183.3600
183.8000
184.3000
184.7800
185.2600
185.7200
186.2000
186.6800
187.1400
187.6200
188.1000
188.5800
189.0600
189.5200
189.9800
190.4800
190.9600
191.4400
191.9000
192.3800
192.8600
193.3400
193.8400
194.3200
194.8000
195.2800
195.7400
196.2200
196.7200
197.1800
197.6600
198.1400
198.6200
199.1000
199.5600
200.0400
200.5000
200.9800
201.4600
201.9600
202.4200
202.9000
203.3600
203.8400
204.3200
204.7800
205.2600
205.7400
206.2200
206.7000
207.1600
207.6400
208.1200
208.6000
209.0600
209.5400
210.0200
210.4800
210.9400
211.4200
211.9200
212.3800
212.8800
213.3400
213.8000
214.2800
214.7600
215.2400
215.7200
216.2000
216.7000
217.1600
217.6200
218.1200
218.6000
219.0600
219.5400
220.0000
220.4800
220.9400
221.4200
221.8800
222.3600
222.8400
223.3400
223.8000
224.3000
224.7800
225.2400
225.7200
226.1800
226.6600
227.1200
227.6200
228.1000
228.5800
229.0400
229.5200
230.0000
230.4600
230.9600
231.4400
231.9200
232.3800
232.8400
233.3200
233.7800
234.2600
234.7400
235.2000
235.6600
236.1400
236.6400
237.1200
237.5600
238.0400
238.5200
239.0000
239.4600
239.9400
240.4000
240.8800
241.3400
241.8000
242.2800
242.7400
243.2200
243.7000
244.1600
244.6400
245.1000
245.5800
246.0600
246.5200
247.0000
247.5000
247.9800
248.4400
248.9000
249.3800
249.8400
250.3400
250.7800
251.2400
251.7000
252.1600
252.6200
253.1200
253.6000
254.0600
254.5200
255.0000
255.4600
255.9400
256.4000
256.9000
257.3600
257.8200
258.3000
258.7800
259.2600
259.7200
260.2000
260.6800
261.1600
261.6200
262.1000
262.5800
263.0600
263.5200
263.9600
264.4400
264.9400
265.4000
265.9000
266.3800
266.8400
267.3000
267.7800
268.2600
268.7600
269.2200
269.7000
270.1600
270.6400
271.1200
271.5800
272.0600
272.5400
273.0200
273.4800
273.9600
274.4200
274.9000
275.3800
275.8600
276.3400
276.8000
277.2800
277.7600
278.2400
278.7200
279.1800
279.6600
280.1600
280.6400
281.1000
281.5600
282.0400
282.5000
282.9400
283.4200
283.9200
284.4000
284.8600
285.3600
285.8400
286.3000
286.7800
287.2600
287.7600
288.2000
288.6600
289.1600
289.6200
290.1200
290.5800
291.0400
291.5200
292.0000
292.4600
292.9400
293.4000
293.8800
294.3400
294.8200
295.2800
295.7600
296.2400
296.7200
297.2000
297.6600
298.1400
298.6200
299.0800
299.5600
300.0200
300.5000
300.9600
301.4200
301.9000
302.3800
302.8400
303.3200
303.8000
304.2800
304.7600
305.2200
305.7000
306.1800
306.6600
307.1200
307.6000
308.1000
308.5600
309.0000
309.5000
309.9800
310.4600
310.9200
311.4000
311.8600
312.3400
312.8000
313.2800
313.7400
314.2400
314.7200
315.1800
315.6800
316.1400
316.6000
317.0800
317.5600
318.0200
318.5000
319.0000
319.4800
319.9400
320.4000
320.8800
321.3600
321.8400
322.3000
322.7800
323.2400
323.7000
324.1800
324.6600
325.1200
325.6000
326.0800
326.5600
327.0400
327.5000
327.9600
328.4400
328.9000
329.3800
329.8400
330.3200
330.7800
331.2400
331.7200
332.2000
332.6800
333.1400
333.6400
334.1000
334.5600
335.0400
335.5000
335.9800
336.4600
336.9400
337.4200
337.8800
338.3600
338.8200
339.3000
339.7600
340.2400
340.7200
341.1800
341.6400
342.1200
342.5600
343.0400
343.5200
343.9800
344.4800
344.9400
345.4200
345.9000
346.3400
346.8000
347.2600
347.7400
348.2000
348.7000
349.1600
349.6400
350.1000
350.5600
351.0600
351.5200
351.9800
352.4400
352.9200
353.3800
353.8200
354.3000
354.7400
355.2200
355.6800
356.1400
356.6400
357.1200
357.5800
358.0600
358.5000
359.0000
359.4600
359.9400
360.4200
360.8600
361.3200
361.8000
362.2600
362.7200
363.2000
363.6800
364.1400
364.6200
365.0800
365.5400
366.0200
366.4800
366.9600
367.4400
367.9200
368.3800
368.8600
369.3200
369.7800
370.2600
370.7200
371.2000
371.6800
372.1600
372.6200
373.1000
373.5400
374.0000
374.3800
374.7400
375.0800
375.4400
375.9000
376.3800
376.8200
377.3000
377.7800
378.2600
378.7200
379.2000
379.6600
380.1400
380.6200
381.0800
381.5200
381.9800
382.4600
382.9400
383.4000
383.8800
384.3200
384.8000
385.2600
385.7200
386.2000
386.6600
387.1400
387.6000
388.0600
388.5200
388.9800
389.4800
389.9400
390.4200
390.8800
391.3400
391.8000
392.2800
392.7200
393.2000
393.6600
394.1200
394.5800
395.0200
395.5000
395.9600
396.4000
396.8800
397.3600
397.8200
398.3000
398.7800
399.2600
399.7400
400.1800
400.6400
401.1000
401.5800
402.0200
402.5000
402.9600
403.4400
403.8800
404.3600
404.8000
405.2600
405.7600
406.2400
406.7000
407.1800
407.6400
408.1000
408.5600
409.0400
409.5000
409.9600
410.4400
410.9000
411.3800
411.8800
412.3400
412.8000
413.2800
413.7200
414.1800
414.6600
415.1200
415.6000
416.0600
416.5400
417.0000
417.4400
417.9200
418.3800
418.8400
419.3200
419.7600
420.2400
420.7000
421.1600
421.6200
422.1000
422.5600
423.0200
423.4800
423.9600
424.4200
424.8600
425.3400
425.8000
426.3000
426.7600
427.2400
427.7200
428.2200
428.6800
