# Neural Ground Truth Beats (BeatNet CRNN + DBN)
# Track: Starman - 2012 Remaster
# Duration: 254.29s, Estimated BPM: 100.0
# Total Beats: 427, Downbeats: 107
0.0200
0.6800
1.3400
1.9800
2.6400
3.3000
3.9400
4.5800
5.2200
5.8800
6.5000
7.1800
7.8200
8.4600
9.1200
9.7600
10.3800
11.0000
11.6200
12.2600
12.8600
13.5000
14.1400
14.8000
15.4600
16.1000
16.7400
17.4000
18.0200
18.6600
19.2800
19.8800
20.5000
21.1400
21.7600
22.3600
22.9600
23.5800
24.1800
24.7800
25.3800
26.0200
26.6200
27.2200
27.8200
28.4400
29.0400
29.6200
30.2200
30.8200
31.4400
32.0200
32.6200
33.2400
33.8400
34.4200
35.0000
35.6000
36.1800
36.7600
37.3200
37.9400
38.5400
39.1200
39.7400
40.3400
40.9400
41.5200
42.1200
42.7200
43.3200
43.9200
44.5200
45.1200
45.7200
46.3200
46.9200
47.5200
48.1400
48.7200
49.3200
49.9400
50.5200
51.1000
51.7000
52.2800
52.8600
53.4400
54.0000
54.5800
55.1600
55.7600
56.3800
57.0200
57.6400
58.2600
58.8800
59.4800
60.1200
60.7200
61.3400
61.9600
62.5600
63.1800
63.7800
64.3800
64.9800
65.6000
66.2000
66.8200
67.4200
68.0200
68.6400
69.2600
69.8800
70.4800
71.0600
71.6600
72.2600
72.8800
73.5000
74.1200
74.7000
75.3200
75.9200
76.5400
77.1400
77.7400
78.3600
78.9600
79.5600
80.1800
80.8000
81.3800
82.0000
82.5800
83.2200
83.8400
84.4400
85.0200
85.6200
86.2400
86.8200
87.3800
87.9600
88.5800
89.1800
89.7800
90.3600
90.9600
91.5600
92.1200
92.7000
93.3000
93.9000
94.4800
95.0800
95.6800
96.2600
96.8200
97.4400
98.0200
98.6200
99.2200
99.8000
100.4000
101.0000
101.6000
102.2000
102.7800
103.3800
103.9800
104.5600
105.1400
105.7400
106.3400
106.9400
107.5200
108.1200
108.7000
109.3000
109.9000
110.5000
111.1000
111.6800
112.3000
112.9000
113.5000
114.0800
114.6800
115.2800
115.8400
116.4200
117.0400
117.6400
118.2400
118.8400
119.4400
120.0400
120.6200
121.2200
121.8200
122.4000
123.0000
123.6000
124.1800
124.7800
125.3600
125.9600
126.5400
127.1200
127.7200
128.3200
128.9200
129.5000
130.0800
130.6600
131.2400
131.8000
132.4000
132.9600
133.5400
134.1600
134.7400
135.3400
135.9400
136.5800
137.2000
137.8000
138.4000
139.0000
139.6200
140.2200
140.8200
141.4200
142.0200
142.6200
143.2200
143.8000
144.4400
145.0600
145.6600
146.2600
146.8600
147.4600
148.0600
148.6600
149.2600
149.8600
150.4400
151.0400
151.6400
152.2400
152.8600
153.4400
154.0400
154.6600
155.2600
155.8600
156.4400
157.0400
157.6200
158.2400
158.8200
159.4200
160.0200
160.6200
161.2200
161.8600
162.4800
163.0800
163.7200
164.3200
164.9200
165.5200
166.1200
166.7200
167.3000
167.9200
168.5200
169.1200
169.7000
170.3000
170.9000
171.5000
172.1000
172.7000
173.3200
173.9000
174.5000
175.0800
175.6800
176.2600
176.8600
177.4400
178.0400
178.6600
179.2600
179.8600
180.4600
181.0600
181.6400
182.2400
182.8400
183.4400
184.0600
184.6400
185.2400
185.8400
186.4400
187.0400
187.6400
188.2400
188.8400
189.4400
190.0400
190.6600
191.2400
191.8200
192.4200
193.0000
193.6000
194.1800
194.7800
195.3600
195.9400
196.5200
197.1000
197.6800
198.2600
198.8400
199.4400
200.0400
200.6200
201.2200
201.7800
202.3600
202.9600
203.5400
204.1200
204.6800
205.2800
205.8400
206.4200
206.9800
207.5600
208.1400
208.7200
209.3000
209.8800
210.4600
211.0400
211.6200
212.1800
212.7600
213.3600
213.9200
214.5000
215.0800
215.6600
216.2400
216.8000
217.3600
217.9600
218.5400
219.1200
219.6800
220.2600
220.8200
221.4000
221.9600
222.5400
223.1000
223.6800
224.2800
224.8400
225.4200
226.0000
226.5800
227.1600
227.7600
228.3200
228.8800
229.4600
230.0400
230.6200
231.2000
231.7800
232.3400
232.9200
233.5200
234.0800
234.6400
235.2000
235.7800
236.3400
236.9200
237.5000
238.0800
238.6400
239.2000
239.7800
240.3600
240.9400
241.5000
242.0800
242.6400
243.2000
243.7600
244.3200
244.9200
245.4800
246.0600
246.6600
247.2400
247.8000
248.3600
248.9200
249.5000
250.0600
250.6200
251.1800
251.7400
252.3000
252.8600
253.4200
253.9600
