# Neural Ground Truth Downbeats (BeatNet CRNN + DBN)
# Track: Starman - 2012 Remaster
0.0200
2.6400
5.2200
7.8200
10.3800
12.8600
15.4600
18.0200
20.5000
22.9600
25.3800
27.8200
30.2200
32.6200
35.0000
37.3200
39.7400
42.1200
44.5200
46.9200
49.3200
51.7000
54.0000
56.3800
58.8800
61.3400
63.7800
66.2000
68.6400
71.0600
73.5000
75.9200
78.3600
80.8000
83.2200
85.6200
87.9600
90.3600
92.7000
95.0800
97.4400
99.8000
102.2000
104.5600
106.9400
109.3000
111.6800
114.0800
116.4200
118.8400
121.2200
123.6000
125.9600
128.3200
130.6600
132.9600
135.3400
137.8000
140.2200
142.6200
145.0600
147.4600
149.8600
152.2400
154.6600
157.0400
159.4200
161.8600
164.3200
166.7200
169.1200
171.5000
173.9000
176.2600
178.6600
181.0600
183.4400
185.8400
188.2400
190.6600
193.0000
195.3600
197.6800
200.0400
202.3600
204.6800
206.9800
209.3000
211.6200
213.9200
216.2400
218.5400
220.8200
223.1000
225.4200
227.7600
230.0400
232.3400
234.6400
236.9200
239.2000
241.5000
243.7600
246.0600
248.3600
250.6200
252.8600
