# Neural Ground Truth Downbeats (BeatNet CRNN + DBN)
# Track: Stayin' Alive - From _Saturday Night Fever_ Soundtrack
0.5400
2.8600
5.1600
7.5000
9.8000
12.1200
14.4400
16.7600
19.0600
21.4000
23.7200
26.0200
28.3200
30.6600
32.9800
35.3000
37.6000
39.9200
42.2600
44.5800
46.8600
49.2000
51.5200
53.8400
56.1600
58.4800
60.8000
64.2400
66.5800
68.9000
71.2200
73.5400
75.8400
78.1800
80.5000
82.8000
85.1000
87.4400
89.7600
92.0600
94.3800
96.7200
99.0400
101.3400
103.6600
105.9800
108.3000
110.6000
112.9400
115.2600
117.5600
119.8800
122.2000
124.5200
126.8400
129.1600
131.4800
133.8000
136.1200
138.4200
140.7400
143.0600
145.3800
147.6800
150.0000
152.3400
154.6400
156.9600
159.2800
161.6000
163.9200
166.2400
168.5600
170.8800
173.1800
175.5000
177.8200
180.1400
182.4600
184.7800
187.1000
189.4000
191.7200
195.1800
197.5400
199.8600
202.1600
204.5000
206.8200
209.1000
211.4400
213.7600
216.0800
218.4000
220.7000
223.0000
225.3400
227.6400
229.9800
232.2800
234.6200
236.9400
239.2600
241.5600
243.8800
246.1800
248.5200
250.8200
253.1400
255.4600
257.7800
260.1000
262.4200
264.7400
267.0600
269.3800
271.7000
274.0200
276.3400
278.6400
280.9600
283.2800
285.6000
287.9200
290.2200
292.5600
294.8600
297.1800
299.5000
301.8200
304.1400
306.4400
308.7800
311.1000
313.4000
315.7000
318.0400
320.3600
322.6600
324.9800
327.3000
329.6200
331.9400
334.2400
336.5600
338.8800
341.2200
343.5200
345.8400
348.1600
350.4800
352.8000
355.1200
357.4200
359.7600
362.0600
364.3800
366.6800
369.0200
371.3400
373.6600
375.9400
378.2800
380.5800
382.9200
385.2400
387.5600
389.8600
392.2000
394.5000
396.8400
399.1200
401.4600
403.7800
406.0800
408.4200
410.7200
413.0400
415.3600
417.6600
420.0000
422.3200
424.6000
426.9400
429.2600
431.6000
435.0600
437.3800
439.6800
442.0000
444.3200
446.6400
448.9600
451.2800
453.5800
455.9000
458.2200
459.9000
461.7000
464.0200
466.3200
468.6600
470.9800
473.2800
475.6000
477.9200
480.2400
482.5400
484.8600
487.1800
489.5200
491.8000
494.1400
496.4400
498.7600
501.0800
503.4000
505.7000
508.0400
510.3600
512.6600
514.9800
517.3200
519.6200
521.9200
524.2600
526.5800
528.8800
531.2200
533.5400
535.8400
538.1600
540.4800
542.8000
545.1000
547.4200
549.7400
552.0800
554.3800
556.7000
559.0200
561.3400
