# Neural Ground Truth Beats (BeatNet CRNN + DBN)
# Track: Stayin' Alive - From _Saturday Night Fever_ Soundtrack
# Duration: 570.75s, Estimated BPM: 103.4
# Total Beats: 967, Downbeats: 242
0.5400
1.1000
1.6800
2.2800
2.8600
3.4200
4.0000
4.5800
5.1600
5.7600
6.3400
6.9200
7.5000
8.0600
8.6400
9.2200
9.8000
10.3800
10.9600
11.5400
12.1200
12.7000
13.2600
13.8400
14.4400
15.0200
15.5800
16.1800
16.7600
17.3400
17.9000
18.4800
19.0600
19.6600
20.2400
20.8200
21.4000
21.9800
22.5600
23.1200
23.7200
24.3000
24.8600
25.4400
26.0200
26.6000
27.1800
27.7400
28.3200
28.9200
29.5000
30.0800
30.6600
31.2400
31.8200
32.4000
32.9800
33.5600
34.1400
34.7200
35.3000
35.8800
36.4600
37.0400
37.6000
38.1800
38.7800
39.3600
39.9200
40.5200
41.0800
41.6800
42.2600
42.8400
43.4200
44.0000
44.5800
45.1400
45.7200
46.3000
46.8600
47.4600
48.0400
48.6200
49.2000
49.7800
50.3600
50.9400
51.5200
52.1000
52.6800
53.2600
53.8400
54.4200
54.9800
55.5800
56.1600
56.7200
57.3000
57.8800
58.4800
59.0600
59.6400
60.2200
60.8000
61.6400
62.5200
63.3800
64.2400
64.8400
65.4200
66.0200
66.5800
67.1600
67.7400
68.3200
68.9000
69.5000
70.0600
70.6400
71.2200
71.8000
72.3800
72.9600
73.5400
74.1200
74.7000
75.2600
75.8400
76.4400
77.0200
77.5800
78.1800
78.7400
79.3200
79.9000
80.5000
81.0600
81.6400
82.2000
82.8000
83.3600
83.9400
84.5200
85.1000
85.7000
86.2800
86.8600
87.4400
88.0200
88.6000
89.1800
89.7600
90.3400
90.9200
91.5000
92.0600
92.6600
93.2200
93.8000
94.3800
94.9600
95.5400
96.1200
96.7200
97.2800
97.8600
98.4600
99.0400
99.6200
100.1800
100.7800
101.3400
101.9200
102.4800
103.0600
103.6600
104.2400
104.8200
105.4000
105.9800
106.5600
107.1200
107.7000
108.3000
108.8800
109.4400
110.0200
110.6000
111.1800
111.7600
112.3400
112.9400
113.5200
114.1000
114.6600
115.2600
115.8200
116.4000
116.9800
117.5600
118.1600
118.7200
119.3200
119.8800
120.4600
121.0400
121.6200
122.2000
122.7800
123.3600
123.9400
124.5200
125.1000
125.6600
126.2600
126.8400
127.4200
128.0000
128.5800
129.1600
129.7400
130.3000
130.8800
131.4800
132.0600
132.6400
133.2200
133.8000
134.3600
134.9600
135.5200
136.1200
136.6800
137.2800
137.8600
138.4200
139.0000
139.5800
140.1600
140.7400
141.3200
141.9000
142.4800
143.0600
143.6400
144.2200
144.7800
145.3800
145.9600
146.5400
147.1000
147.6800
148.2600
148.8600
149.4400
150.0000
150.6000
151.1800
151.7400
152.3400
152.9200
153.4800
154.0600
154.6400
155.2200
155.8200
156.4000
156.9600
157.5400
158.1200
158.7000
159.2800
159.8600
160.4400
161.0200
161.6000
162.1800
162.7800
163.3600
163.9200
164.5000
165.1000
165.6600
166.2400
166.8200
167.3800
167.9800
168.5600
169.1400
169.7200
170.3000
170.8800
171.4400
172.0200
172.6000
173.1800
173.7800
174.3600
174.9200
175.5000
176.0800
176.6600
177.2400
177.8200
178.4000
178.9800
179.5400
180.1400
180.7000
181.2800
181.8800
182.4600
183.0400
183.6200
184.2000
184.7800
185.3600
185.9400
186.5000
187.1000
187.6800
188.2600
188.8400
189.4000
189.9800
190.5400
191.1000
191.7200
192.5600
193.4400
194.3400
195.1800
195.8200
196.4000
196.9600
197.5400
198.1200
198.7000
199.2800
199.8600
200.4400
201.0000
201.6000
202.1600
202.7600
203.3400
203.9200
204.5000
205.0800
205.6400
206.2400
206.8200
207.4000
207.9600
208.5400
209.1000
209.6800
210.2800
210.8600
211.4400
212.0000
212.5800
213.1600
213.7600
214.3400
214.9200
215.4800
216.0800
216.6400
217.2400
217.8000
218.4000
218.9600
219.5600
220.1200
220.7000
221.2800
221.8600
222.4400
223.0000
223.6000
224.1800
224.7600
225.3400
225.9000
226.4800
227.0800
227.6400
228.2400
228.8000
229.4000
229.9800
230.5400
231.1200
231.7000
232.2800
232.8600
233.4400
234.0200
234.6200
235.1800
235.7800
236.3600
236.9400
237.5200
238.1000
238.6600
239.2600
239.8400
240.4000
240.9800
241.5600
242.1400
242.7200
243.3000
243.8800
244.4600
245.0200
245.6200
246.1800
246.7800
247.3600
247.9400
248.5200
249.1000
249.6800
250.2400
250.8200
251.4000
252.0000
252.5600
253.1400
253.7200
254.3200
254.8800
255.4600
256.0400
256.6400
257.2000
257.7800
258.3800
258.9400
259.5200
260.1000
260.7000
261.2600
261.8600
262.4200
263.0000
263.5800
264.1600
264.7400
265.3200
265.9000
266.5000
267.0600
267.6400
268.2200
268.8000
269.3800
269.9600
270.5400
271.1200
271.7000
272.2800
272.8600
273.4200
274.0200
274.6000
275.1600
275.7400
276.3400
276.9200
277.4800
278.0800
278.6400
279.2200
279.8000
280.3800
280.9600
281.5600
282.1200
282.6800
283.2800
283.8400
284.4400
285.0000
285.6000
286.1800
286.7600
287.3400
287.9200
288.4800
289.0600
289.6600
290.2200
290.8000
291.3800
291.9600
292.5600
293.1400
293.7200
294.3000
294.8600
295.4200
296.0000
296.6000
297.1800
297.7600
298.3200
298.9200
299.5000
300.0800
300.6600
301.2200
301.8200
302.4000
302.9600
303.5600
304.1400
304.7200
305.3000
305.8600
306.4400
307.0400
307.6200
308.2000
308.7800
309.3400
309.9200
310.5000
311.1000
311.6800
312.2600
312.8200
313.4000
314.0000
314.5600
315.1400
315.7000
316.2800
316.8600
317.4600
318.0400
318.6200
319.2000
319.7600
320.3600
320.9400
321.5200
322.0800
322.6600
323.2400
323.8200
324.4000
324.9800
325.5600
326.1600
326.7200
327.3000
327.8800
328.4600
329.0400
329.6200
330.2200
330.8000
331.3600
331.9400
332.5200
333.1000
333.6800
334.2400
334.8200
335.4200
336.0000
336.5600
337.1600
337.7400
338.3200
338.8800
339.4800
340.0600
340.6400
341.2200
341.8000
342.3600
342.9400
343.5200
344.1200
344.6800
345.2600
345.8400
346.4200
347.0000
347.5800
348.1600
348.7400
349.3200
349.9000
350.4800
351.0600
351.6400
352.2200
352.8000
353.3600
353.9400
354.5400
355.1200
355.6800
356.2600
356.8400
357.4200
358.0200
358.5800
359.1800
359.7600
360.3200
360.9000
361.4800
362.0600
362.6600
363.2400
363.8200
364.3800
364.9600
365.5400
366.1200
366.6800
367.2800
367.8600
368.4200
369.0200
369.5800
370.1800
370.7600
371.3400
371.9000
372.4800
373.0800
373.6600
374.2400
374.8000
375.3800
375.9400
376.5200
377.1200
377.6800
378.2800
378.8600
379.4400
380.0200
380.5800
381.1800
381.7600
382.3200
382.9200
383.5000
384.0800
384.6600
385.2400
385.8200
386.4000
386.9800
387.5600
388.1400
388.7200
389.2800
389.8600
390.4400
391.0200
391.6000
392.2000
392.7600
393.3400
393.9200
394.5000
395.0800
395.6600
396.2400
396.8400
397.4000
397.9800
398.5600
399.1200
399.7200
400.3000
400.8800
401.4600
402.0400
402.6000
403.2000
403.7800
404.3600
404.9400
405.5200
406.0800
406.6800
407.2400
407.8400
408.4200
408.9800
409.5600
410.1200
410.7200
411.2800
411.8800
412.4400
413.0400
413.6000
414.1800
414.7800
415.3600
415.9400
416.5200
417.0800
417.6600
418.2400
418.8200
419.4200
420.0000
420.5600
421.1400
421.7400
422.3200
422.8800
423.4400
424.0200
424.6000
425.1800
425.7600
426.3400
426.9400
427.5200
428.1000
428.6600
429.2600
429.8200
430.4000
431.0000
431.6000
432.4000
433.2800
434.2000
435.0600
435.6200
436.2000
436.7800
437.3800
437.9600
438.5200
439.1000
439.6800
440.2600
440.8400
441.4200
442.0000
442.5800
443.1600
443.7400
444.3200
444.9000
445.4800
446.0600
446.6400
447.2200
447.7800
448.3600
448.9600
449.5400
450.1000
450.7000
451.2800
451.8400
452.4200
453.0200
453.5800
454.1600
454.7400
455.3400
455.9000
456.4800
457.0600
457.6600
458.2200
458.6400
459.0400
459.4600
459.9000
460.3200
460.7200
461.1400
461.7000
462.2800
462.8400
463.4200
464.0200
464.5800
465.1600
465.7400
466.3200
466.9000
467.4800
468.0600
468.6600
469.2200
469.8000
470.3800
470.9800
471.5400
472.1200
472.7000
473.2800
473.8400
474.4200
475.0200
475.6000
476.1600
476.7600
477.3200
477.9200
478.5000
479.0800
479.6400
480.2400
480.8000
481.4000
481.9600
482.5400
483.1400
483.7200
484.3000
484.8600
485.4400
486.0400
486.6200
487.1800
487.7600
488.3400
488.9200
489.5200
490.0800
490.6600
491.2200
491.8000
492.3800
492.9600
493.5600
494.1400
494.7000
495.3000
495.8600
496.4400
497.0400
497.6000
498.1800
498.7600
499.3400
499.9200
500.5000
501.0800
501.6600
502.2400
502.8400
503.4000
503.9800
504.5600
505.1200
505.7000
506.3000
506.8800
507.4600
508.0400
508.6200
509.2000
509.7800
510.3600
510.9200
511.5200
512.1000
512.6600
513.2400
513.8200
514.4000
514.9800
515.5600
516.1400
516.7200
517.3200
517.8800
518.4600
519.0400
519.6200
520.1800
520.7800
521.3600
521.9200
522.5000
523.1000
523.6800
524.2600
524.8200
525.4200
525.9800
526.5800
527.1600
527.7400
528.3200
528.8800
529.4600
530.0600
530.6200
531.2200
531.7800
532.3800
532.9400
533.5400
534.1000
534.6800
535.2400
535.8400
536.4000
537.0000
537.5800
538.1600
538.7200
539.3000
539.9000
540.4800
541.0600
541.6400
542.2200
542.8000
543.3600
543.9400
544.5200
545.1000
545.7000
546.2600
546.8600
547.4200
548.0200
548.5800
549.1800
549.7400
550.3400
550.9000
551.5000
552.0800
552.6400
553.2200
553.8200
554.3800
554.9800
555.5400
556.1200
556.7000
557.2800
557.8600
558.4400
559.0200
559.6200
560.1800
560.7600
561.3400
561.9200
562.5200
