# Neural Ground Truth Beats (BeatNet CRNN + DBN)
# Track: Sucker for Pain (with Wiz Khalifa, Imagine Dragons, Logic & Ty Dolla $ign feat. X Ambassadors)
# Duration: 243.50s, Estimated BPM: 85.7
# Total Beats: 413, Downbeats: 103
0.0800
0.4400
0.7800
1.1400
1.5200
1.8800
2.2400
2.6000
2.9600
3.3200
3.6600
4.0200
4.3800
4.7600
5.1000
5.4400
5.7800
6.1400
6.5000
6.8600
7.2400
7.5800
7.9600
8.3200
8.6600
9.0400
9.4000
9.7400
10.1000
10.4800
10.8000
11.1400
11.5200
11.8800
12.2400
12.5800
12.9400
13.3200
13.6600
14.0400
14.4000
14.7400
15.0800
15.4400
15.8200
16.1600
16.5200
16.9000
17.2600
17.6000
17.9600
18.3400
18.7000
19.0400
19.3800
19.7000
20.0800
20.4400
20.8000
21.1600
21.5200
21.8800
22.2400
22.5800
22.9400
23.3000
23.6600
24.1400
24.7400
25.3800
26.1200
26.8800
27.6000
28.3000
29.0200
29.7400
30.4600
31.1400
31.8800
32.6000
33.3000
34.0200
34.7400
35.4400
36.1600
36.8600
37.6000
38.3000
39.0200
39.7400
40.4600
41.1600
41.8800
42.5800
43.3000
44.0200
44.7000
45.3800
46.1200
46.9000
47.6000
48.3200
49.0200
49.7800
50.4600
51.1400
51.8800
52.5600
53.3000
54.0200
54.7400
55.4000
56.1400
56.8800
57.6000
58.3000
59.0200
59.7200
60.4400
61.1600
61.8800
62.5800
63.3000
64.0200
64.7400
65.4400
66.1600
66.8800
67.5800
68.2800
69.0200
69.7200
70.4400
71.1400
71.8800
72.5800
73.3000
74.0000
74.7400
75.4400
76.1600
76.8600
77.6000
78.3000
79.0200
79.7400
80.4400
81.1400
81.8800
82.6200
83.3000
84.0400
84.7400
85.4600
86.1600
86.9000
87.6000
88.2800
89.0200
89.7600
90.4400
91.1800
91.9200
92.6200
93.3200
94.0800
94.7400
95.4600
96.1600
96.9000
97.6000
98.3400
99.0200
99.7800
100.4600
101.1800
101.8800
102.6400
103.3200
104.0200
104.7400
105.4600
106.1800
106.8800
107.6000
108.3000
109.0200
109.7400
110.4600
111.1600
111.8800
112.5800
113.3000
114.0600
114.7200
115.4400
116.1600
116.8600
117.5800
118.3000
119.0200
119.7200
120.4200
121.1600
121.8600
122.5800
123.2800
124.0000
124.7000
125.4200
126.1400
126.8400
127.5400
128.2400
128.9600
129.6800
130.4000
131.1000
131.8000
132.5200
133.2200
133.9000
134.6400
135.3400
136.0400
136.7600
137.4600
138.1600
138.8800
139.5800
140.3000
141.0000
141.7000
142.4000
143.1200
143.8200
144.5400
145.2200
145.9400
146.6400
147.3400
148.0600
148.7400
149.4600
150.1800
150.9000
151.5800
152.3000
153.0000
153.7000
154.4000
155.1200
155.8200
156.5200
157.2400
157.9400
158.6400
159.3200
160.0600
160.7600
161.4600
162.1600
162.8800
163.5800
164.3000
165.0000
165.7000
166.4000
167.1200
167.8200
168.5200
169.2200
169.9400
170.6000
171.3400
172.0600
172.7800
173.4600
174.1800
174.8800
175.6000
176.2800
177.0000
177.7000
178.4000
179.1200
179.8200
180.5200
181.2200
181.9400
182.6400
183.3400
184.0400
184.7600
185.4600
186.2200
186.9000
187.6000
188.1200
188.6600
189.0400
189.3800
189.7200
190.0800
190.4000
190.7400
191.1000
191.4800
191.8400
192.2000
192.5400
192.9000
193.2800
193.6200
193.9400
194.2800
194.6200
195.0000
195.3400
195.7200
196.0600
196.4000
196.7400
197.1200
197.4600
197.8400
198.1800
198.5600
198.9200
199.2800
199.6200
199.9800
200.3400
200.6800
201.0000
201.3600
201.7000
202.0600
202.4000
202.7600
203.1200
203.5000
203.8400
204.1800
204.5200
204.8800
205.2200
205.5800
205.9400
206.3000
206.6600
207.0000
207.3600
207.7200
208.1000
208.4400
208.8000
209.1600
209.5200
209.8600
210.1800
210.5200
210.8600
211.2200
211.5800
211.9400
212.3000
212.6400
213.0000
213.3600
213.8200
214.4200
215.1200
215.8200
216.5200
217.2200
217.9400
218.6400
219.3400
220.0600
220.7600
221.4800
222.1800
222.8800
223.6000
224.2800
225.0000
225.7000
226.4200
227.1000
227.8200
228.5200
229.2400
229.9400
230.6400
231.3400
232.0600
232.7600
233.4600
234.1800
234.8800
235.5800
236.2800
237.0000
237.7000
238.4000
239.1200
239.8200
240.5400
241.2400
241.9400
242.6800
243.3800
