# Neural Ground Truth Downbeats (BeatNet CRNN + DBN)
# Track: Sucker for Pain (with Wiz Khalifa, Imagine Dragons, Logic & Ty Dolla $ign feat. X Ambassadors)
1.1400
2.6000
4.0200
5.4400
6.8600
8.3200
9.7400
11.1400
12.5800
14.0400
15.4400
16.9000
18.3400
19.7000
21.1600
22.5800
24.1400
26.8800
29.7400
32.6000
35.4400
38.3000
41.1600
44.0200
46.9000
49.7800
52.5600
55.4000
58.3000
61.1600
64.0200
66.8800
69.7200
72.5800
75.4400
78.3000
81.1400
84.0400
86.9000
89.7600
92.6200
95.4600
98.3400
101.1800
104.0200
106.8800
109.7400
112.5800
115.4400
118.3000
121.1600
124.0000
126.8400
129.6800
132.5200
135.3400
138.1600
141.0000
143.8200
146.6400
149.4600
152.3000
155.1200
157.9400
160.7600
163.5800
166.4000
169.2200
172.0600
174.8800
177.7000
180.5200
183.3400
186.2200
188.6600
190.0800
191.4800
192.9000
194.2800
195.7200
197.1200
198.5600
199.9800
201.3600
202.7600
204.1800
205.5800
207.0000
208.4400
209.8600
211.2200
212.6400
214.4200
217.2200
220.0600
222.8800
225.7000
228.5200
231.3400
234.1800
237.0000
239.8200
242.6800
