0.2100
0.7000
1.1800
1.6500
2.1600
2.6500
3.1400
3.6200
4.1100
4.6000
5.0800
5.5700
6.0400
6.5500
7.0500
7.5400
8.0500
8.5200
9.0000
9.4800
9.9700
10.4500
10.9200
11.4300
11.9200
12.4000
12.8900
13.3700
13.8700
14.3700
14.8600
15.3300
15.8200
16.3100
16.8000
17.2800
17.7700
18.2600
18.7400
19.2300
19.7200
20.2100
20.7000
21.1800
21.6700
22.1600
22.6500
23.1400
23.6300
24.1100
24.6000
25.0800
25.5800
26.0600
26.5500
27.0400
27.5300
28.0100
28.4900
28.9300
29.3800
29.8100
30.2500
30.6900
31.1200
31.5400
31.9700
32.4000
32.8900
33.3800
33.8700
34.3400
34.8400
35.3300
35.8200
36.3100
36.8000
37.2800
37.7700
38.2600
38.7500
39.2400
39.7200
40.2100
40.7000
41.1900
41.6700
42.1600
42.6500
43.1400
43.6200
44.1100
44.6000
45.0900
45.5800
46.0700
46.5500
47.0400
47.5300
48.0200
48.5000
48.9900
49.4800
49.9700
50.4500
50.9300
51.4300
51.9200
52.4000
52.8900
53.3800
53.8700
54.3600
54.8400
55.3300
55.8200
56.3000
56.7900
57.2800
57.7700
58.2600
58.7600
59.2300
59.7200
60.2100
60.7100
61.1900
61.6700
62.1700
62.6800
63.1700
63.6700
64.1400
64.6200
65.1000
65.5900
66.0700
66.5500
67.0500
67.5300
68.0200
68.5200
68.9900
69.4800
69.9700
70.4800
70.9500
71.4400
71.9200
72.4200
72.9000
73.3800
73.8700
74.3700
74.8600
75.3500
75.8200
76.3100
76.7800
77.2700
77.7700
78.2600
78.7500
79.2400
79.7200
80.2100
80.7000
81.1800
81.6700
82.1600
82.6500
83.1300
83.6200
84.0900
84.6000
85.0900
85.5800
86.0600
86.5500
87.0400
87.5200
88.0100
88.5000
88.9900
89.4800
89.9700
90.4500
90.9400
91.4200
91.9200
92.4100
92.8800
93.3800
93.8700
94.3600
94.8400
95.3300
95.8200
96.3000
96.7900
97.2800
97.7700
98.2400
98.7400
99.2300
99.7200
100.2100
100.7200
101.2000
101.6800
102.1600
102.6500
103.1200
103.6200
104.1100
104.6000
105.0900
105.5800
106.0600
106.5500
107.0400
107.5300
108.0200
108.5000
108.9900
109.4800
109.9600
110.4500
110.9400
111.4300
111.9200
112.4000
112.8900
113.3800
113.8700
114.3600
114.8400
115.3300
115.8100
116.3000
116.8000
117.3000
117.8100
118.3100
118.8000
119.3000
119.8000
120.2900
120.7600
121.2500
121.7200
122.2100
122.6900
123.1700
123.6400
124.1300
124.6300
125.1300
125.6300
126.1200
126.6000
127.0800
127.5700
128.0700
128.5600
129.0400
129.5200
130.0100
130.4800
130.9600
131.4400
131.9300
132.4100
132.9000
133.3900
133.8700
134.3500
134.8400
135.3300
135.8200
136.3000
136.7900
137.2800
137.7700
138.2600
138.7400
139.2300
139.7200
140.2000
140.7000
141.1900
141.6700
142.1600
142.6500
143.1400
143.6200
144.1100
144.6000
145.0900
145.5600
146.0600
146.5500
147.0400
147.5300
148.0200
148.5000
148.9900
149.4700
149.9700
150.4500
150.9400
151.4200
151.9200
152.4000
152.8900
153.3800
153.8700
154.3500
154.8400
155.3300
155.8200
156.3100
156.7900
157.2800
157.7700
158.2600
158.7400
159.2300
159.7200
160.2100
160.7000
161.1800
161.6700
162.1600
162.6500
163.1300
163.6300
164.1200
164.6000
165.0900
165.5600
166.0700
166.5500
167.0400
167.5300
168.0200
168.5100
168.9900
169.4800
169.9700
170.4500
170.9400
171.4300
171.9600
172.4500
172.9600
173.4800
174.0100
174.5200
175.0400
175.5700
176.0800
176.6000
177.1200
177.6400
178.1700
178.6900
179.2100
179.7100
180.2100
180.7000
181.1700
181.6700
182.1600
182.6500
183.1400
183.6300
184.1000
184.6000
185.0900
185.5800
186.0600
186.5500
187.0400
187.5300
188.0200
188.5000
188.9900
189.4800
189.9700
190.4400
190.9400
191.4300
191.9200
192.4000
192.8800
193.3700
193.8700
194.3500
194.8400
195.3300
195.8200
196.3100
196.8000
197.2800
197.7700
198.2500
198.7500
199.2300
199.7200
200.2100
200.7000
201.1800
201.6700
202.1600
202.6500
203.1400
203.6300
204.1100
204.6000
205.0900
205.5800
206.0600
206.5400
207.0400
207.5300
208.0200
208.5000
208.9700
209.4800
209.9800
210.4800
210.9700
211.4600
211.9300
212.4100
212.9000
213.3800
213.8600
214.3500
214.8600
215.3600
215.8300
216.3100
216.7900
217.2700
217.7600
218.2300
