# Neural Ground Truth Beats (BeatNet CRNN + DBN)
# Track: Sultans Of Swing
# Duration: 348.42s, Estimated BPM: 150.0
# Total Beats: 860, Downbeats: 215
0.3600
0.7800
1.2000
1.6200
2.0200
2.4200
2.8200
3.2200
3.6400
4.0400
4.4400
4.8400
5.2400
5.6400
6.0400
6.4400
6.8400
7.2600
7.6600
8.0600
8.4600
8.8600
9.2600
9.6800
10.0800
10.4600
10.8600
11.2600
11.6600
12.0800
12.4600
12.8600
13.2600
13.6600
14.0600
14.4600
14.8800
15.2800
15.6800
16.0800
16.4800
16.8600
17.2800
17.6600
18.0600
18.4800
18.8600
19.2800
19.6800
20.0800
20.4600
20.8800
21.2800
21.6800
22.0800
22.4800
22.8800
23.2600
23.6600
24.0600
24.4600
24.8800
25.2800
25.6800
26.0800
26.4600
26.9000
27.3000
27.7200
28.1200
28.5200
28.9400
29.3400
29.7400
30.1200
30.5400
30.9200
31.3200
31.7200
32.1200
32.5400
32.9200
33.3400
33.7400
34.1400
34.5400
34.9400
35.3600
35.7600
36.1400
36.5600
36.9600
37.3600
37.7800
38.1600
38.5800
38.9800
39.3600
39.7800
40.1800
40.5800
40.9800
41.4000
41.8200
42.2400
42.6200
43.0400
43.4200
43.8400
44.2400
44.6400
45.0400
45.4400
45.8200
46.2400
46.6400
47.0400
47.4400
47.8200
48.2400
48.6400
49.0400
49.4400
49.8400
50.2400
50.6600
51.0600
51.4600
51.8600
52.2600
52.6600
53.0600
53.4600
53.8600
54.2600
54.6600
55.0600
55.4800
55.8800
56.2800
56.6800
57.1000
57.5000
57.9000
58.3200
58.7200
59.1200
59.5000
59.9000
60.3200
60.7200
61.1200
61.5200
61.9200
62.3200
62.7400
63.1400
63.5400
63.9400
64.3600
64.7400
65.1600
65.5600
65.9800
66.3800
66.8000
67.1800
67.6000
67.9800
68.4000
68.8000
69.2200
69.6200
70.0200
70.4200
70.8200
71.2200
71.6200
72.0200
72.4200
72.8200
73.2400
73.6400
74.0600
74.4600
74.8600
75.2800
75.6600
76.0800
76.5000
76.9000
77.3000
77.7000
78.1000
78.5000
78.9400
79.3400
79.7400
80.1400
80.5400
80.9600
81.3600
81.7600
82.1600
82.5600
82.9600
83.3600
83.7800
84.1800
84.5600
84.9600
85.4000
85.8000
86.2000
86.6000
87.0000
87.3800
87.8200
88.2200
88.6000
89.0200
89.4200
89.8400
90.2200
90.6400
91.0400
91.4400
91.8400
92.2400
92.6200
93.0400
93.4600
93.8600
94.2600
94.6600
95.0600
95.4800
95.8800
96.2800
96.6800
97.0800
97.4600
97.8800
98.2800
98.6800
99.0800
99.4800
99.9000
100.3000
100.7200
101.1000
101.5200
101.9200
102.3400
102.7400
103.1600
103.5600
103.9800
104.3800
104.8000
105.2000
105.6000
106.0000
106.4200
106.8200
107.2200
107.6200
108.0400
108.4400
108.8400
109.2400
109.6400
110.0600
110.4600
110.8800
111.2800
111.6800
112.1000
112.4800
112.9000
113.3000
113.7000
114.1200
114.5200
114.9400
115.3400
115.7600
116.1800
116.6000
117.0000
117.4000
117.8000
118.2000
118.6200
119.0200
119.4400
119.8400
120.2400
120.6400
121.0600
121.4600
121.8800
122.2800
122.7000
123.1000
123.5200
123.9200
124.3200
124.7400
125.1400
125.5400
125.9400
126.3600
126.7600
127.1600
127.5600
127.9600
128.3800
128.7800
129.1800
129.6000
130.0000
130.4200
130.8200
131.2200
131.6400
132.0400
132.4600
132.8600
133.2600
133.6600
134.0600
134.4600
134.8600
135.2800
135.6800
136.0800
136.5000
136.9200
137.3400
137.7200
138.1400
138.5600
138.9600
139.3600
139.7600
140.1800
140.5800
140.9800
141.4000
141.8000
142.2000
142.6200
143.0000
143.4200
143.8400
144.2400
144.6400
145.0400
145.4400
145.8600
146.2400
146.6600
147.0800
147.4800
147.8800
148.3000
148.7000
149.1000
149.4800
149.9000
150.3000
150.7000
151.1200
151.5200
151.9400
152.3400
152.7200
153.1400
153.5600
153.9600
154.3600
154.7600
155.1800
155.6000
156.0000
156.4000
156.8000
157.2000
157.6200
158.0200
158.4200
158.8200
159.2400
159.6400
160.0400
160.4400
160.8400
161.2600
161.6800
162.1000
162.5000
162.9200
163.3200
163.7200
164.1400
164.5400
164.9400
165.3600
165.7600
166.1600
166.5600
166.9600
167.3800
167.7800
168.2000
168.6000
169.0200
169.4000
169.8200
170.2400
170.6400
171.0400
171.4600
171.8400
172.2400
172.6400
173.0400
173.4600
173.8600
174.2600
174.6800
175.0800
175.4800
175.9000
176.3000
176.7200
177.1400
177.5400
177.9400
178.3600
178.7600
179.1600
179.5600
179.9600
180.3600
180.7600
181.1800
181.5800
181.9800
182.4000
182.8000
183.2000
183.6000
184.0200
184.4400
184.8400
185.2400
185.6400
186.0400
186.4400
186.8600
187.2600
187.6400
188.0600
188.4600
188.8800
189.3000
189.7000
190.1200
190.5200
190.9200
191.3200
191.7200
192.1200
192.5200
192.9400
193.3600
193.7600
194.1800
194.5600
194.9800
195.3800
195.7800
196.1800
196.6000
197.0000
197.4200
197.8200
198.2200
198.6200
199.0400
199.4400
199.8400
200.2600
200.6600
201.0600
201.4800
201.9000
202.2800
202.6800
203.1000
203.5200
203.9200
204.3200
204.7200
205.1200
205.5600
205.9600
206.3600
206.7600
207.1800
207.5800
207.9600
208.3800
208.7800
209.2000
209.6000
210.0200
210.4200
210.8200
211.2200
211.6400
212.0400
212.4400
212.8400
213.2400
213.6400
214.0600
214.4800
214.8800
215.2800
215.6800
216.1000
216.5000
216.9000
217.2800
217.7000
218.1000
218.5000
218.9000
219.3000
219.7200
220.1400
220.5400
220.9400
221.3200
221.7600
222.1800
222.5800
223.0000
223.4000
223.8000
224.2000
224.6200
225.0200
225.4200
225.8200
226.2200
226.6400
227.0400
227.4400
227.8600
228.2800
228.6800
229.0800
229.5000
229.9000
230.3000
230.7000
231.1000
231.5000
231.9200
232.3200
232.7200
233.1400
233.5400
233.9400
234.3400
234.7600
235.1600
235.5600
235.9600
236.3600
236.7800
237.1800
237.5800
238.0000
238.4000
238.8200
239.2200
239.6400
240.0200
240.4200
240.8400
241.2200
241.6200
242.0400
242.4600
242.8600
243.2600
243.6600
244.0600
244.4800
244.8800
245.2800
245.6800
246.1000
246.5000
246.9200
247.3200
247.7200
248.1200
248.5400
248.9400
249.3400
249.7400
250.1400
250.5600
250.9800
251.3800
251.7800
252.1800
252.5800
253.0000
253.4000
253.8200
254.2200
254.6200
255.0400
255.4400
255.8400
256.2400
256.6400
257.0400
257.4400
257.8600
258.2600
258.6400
259.0600
259.4600
259.8600
260.2600
260.6600
261.0800
261.4800
261.8800
262.2800
262.6800
263.0800
263.4800
263.9000
264.3200
264.7200
265.1200
265.5200
265.9000
266.3000
266.7000
267.1200
267.5400
267.9400
268.3400
268.7600
269.1600
269.5800
269.9800
270.3800
270.7800
271.2000
271.6000
272.0000
272.4000
272.8000
273.2000
273.6200
274.0200
274.4200
274.8200
275.2200
275.6200
276.0200
276.4200
276.8200
277.2200
277.6400
278.0400
278.4600
278.8600
279.2600
279.6800
280.0800
280.4800
280.9000
281.3000
281.7000
282.1000
282.5000
282.9000
283.3200
283.7200
284.1400
284.5400
284.9400
285.3200
285.7400
286.1400
286.5400
286.9400
287.3400
287.7400
288.1600
288.5600
288.9600
289.3600
289.7800
290.1800
290.5800
290.9800
291.4000
291.8000
292.2000
292.6000
293.0000
293.4000
293.8200
294.2200
294.6400
295.0400
295.4200
295.8400
296.2600
296.6400
297.0400
297.4400
297.8400
298.2400
298.6400
299.0600
299.4600
299.8800
300.2800
300.7000
301.1000
301.5000
301.9200
302.3200
302.7200
303.1200
303.5400
303.9400
304.3600
304.7600
305.1800
305.5800
305.9800
306.3600
306.8000
307.2000
307.6200
308.0200
308.4200
308.8200
309.2200
309.6200
310.0200
310.4200
310.8400
311.2400
311.6400
312.0400
312.4400
312.8400
313.2400
313.6400
314.0400
314.4400
314.8400
315.2400
315.6400
316.0400
316.4400
316.8600
317.2400
317.6400
318.0400
318.4600
318.8600
319.2600
319.6600
320.0800
320.4600
320.8600
321.2600
321.6600
322.0800
322.4800
322.8800
323.2800
323.6800
324.0800
324.4800
324.8800
325.3000
325.7000
326.1000
326.4800
326.9000
327.3000
327.7000
328.1200
328.5200
328.9200
329.3400
329.7200
330.1200
330.5400
330.9400
331.3400
331.7600
332.1600
332.5800
332.9800
333.3800
333.7800
334.1800
334.6000
334.9800
335.4000
335.8000
336.2000
336.6000
336.9800
337.4000
337.8000
338.2000
338.6200
339.0400
339.4200
339.8200
340.2200
340.6400
341.0400
341.4400
341.8400
342.2600
342.6600
343.0800
343.4800
343.8800
344.2800
344.6800
345.0800
345.5000
345.9000
346.3000
346.7000
347.1000
347.4800
347.8800
