# Neural Ground Truth Downbeats (BeatNet CRNN + DBN)
# Track: Sultans Of Swing
0.7800
2.4200
4.0400
5.6400
7.2600
8.8600
10.4600
12.0800
13.6600
15.2800
16.8600
18.4800
20.0800
21.6800
23.2600
24.8800
26.4600
28.1200
29.7400
31.3200
32.9200
34.5400
36.1400
37.7800
39.3600
40.9800
42.6200
44.2400
45.8200
47.4400
49.0400
50.6600
52.2600
53.8600
55.4800
57.1000
58.7200
60.3200
61.9200
63.5400
65.1600
66.8000
68.4000
70.0200
71.6200
73.2400
74.8600
76.5000
78.1000
79.7400
81.3600
82.9600
84.5600
86.2000
87.8200
89.4200
91.0400
92.6200
94.2600
95.8800
97.4600
99.0800
100.7200
102.3400
103.9800
105.6000
107.2200
108.8400
110.4600
112.1000
113.7000
115.3400
117.0000
118.6200
120.2400
121.8800
123.5200
125.1400
126.7600
128.3800
130.0000
131.6400
133.2600
134.8600
136.5000
138.1400
139.7600
141.4000
143.0000
144.6400
146.2400
147.8800
149.4800
151.1200
152.7200
154.3600
156.0000
157.6200
159.2400
160.8400
162.5000
164.1400
165.7600
167.3800
169.0200
170.6400
172.2400
173.8600
175.4800
177.1400
178.7600
180.3600
181.9800
183.6000
185.2400
186.8600
188.4600
190.1200
191.7200
193.3600
194.9800
196.6000
198.2200
199.8400
201.4800
203.1000
204.7200
206.3600
207.9600
209.6000
211.2200
212.8400
214.4800
216.1000
217.7000
219.3000
220.9400
222.5800
224.2000
225.8200
227.4400
229.0800
230.7000
232.3200
233.9400
235.5600
237.1800
238.8200
240.4200
242.0400
243.6600
245.2800
246.9200
248.5400
250.1400
251.7800
253.4000
255.0400
256.6400
258.2600
259.8600
261.4800
263.0800
264.7200
266.3000
267.9400
269.5800
271.2000
272.8000
274.4200
276.0200
277.6400
279.2600
280.9000
282.5000
284.1400
285.7400
287.3400
288.9600
290.5800
292.2000
293.8200
295.4200
297.0400
298.6400
300.2800
301.9200
303.5400
305.1800
306.8000
308.4200
310.0200
311.6400
313.2400
314.8400
316.4400
318.0400
319.6600
321.2600
322.8800
324.4800
326.1000
327.7000
329.3400
330.9400
332.5800
334.1800
335.8000
337.4000
339.0400
340.6400
342.2600
343.8800
345.5000
347.1000
