# Neural Ground Truth Beats (BeatNet CRNN + DBN)
# Track: Sweet Child O' Mine
# Duration: 354.54s, Estimated BPM: 125.0
# Total Beats: 741, Downbeats: 186
0.5400
0.9800
1.4400
1.9000
2.3800
2.8600
3.3200
3.8200
4.2600
4.7200
5.1800
5.6800
6.1600
6.6400
7.0800
7.5600
8.0200
8.4800
8.9400
9.4200
9.9000
10.3800
10.8600
11.3400
11.8200
12.3200
12.7800
13.2800
13.7600
14.2200
14.7000
15.1400
15.6200
16.1000
16.5800
17.0600
17.5200
18.0000
18.4800
18.9800
19.5000
19.9800
20.4600
20.9200
21.4200
21.8800
22.3800
22.8400
23.2800
23.7600
24.2600
24.7400
25.2000
25.7000
26.1800
26.6400
27.0800
27.5600
28.0600
28.5400
29.0000
29.5000
29.9800
30.4400
30.9200
31.4000
31.8800
32.3600
32.8400
33.3200
33.8000
34.2600
34.7200
35.2000
35.6800
36.1600
36.6600
37.1400
37.6200
38.1000
38.5800
39.0600
39.5200
40.0200
40.4800
40.9600
41.4400
41.9400
42.4200
42.9000
43.3800
43.8600
44.3600
44.8400
45.3000
45.7800
46.2600
46.7400
47.2400
47.7000
48.1800
48.6600
49.1400
49.6000
50.0800
50.5600
51.0200
51.5200
52.0000
52.4600
52.9200
53.4000
53.8800
54.3600
54.8200
55.3000
55.7600
56.2200
56.7200
57.1800
57.6600
58.1000
58.6000
59.0800
59.5600
60.0400
60.4800
60.9800
61.4600
61.9400
62.4200
62.9000
63.3600
63.8200
64.3000
64.7800
65.2600
65.7200
66.2000
66.7000
67.1600
67.6400
68.1000
68.5600
69.0400
69.5200
70.0000
70.4600
70.9200
71.4000
71.8600
72.3400
72.8200
73.2800
73.7600
74.2400
74.7000
75.1800
75.6400
76.1200
76.6000
77.0800
77.5600
78.0000
78.5000
78.9600
79.4600
79.9200
80.4000
80.9000
81.3800
81.8600
82.3400
82.8200
83.3200
83.8000
84.2800
84.7400
85.2400
85.7200
86.2000
86.6600
87.1600
87.6200
88.1000
88.5800
89.0800
89.5600
90.0400
90.5200
91.0000
91.4800
91.9600
92.4400
92.9200
93.4200
93.9200
94.4000
94.8800
95.3800
95.8600
96.3400
96.8200
97.3200
97.8200
98.3000
98.7800
99.2600
99.7400
100.2200
100.6800
101.1800
101.6600
102.1200
102.6000
103.1000
103.5800
104.0600
104.5400
105.0400
105.5200
106.0000
106.4800
106.9600
107.4400
107.9400
108.4400
108.9200
109.4000
109.8800
110.3600
110.8400
111.3200
111.7800
112.2800
112.7600
113.2400
113.7000
114.1800
114.6800
115.1600
115.6400
116.1200
116.6000
117.0800
117.5600
118.0400
118.5000
118.9800
119.4400
119.9200
120.4200
120.8800
121.3800
121.8400
122.3200
122.8000
123.3000
123.7800
124.2600
124.7400
125.2000
125.6800
126.1800
126.6600
127.1200
127.6000
128.0800
128.5600
129.0400
129.5200
129.9800
130.4400
130.9400
131.4200
131.8800
132.3600
132.8200
133.3000
133.7600
134.2400
134.7200
135.1800
135.6600
136.1400
136.6000
137.0800
137.5400
138.0200
138.5000
139.0000
139.4600
139.9600
140.4400
140.9200
141.4000
141.8800
142.3800
142.8800
143.3600
143.8600
144.3200
144.8000
145.2800
145.7800
146.2400
146.7400
147.2200
147.7200
148.1800
148.6800
149.1400
149.6200
150.1200
150.6000
151.0800
151.5600
152.0400
152.5000
153.0000
153.4600
153.9400
154.4200
154.9200
155.4200
155.9000
156.3800
156.8600
157.3600
157.8600
158.3400
158.8200
159.3200
159.7800
160.2600
160.7600
161.2400
161.7400
162.2200
162.7000
163.2000
163.6600
164.1600
164.6400
165.1200
165.6000
166.0800
166.5600
167.0400
167.5200
167.9800
168.4600
168.9400
169.4200
169.9000
170.4200
170.9000
171.3800
171.8600
172.3600
172.8400
173.3000
173.8200
174.3000
174.7800
175.2400
175.7400
176.2200
176.7000
177.1800
177.6600
178.1400
178.6200
179.1000
179.5800
180.0600
180.5600
181.0400
181.5200
182.0000
182.4800
182.9600
183.4200
183.9000
184.3800
184.8600
185.3400
185.8200
186.3000
186.7600
187.2400
187.7200
188.2000
188.7000
189.1800
189.6800
190.1600
190.6400
191.1200
191.6000
192.0600
192.5400
193.0400
193.5400
194.0200
194.5000
194.9600
195.4400
195.9400
196.4400
196.9400
197.4200
197.9000
198.3800
198.8600
199.3400
199.8200
200.3000
200.8000
201.2800
201.7800
202.2600
202.7200
203.2200
203.7200
204.2000
204.7000
205.1800
205.6600
206.1600
206.6200
207.1200
207.6000
208.0800
208.5800
209.0400
209.5400
210.0000
210.5000
210.9800
211.4600
211.9600
212.4400
212.9200
213.4000
213.9000
214.3800
214.8400
215.3200
215.8000
216.3000
216.7800
217.2600
217.7400
218.2400
218.7200
219.2000
219.6800
220.1600
220.6400
221.1200
221.5800
222.0800
222.5600
223.0400
223.5200
224.0200
224.4800
224.9600
225.4400
225.9400
226.4200
226.9000
227.3800
227.8600
228.3400
228.8200
229.3000
229.8200
230.2800
230.7600
231.2600
231.7400
232.2000
232.7000
233.1800
233.6600
234.1200
234.6200
235.1000
235.5800
236.0600
236.5400
237.0400
237.5200
237.9800
238.4600
238.9600
239.4400
239.9200
240.3800
240.8600
241.3600
241.8400
242.3200
242.7800
243.2800
243.7600
244.2200
244.7000
245.1800
245.6600
246.1400
246.6000
247.1000
247.5800
248.0600
248.5600
249.0600
249.5200
250.0000
250.4800
251.0000
251.4800
251.9400
252.4400
252.9200
253.4000
253.8800
254.3600
254.8200
255.3200
255.8000
256.2800
256.7800
257.2600
257.7400
258.2000
258.7000
259.1800
259.6600
260.1400
260.6200
261.1000
261.5600
262.0400
262.5000
263.0000
263.4600
263.9400
264.4200
264.9000
265.3800
265.8600
266.3600
266.8400
267.3000
267.7800
268.2800
268.7400
269.2000
269.6800
270.1400
270.6200
271.1000
271.5800
272.0800
272.5400
273.0200
273.5200
274.0000
274.4800
274.9400
275.4200
275.9000
276.3800
276.8600
277.3400
277.8000
278.2800
278.7400
279.2200
279.7200
280.1800
280.6400
281.1000
281.6000
282.0400
282.5000
282.9600
283.4200
283.8800
284.3400
284.8000
285.2800
285.7400
286.2000
286.6800
287.1400
287.6200
288.0800
288.5200
289.0000
289.4600
289.9200
290.4000
290.8800
291.3200
291.7800
292.2600
292.7200
293.1800
293.6400
294.1000
294.5600
295.0400
295.5000
296.0000
296.4600
296.9200
297.3800
297.8600
298.3400
298.8000
299.2600
299.7200
300.2000
300.6600
301.1200
301.5800
302.0600
302.5400
303.0000
303.4600
303.9400
304.4000
304.8600
305.3600
305.8400
306.3000
306.7800
307.2200
307.6800
308.1400
308.6400
309.1000
309.6000
310.0400
310.5000
311.0000
311.4800
311.9400
312.4200
312.8800
313.3600
313.8400
314.3000
314.7800
315.2600
315.7400
316.2000
316.6600
317.1200
317.6000
318.0800
318.5400
319.0400
319.4800
319.9400
320.4200
320.9200
321.3600
321.8200
322.3000
322.7400
323.2400
323.7000
324.1600
324.6200
325.0800
325.5600
326.0400
326.5200
326.9600
327.4200
327.8800
328.3600
328.8200
329.3000
329.7800
330.2400
330.7400
331.2200
331.6800
332.1800
332.6200
333.1000
333.5400
334.0000
334.4800
334.9800
335.4600
335.9400
336.4000
336.8800
337.3600
337.8200
338.3000
338.7600
339.2200
339.6800
340.1400
340.5800
341.0600
341.4800
341.9200
342.3800
342.8200
343.2400
343.7000
344.1200
344.5800
345.0000
345.4400
345.9000
346.3400
346.7800
347.2200
347.6400
348.0800
348.5200
348.9600
349.4200
349.8400
350.2800
350.7400
351.1600
351.6000
352.0400
352.5000
352.9200
