# Neural Ground Truth Downbeats (BeatNet CRNN + DBN)
# Track: Sweet Child O' Mine
0.5400
2.3800
4.2600
6.1600
8.0200
9.9000
11.8200
13.7600
15.6200
17.5200
19.5000
21.4200
23.2800
25.2000
27.0800
29.0000
30.9200
32.8400
34.7200
36.6600
38.5800
40.4800
42.4200
44.3600
46.2600
48.1800
50.0800
52.0000
53.8800
55.7600
57.6600
59.5600
61.4600
63.3600
65.2600
67.1600
69.0400
70.9200
72.8200
74.7000
76.6000
78.5000
80.4000
82.3400
84.2800
86.2000
88.1000
90.0400
91.9600
93.9200
95.8600
97.8200
99.7400
101.6600
103.5800
105.5200
107.4400
109.4000
111.3200
113.2400
115.1600
117.0800
118.9800
120.8800
122.8000
124.7400
126.6600
128.5600
130.4400
132.3600
134.2400
136.1400
138.0200
139.9600
141.8800
143.8600
145.7800
147.7200
149.6200
151.5600
153.4600
155.4200
157.3600
159.3200
161.2400
163.2000
165.1200
167.0400
168.9400
170.9000
172.8400
174.7800
176.7000
178.6200
180.5600
182.4800
184.3800
186.3000
188.2000
190.1600
192.0600
194.0200
195.9400
197.9000
199.8200
201.7800
203.7200
205.6600
207.6000
209.5400
211.4600
213.4000
215.3200
217.2600
219.2000
221.1200
223.0400
224.9600
226.9000
228.8200
230.7600
232.7000
234.6200
236.5400
238.4600
240.3800
242.3200
244.2200
246.1400
248.0600
250.0000
251.9400
253.8800
255.8000
257.7400
259.6600
261.5600
263.4600
265.3800
267.3000
269.2000
271.1000
273.0200
274.9400
276.8600
278.7400
280.6400
282.5000
284.3400
286.2000
288.0800
289.9200
291.7800
293.6400
295.5000
297.3800
299.2600
301.1200
303.0000
304.8600
306.7800
308.6400
310.5000
312.4200
314.3000
316.2000
318.0800
319.9400
321.8200
323.7000
325.5600
327.4200
329.3000
331.2200
333.1000
334.9800
336.8800
338.7600
340.5800
342.3800
344.1200
345.9000
347.6400
349.4200
351.1600
352.9200
