# Neural Ground Truth Beats (BeatNet CRNN + DBN)
# Track: Tears Dry On Their Own
# Duration: 185.19s, Estimated BPM: 120.0
# Total Beats: 374, Downbeats: 94
0.1600
0.6600
1.1400
1.6200
2.1000
2.6200
3.1000
3.6200
4.1200
4.6200
5.1000
5.5800
6.0600
6.5600
7.0800
7.5800
8.0800
8.5800
9.0600
9.5400
10.0400
10.4800
10.8800
11.3000
11.7800
12.2600
12.7600
13.2400
13.7600
14.2400
14.7200
15.2000
15.7000
16.1800
16.7000
17.1800
17.7000
18.2000
18.7800
19.3200
19.9000
20.4000
20.9000
21.4000
21.9000
22.4000
22.8800
23.3800
23.8800
24.3400
24.8400
25.3200
25.8000
26.3200
26.8200
27.3200
27.8000
28.3000
28.8000
29.2800
29.7600
30.2600
30.7200
31.2400
31.7400
32.2400
32.7400
33.2400
33.7400
34.2400
34.7400
35.2200
35.7000
36.1800
36.6800
37.1800
37.6800
38.1600
38.6600
39.1600
39.6800
40.1800
40.6600
41.1400
41.6400
42.1400
42.6400
43.1200
43.6200
44.1000
44.6000
45.0800
45.5800
46.0800
46.5800
47.0600
47.5600
48.0600
48.5600
49.0400
49.5400
50.0400
50.5200
51.0000
51.5000
51.9800
52.4800
52.9800
53.5000
54.0000
54.5000
55.0000
55.4800
55.9800
56.4600
56.9400
57.4200
57.9200
58.4000
58.9000
59.4000
59.9000
60.4200
60.9000
61.4000
61.9200
62.4000
62.9000
63.4000
63.8800
64.3600
64.8600
65.3400
65.8000
66.2800
66.8000
67.2800
67.8000
68.3000
68.7800
69.2400
69.6800
70.1000
70.5400
70.9800
71.4800
72.0000
72.5800
73.1200
73.7000
74.2000
74.7200
75.2200
75.7200
76.2200
76.7000
77.2000
77.7000
78.2000
78.6800
79.1600
79.6400
80.1200
80.6000
81.1000
81.6000
82.1200
82.6000
83.1200
83.6000
84.1200
84.6000
85.1000
85.5800
86.0800
86.5600
87.0600
87.5600
88.0600
88.5400
89.0400
89.5600
90.0400
90.5200
91.0200
91.5200
92.0200
92.4800
93.0000
93.5000
94.0000
94.4800
94.9600
95.4600
95.9400
96.4200
96.9200
97.4200
97.9200
98.4200
98.9000
99.4000
99.9000
100.4000
100.9000
101.3800
101.8800
102.3800
102.8800
103.3800
103.8800
104.3800
104.8600
105.3600
105.8400
106.3400
106.8400
107.3400
107.8200
108.3000
108.8000
109.3200
109.8000
110.2800
110.7600
111.2400
111.7400
112.2400
112.7400
113.2600
113.7400
114.2200
114.7400
115.2400
115.7200
116.2200
116.7200
117.2000
117.6800
118.1800
118.6400
119.1400
119.6400
120.1400
120.6200
121.1200
121.6400
122.1400
122.6400
123.1000
123.6000
124.1000
124.6000
125.1200
125.6000
126.1200
126.6000
127.0800
127.5800
128.0600
128.5200
129.0000
129.5200
130.0200
130.5000
131.0200
131.5200
131.9800
132.5000
132.9800
133.4800
134.0000
134.4600
134.9400
135.4200
135.9200
136.4400
136.9200
137.4400
137.9400
138.4200
138.9200
139.4200
139.9200
140.4200
140.9000
141.4000
141.8800
142.3600
142.8400
143.3600
143.8400
144.3600
144.8600
145.3600
145.8600
146.3400
146.8200
147.3200
147.8200
148.3200
148.8400
149.3200
149.7800
150.2600
150.7600
151.2400
151.7200
152.2400
152.7200
153.2400
153.7400
154.2200
154.7200
155.2200
155.7000
156.2000
156.6800
157.1600
157.6600
158.1600
158.6600
159.1600
159.6400
160.1400
160.6400
161.1600
161.6600
162.1400
162.6200
163.1200
163.6000
164.1000
164.6200
165.1000
165.6000
166.0800
166.5600
167.0400
167.5400
168.0400
168.5200
169.0400
169.5400
170.0400
170.5200
171.0200
171.5000
172.0000
172.5000
173.0000
173.4800
173.9800
174.4800
174.9800
175.4800
175.9600
176.4600
176.9400
177.4400
177.9200
178.4200
178.9200
179.4000
179.9000
180.4000
180.9000
181.4000
181.9000
182.4000
182.9400
183.4600
183.9600
184.5000
