# Neural Ground Truth Downbeats (BeatNet CRNN + DBN)
# Track: Tears Dry On Their Own
0.6600
2.6200
4.6200
6.5600
8.5800
10.4800
12.2600
14.2400
16.1800
18.2000
20.4000
22.4000
24.3400
26.3200
28.3000
30.2600
32.2400
34.2400
36.1800
38.1600
40.1800
42.1400
44.1000
46.0800
48.0600
50.0400
51.9800
54.0000
55.9800
57.9200
59.9000
61.9200
63.8800
65.8000
67.8000
69.6800
71.4800
73.7000
75.7200
77.7000
79.6400
81.6000
83.6000
85.5800
87.5600
89.5600
91.5200
93.5000
95.4600
97.4200
99.4000
101.3800
103.3800
105.3600
107.3400
109.3200
111.2400
113.2600
115.2400
117.2000
119.1400
121.1200
123.1000
125.1200
127.0800
129.0000
131.0200
132.9800
134.9400
136.9200
138.9200
140.9000
142.8400
144.8600
146.8200
148.8400
150.7600
152.7200
154.7200
156.6800
158.6600
160.6400
162.6200
164.6200
166.5600
168.5200
170.5200
172.5000
174.4800
176.4600
178.4200
180.4000
182.4000
184.5000
