# Neural Ground Truth Beats (BeatNet CRNN + DBN)
# Track: Ticket To Ride - Remastered 2015
# Duration: 190.12s, Estimated BPM: 61.2
# Total Beats: 195, Downbeats: 97
0.5000
1.4000
2.3200
3.2600
4.1600
5.1000
6.0200
6.9600
7.9600
8.9000
9.8800
10.9000
11.8200
12.8000
13.7200
14.6800
15.6400
16.6000
17.5400
18.5600
19.5200
20.5200
21.4600
22.4600
23.3800
24.3200
25.2400
26.1200
27.1600
28.1400
29.1200
30.1000
31.0200
31.9800
32.9000
33.8800
34.8800
35.8200
36.8200
37.7400
38.7400
39.7000
40.6200
41.6200
42.5600
43.5400
44.4600
45.4400
46.4200
47.3800
48.3400
49.3200
50.2800
51.2000
52.2200
53.1400
54.1600
55.1200
56.1000
57.0600
57.9800
58.9400
59.9000
60.8800
61.8400
62.8200
63.8400
64.8200
65.8200
66.7800
67.7800
68.7200
69.7000
70.6600
71.5800
72.5200
73.5000
74.5200
75.4600
76.4800
77.4000
78.3800
79.3000
80.2200
81.1600
82.1400
83.0800
84.0400
84.9600
85.9400
86.9400
87.9400
89.0000
89.9800
90.9800
92.0000
92.9800
93.9600
94.9600
95.9400
96.9000
97.9200
98.9400
99.9000
100.9000
101.8600
102.8400
103.8600
104.8400
105.8400
106.8200
107.8200
108.7800
109.7800
110.7400
111.7600
112.7000
113.7200
114.6600
115.6800
116.6800
117.6400
118.6600
119.6200
120.6000
121.5600
122.5600
123.4600
124.3400
125.2200
126.1400
127.0200
127.9800
128.9200
129.8400
130.8400
131.8200
132.7800
133.8400
134.9600
136.0000
137.0800
138.0600
139.0800
140.0600
141.0600
142.0400
143.0600
144.0200
145.0000
145.9800
146.9800
147.9800
148.9000
149.9200
150.9000
151.8600
152.8200
153.8200
154.8200
155.8200
156.7800
157.7200
158.7200
159.7600
160.7400
161.7000
162.6600
163.6800
164.6400
165.6200
166.5800
167.5600
168.5200
169.4800
170.4400
171.3200
172.1800
173.0800
173.9200
174.8400
175.8600
176.7800
177.7600
178.8000
179.7600
180.8200
181.7600
182.7600
183.7600
184.8200
185.8200
186.8000
187.7800
188.7800
