# Neural Ground Truth Downbeats (BeatNet CRNN + DBN)
# Track: Ticket To Ride - Remastered 2015
1.4000
3.2600
5.1000
6.9600
8.9000
10.9000
12.8000
14.6800
16.6000
18.5600
20.5200
22.4600
24.3200
26.1200
28.1400
30.1000
31.9800
33.8800
35.8200
37.7400
39.7000
41.6200
43.5400
45.4400
47.3800
49.3200
51.2000
53.1400
55.1200
57.0600
58.9400
60.8800
62.8200
64.8200
66.7800
68.7200
70.6600
72.5200
74.5200
76.4800
78.3800
80.2200
82.1400
84.0400
85.9400
87.9400
89.9800
92.0000
93.9600
95.9400
97.9200
99.9000
101.8600
103.8600
105.8400
107.8200
109.7800
111.7600
113.7200
115.6800
117.6400
119.6200
121.5600
123.4600
125.2200
127.0200
128.9200
130.8400
132.7800
134.9600
137.0800
139.0800
141.0600
143.0600
145.0000
146.9800
148.9000
150.9000
152.8200
154.8200
156.7800
158.7200
160.7400
162.6600
164.6400
166.5800
168.5200
170.4400
172.1800
173.9200
175.8600
177.7600
179.7600
181.7600
183.7600
185.8200
187.7800
