# Neural Ground Truth Beats (BeatNet CRNN + DBN)
# Track: Time - 2013 Remaster
# Duration: 315.86s, Estimated BPM: 75.0
# Total Beats: 422, Downbeats: 106
0.1400
0.5800
1.0600
1.5000
1.9600
2.4000
2.8400
3.2800
3.7000
4.1000
4.5400
4.9600
5.4000
5.8400
6.2800
6.7000
7.1200
7.5400
7.9400
8.3800
8.7800
9.2000
9.6400
10.0400
10.4600
10.9000
11.3000
11.7200
12.1400
12.5800
13.0000
13.4400
13.8800
14.3200
14.7400
15.1600
15.5800
16.0000
16.4200
16.8200
17.2400
17.6600
18.0600
18.4800
18.8800
19.2800
19.7000
20.1200
20.5200
20.9400
21.3600
21.7800
22.1800
22.6000
22.9800
23.4200
23.8200
24.2600
24.6800
25.1000
25.5200
26.0200
26.5800
27.1400
27.7400
28.3200
28.9000
29.4600
30.0600
30.6400
31.2400
31.8400
32.5200
33.1400
33.9600
34.8200
35.6800
36.5200
37.3600
38.2200
39.0600
39.9200
40.8000
41.6200
42.4600
43.3400
44.1400
44.9600
45.7800
46.6000
47.4600
48.2800
49.1200
49.9200
50.7600
51.5600
52.4200
53.2000
54.0400
54.8800
55.7200
56.5200
57.3800
58.2000
59.0200
59.8400
60.6400
61.4800
62.3000
63.1200
63.9400
64.7600
65.5600
66.4000
67.2200
68.0400
68.8800
69.6800
70.5200
71.3400
72.1600
72.9800
73.8000
74.6400
75.4800
76.3000
77.1200
77.9400
78.8000
79.6000
80.4400
81.3000
82.1200
82.9400
83.8000
84.6200
85.4600
86.2400
87.0800
87.9000
88.7200
89.5200
90.3400
91.1800
92.0000
92.8200
93.6600
94.4600
95.3000
96.1000
96.8800
97.4400
97.9600
98.5200
99.0600
99.5800
100.1800
100.9600
101.7800
102.6000
103.4200
104.2200
105.0600
105.8400
106.6600
107.4400
108.2400
109.0400
109.8400
110.6200
111.4600
112.2400
113.0400
113.8200
114.6200
115.3800
116.2200
117.0200
117.7600
118.5400
119.3400
120.0800
120.8400
121.6000
122.4600
123.3000
124.1400
124.9600
125.8000
126.6600
127.4600
128.3200
129.1400
129.9800
130.8000
131.5400
132.3400
133.1400
133.8800
134.7000
135.4600
136.3000
137.1600
137.9800
138.8000
139.6400
140.4800
141.3000
142.1200
142.9400
143.7600
144.5800
145.3800
146.1800
147.0000
147.8400
148.6600
149.4800
150.3000
151.1200
151.9000
152.7200
153.5400
154.3400
155.1800
155.9600
156.7800
157.6000
158.4200
159.2200
160.0200
160.8000
161.6000
162.4000
163.2400
164.0400
164.8600
165.6200
166.4400
167.2800
168.1000
168.8800
169.6800
170.5200
171.3000
172.0800
172.9000
173.7200
174.4800
175.3200
176.1200
176.9400
177.7800
178.5600
179.3600
180.1800
181.0000
181.7400
182.5600
183.3600
184.1800
184.9600
185.7600
186.6000
187.4000
188.2200
189.0200
189.8400
190.6400
191.4400
192.2600
193.0600
193.8400
194.6600
195.4600
196.2600
197.0800
197.9000
198.7000
199.5200
200.3200
201.1400
201.9800
202.8000
203.6200
204.4000
205.2000
206.0400
206.8600
207.6800
208.5200
209.3200
210.1400
210.9600
211.8000
212.5800
213.4200
214.2000
214.9800
215.8000
216.6000
217.4000
218.2200
219.0000
219.8600
220.6400
221.5000
222.3000
223.1000
223.9000
224.7400
225.5200
226.3000
227.1600
227.9600
228.8000
229.6200
230.4200
231.2600
232.0400
232.9000
233.6600
234.4600
235.2800
236.1000
236.9000
237.7200
238.5400
239.3400
240.1400
240.9400
241.7400
242.5000
243.3000
244.1000
244.9200
245.7200
246.4800
247.2800
248.0400
248.8200
249.6000
250.4000
251.1800
251.9600
252.7200
253.5000
254.2800
255.0200
255.8200
256.6000
257.3600
258.1200
258.8800
259.6600
260.4600
261.2200
262.0000
262.7800
263.5600
264.3400
265.1000
265.8800
266.6400
267.4000
268.1400
268.9400
269.7000
270.4800
271.2400
272.0200
272.8000
273.5800
274.3600
275.1400
275.9000
276.6800
277.4600
278.2200
278.9800
279.7600
280.5000
281.2600
282.0400
282.8000
283.5200
284.2800
285.0600
285.8200
286.5800
287.3800
288.1400
288.9200
289.6800
290.4600
291.2000
291.9600
292.7400
293.5400
294.3000
295.0600
295.8000
296.6200
297.3800
298.1600
298.9000
299.6600
300.4200
301.1800
301.9800
302.7000
303.4800
304.2800
305.0800
305.8200
306.6000
307.4000
308.1800
308.9800
309.7600
310.5400
311.2800
