# Neural Ground Truth Downbeats (BeatNet CRNN + DBN)
# Track: Time - 2013 Remaster
0.1400
1.9600
3.7000
5.4000
7.1200
8.7800
10.4600
12.1400
13.8800
15.5800
17.2400
18.8800
20.5200
22.1800
23.8200
25.5200
27.7400
30.0600
32.5200
35.6800
39.0600
42.4600
45.7800
49.1200
52.4200
55.7200
59.0200
62.3000
65.5600
68.8800
72.1600
75.4800
78.8000
82.1200
85.4600
88.7200
92.0000
95.3000
97.9600
100.1800
103.4200
106.6600
109.8400
113.0400
116.2200
119.3400
122.4600
125.8000
129.1400
132.3400
135.4600
138.8000
142.1200
145.3800
148.6600
151.9000
155.1800
158.4200
161.6000
164.8600
168.1000
171.3000
174.4800
177.7800
181.0000
184.1800
187.4000
190.6400
193.8400
197.0800
200.3200
203.6200
206.8600
210.1400
213.4200
216.6000
219.8600
223.1000
226.3000
229.6200
232.9000
236.1000
239.3400
242.5000
245.7200
248.8200
251.9600
255.0200
258.1200
261.2200
264.3400
267.4000
270.4800
273.5800
276.6800
279.7600
282.8000
285.8200
288.9200
291.9600
295.0600
298.1600
301.1800
304.2800
307.4000
310.5400
