# Neural Ground Truth Downbeats (BeatNet CRNN + DBN)
# Track: Tous les cris les S.O.S_
1.5800
3.0400
4.4800
5.9200
7.3600
8.7400
10.1000
11.4600
12.8200
14.1800
15.5600
16.9200
18.2800
19.6400
21.0000
22.3800
23.7200
25.0800
26.4600
27.8200
29.1600
30.5200
31.9000
33.2600
34.6200
35.9800
37.3400
38.7200
40.0600
41.4400
42.7800
44.1600
45.5000
46.8800
48.2400
49.6000
50.9600
52.3200
53.6800
55.0600
56.4000
57.7800
59.1400
60.4800
61.8600
63.9000
66.5800
69.3600
72.0800
74.7800
77.5200
80.2600
82.9800
85.6800
88.4000
91.1400
93.8600
96.5600
99.3000
102.0000
104.7600
107.4800
110.2000
112.9200
115.6400
118.3800
121.0800
123.8200
126.5600
129.2800
131.9800
134.7200
137.4000
140.1400
142.8400
145.5800
148.3200
151.0400
153.7200
156.4800
159.1800
161.9600
164.6200
167.3600
170.1200
172.8400
175.5600
178.2600
181.0200
183.7200
186.4400
189.1800
191.9000
194.6400
197.3200
200.0800
202.8200
205.5400
208.2200
210.9400
213.6800
216.3600
219.1200
221.8400
224.5400
227.2800
229.9800
232.7200
235.4600
238.1800
240.9000
243.6000
246.3400
249.0600
251.8200
254.5000
257.2200
259.9600
262.6600
265.3800
268.1400
270.8600
273.5800
276.3000
279.0200
281.7200
284.4800
287.1800
289.9000
292.5800
295.4000
298.1000
300.8200
303.0000
305.1600
307.2400
