# Neural Ground Truth Beats (BeatNet CRNN + DBN)
# Track: Tous les cris les S.O.S_
# Duration: 307.88s, Estimated BPM: 90.9
# Total Beats: 543, Downbeats: 136
1.2400
1.5800
1.9400
2.3000
2.6600
3.0400
3.3800
3.7400
4.1200
4.4800
4.8200
5.2000
5.5600
5.9200
6.2600
6.6200
6.9800
7.3600
7.7200
8.0600
8.4000
8.7400
9.1000
9.4400
9.7600
10.1000
10.4400
10.7800
11.1200
11.4600
11.8000
12.1400
12.5000
12.8200
13.1600
13.5000
13.8400
14.1800
14.5400
14.9000
15.2200
15.5600
15.9000
16.2400
16.5800
16.9200
17.2800
17.6000
17.9400
18.2800
18.6200
18.9600
19.3200
19.6400
19.9800
20.3200
20.6600
21.0000
21.3400
21.7000
22.0200
22.3800
22.7200
23.0400
23.4000
23.7200
24.0600
24.4000
24.7600
25.0800
25.4200
25.7800
26.1000
26.4600
26.8000
27.1400
27.4800
27.8200
28.1600
28.5000
28.8400
29.1600
29.5000
29.8400
30.1800
30.5200
30.8800
31.2400
31.5600
31.9000
32.2400
32.5800
32.9200
33.2600
33.6000
33.9400
34.2800
34.6200
34.9600
35.3200
35.6600
35.9800
36.3400
36.6600
37.0000
37.3400
37.6800
38.0200
38.3600
38.7200
39.0600
39.3800
39.7200
40.0600
40.4200
40.7600
41.1000
41.4400
41.7800
42.1200
42.4400
42.7800
43.1200
43.4800
43.8000
44.1600
44.5000
44.8200
45.1600
45.5000
45.8400
46.1800
46.5200
46.8800
47.2400
47.5800
47.9200
48.2400
48.5800
48.9200
49.2600
49.6000
49.9400
50.2800
50.6200
50.9600
51.3000
51.6600
52.0000
52.3200
52.6800
53.0200
53.3400
53.6800
54.0200
54.3600
54.7000
55.0600
55.4000
55.7400
56.0600
56.4000
56.7400
57.1000
57.4200
57.7800
58.1200
58.4600
58.8000
59.1400
59.4600
59.8200
60.1400
60.4800
60.8200
61.1600
61.5200
61.8600
62.1800
62.6600
63.2200
63.9000
64.5400
65.2200
65.8600
66.5800
67.3000
67.9600
68.6800
69.3600
70.0200
70.7200
71.4000
72.0800
72.7400
73.4200
74.1000
74.7800
75.4600
76.1600
76.8000
77.5200
78.1800
78.8600
79.5200
80.2600
80.9200
81.6000
82.3000
82.9800
83.6400
84.3200
84.9800
85.6800
86.3800
87.0600
87.7400
88.4000
89.0800
89.8000
90.4600
91.1400
91.8000
92.4800
93.1800
93.8600
94.5400
95.2200
95.9000
96.5600
97.2600
97.9600
98.6400
99.3000
99.9800
100.6800
101.3600
102.0000
102.6800
103.3600
104.0400
104.7600
105.4400
106.1200
106.8000
107.4800
108.1400
108.8600
109.5000
110.2000
110.8600
111.5600
112.2400
112.9200
113.6000
114.2800
114.9800
115.6400
116.3200
117.0000
117.7000
118.3800
119.0600
119.7200
120.4000
121.0800
121.7600
122.4400
123.1400
123.8200
124.5000
125.2000
125.8600
126.5600
127.2200
127.9000
128.6000
129.2800
129.9400
130.6000
131.2800
131.9800
132.6600
133.3600
134.0200
134.7200
135.3800
136.0800
136.7400
137.4000
138.0800
138.7800
139.4600
140.1400
140.8400
141.5200
142.1600
142.8400
143.5200
144.2400
144.9000
145.5800
146.2400
146.9400
147.6000
148.3200
149.0000
149.6800
150.3400
151.0400
151.7200
152.4000
153.0600
153.7200
154.4400
155.1000
155.7800
156.4800
157.1400
157.8400
158.5200
159.1800
159.8600
160.5400
161.2200
161.9600
162.6200
163.2800
163.9600
164.6200
165.3200
166.0000
166.6800
167.3600
168.0600
168.7600
169.4400
170.1200
170.8000
171.4800
172.1800
172.8400
173.5200
174.2200
174.8800
175.5600
176.2200
176.9200
177.6200
178.2600
178.9600
179.6600
180.3200
181.0200
181.6800
182.3600
183.0400
183.7200
184.4000
185.1000
185.7800
186.4400
187.1200
187.8200
188.4600
189.1800
189.8600
190.5400
191.2200
191.9000
192.5800
193.2400
193.9400
194.6400
195.3000
195.9800
196.6800
197.3200
198.0200
198.6800
199.3600
200.0800
200.7400
201.4000
202.1000
202.8200
203.4800
204.1600
204.8600
205.5400
206.2000
206.8600
207.5400
208.2200
208.9000
209.6000
210.3000
210.9400
211.6400
212.3200
213.0200
213.6800
214.3200
215.0200
215.7000
216.3600
217.0800
217.7400
218.4000
219.1200
219.8000
220.4800
221.1400
221.8400
222.5200
223.2000
223.8800
224.5400
225.2400
225.9200
226.6000
227.2800
227.9800
228.6600
229.3200
229.9800
230.6600
231.3200
232.0000
232.7200
233.4200
234.0800
234.7600
235.4600
236.1400
236.8400
237.5000
238.1800
238.8600
239.5400
240.2000
240.9000
241.5800
242.2600
242.9200
243.6000
244.2400
244.9800
245.6400
246.3400
247.0200
247.7200
248.3800
249.0600
249.7400
250.4200
251.1000
251.8200
252.5000
253.1400
253.8400
254.5000
255.2000
255.9000
256.5600
257.2200
257.9200
258.6000
259.2800
259.9600
260.6400
261.3000
262.0000
262.6600
263.3800
264.0200
264.7200
265.3800
266.0800
266.7600
267.4600
268.1400
268.8400
269.5000
270.1800
270.8600
271.5400
272.2200
272.9000
273.5800
274.2800
274.9400
275.6200
276.3000
276.9800
277.6800
278.3400
279.0200
279.7200
280.4000
281.0400
281.7200
282.4200
283.1000
283.7800
284.4800
285.1600
285.8400
286.5200
287.1800
287.8800
288.5600
289.2400
289.9000
290.6000
291.2600
291.9000
292.5800
293.2600
293.9800
294.7000
295.4000
296.0800
296.7600
297.4200
298.1000
298.7800
299.4800
300.1600
300.8200
301.3600
301.9200
302.4600
303.0000
303.5600
304.0800
304.6400
305.1600
305.7000
306.2200
306.7400
307.2400
307.7800
