# Neural Ground Truth Downbeats (BeatNet CRNN + DBN)
# Track: Under Pressure - Remastered 2011
0.5200
2.6200
4.7200
6.8600
8.9400
11.0800
13.1400
15.2800
17.4000
19.4600
21.6000
23.7000
25.8200
27.8800
30.0000
32.1200
34.2600
36.3800
38.5000
40.6200
42.7400
44.8600
46.9800
49.0800
51.2000
53.3000
55.4200
57.5600
59.6800
61.8000
63.9000
66.0200
68.1200
70.2200
72.4000
74.5200
76.6000
78.7200
80.8400
82.9600
85.1000
87.2200
89.3600
91.4600
93.5400
95.6600
97.7400
99.8600
101.9600
104.0600
106.1800
108.3000
110.4200
112.5200
114.6600
116.7600
118.8600
121.0000
123.1000
125.2600
127.5000
129.6800
131.8600
134.0600
136.3600
138.4600
140.6000
142.7200
144.7600
146.8400
148.8600
150.8600
152.8600
154.9400
157.0000
159.0800
161.1600
163.2200
165.3200
167.4000
169.5200
171.6200
173.7600
175.8600
177.9800
180.0600
182.1400
184.2200
186.3000
188.3800
190.4600
192.5800
194.6600
196.7600
198.8400
200.9400
203.0200
205.1600
207.2200
209.3600
211.4800
213.6400
215.7200
217.8000
219.9000
222.0000
224.0600
226.1600
228.2400
230.3200
232.4000
234.4800
236.5400
238.6600
