# Neural Ground Truth Beats (BeatNet CRNN + DBN)
# Track: Under Pressure - Remastered 2011
# Duration: 248.45s, Estimated BPM: 115.4
# Total Beats: 455, Downbeats: 114
0.5200
1.0600
1.5800
2.0800
2.6200
3.1400
3.6600
4.2000
4.7200
5.2400
5.7600
6.3200
6.8600
7.3600
7.9000
8.4200
8.9400
9.4800
10.0200
10.5400
11.0800
11.6000
12.1200
12.6400
13.1400
13.7000
14.2200
14.7400
15.2800
15.8000
16.3000
16.8400
17.4000
17.9200
18.4400
18.9400
19.4600
20.0000
20.5400
21.0600
21.6000
22.1200
22.6400
23.1600
23.7000
24.2200
24.7400
25.2600
25.8200
26.3400
26.8600
27.3800
27.8800
28.4200
28.9200
29.4600
30.0000
30.5200
31.0800
31.6200
32.1200
32.6600
33.1800
33.7200
34.2600
34.7800
35.3400
35.8600
36.3800
36.9000
37.4200
37.9600
38.5000
39.0200
39.5600
40.0800
40.6200
41.1400
41.6800
42.2200
42.7400
43.2600
43.8000
44.3400
44.8600
45.3800
45.9000
46.4400
46.9800
47.5000
48.0400
48.5600
49.0800
49.6200
50.1400
50.6600
51.2000
51.7200
52.2600
52.7800
53.3000
53.8400
54.3600
54.8800
55.4200
55.9400
56.5000
57.0400
57.5600
58.1000
58.6000
59.1400
59.6800
60.2200
60.7600
61.2800
61.8000
62.3400
62.8600
63.3800
63.9000
64.4400
64.9600
65.5000
66.0200
66.5400
67.0600
67.5800
68.1200
68.6400
69.1800
69.7200
70.2200
70.7600
71.3000
71.8400
72.4000
72.9400
73.4600
74.0000
74.5200
75.0400
75.5800
76.1000
76.6000
77.1400
77.6800
78.2000
78.7200
79.2400
79.7600
80.2800
80.8400
81.3800
81.9000
82.4400
82.9600
83.5000
84.0400
84.5800
85.1000
85.6400
86.1800
86.7000
87.2200
87.7600
88.2800
88.8200
89.3600
89.9000
90.4200
90.9400
91.4600
92.0000
92.5200
93.0200
93.5400
94.0800
94.6200
95.1400
95.6600
96.1800
96.7000
97.2200
97.7400
98.2800
98.8000
99.3200
99.8600
100.3800
100.9000
101.4400
101.9600
102.5000
103.0200
103.5400
104.0600
104.6000
105.1200
105.6600
106.1800
106.7200
107.2600
107.7800
108.3000
108.8200
109.3600
109.8800
110.4200
110.9400
111.4600
111.9800
112.5200
113.0400
113.5600
114.1200
114.6600
115.1800
115.7000
116.2400
116.7600
117.2800
117.8000
118.3200
118.8600
119.4000
119.9200
120.4800
121.0000
121.5000
122.0200
122.5800
123.1000
123.6600
124.1800
124.7400
125.2600
125.8400
126.3800
126.9400
127.5000
128.0600
128.6000
129.1400
129.6800
130.2400
130.7600
131.3000
131.8600
132.3800
132.9200
133.4800
134.0600
134.6400
135.2400
135.8200
136.3600
136.8600
137.4000
137.9000
138.4600
139.0000
139.5400
140.0800
140.6000
141.1600
141.6600
142.1800
142.7200
143.2200
143.7000
144.2400
144.7600
145.2600
145.7800
146.3000
146.8400
147.3600
147.8400
148.3600
148.8600
149.3400
149.8600
150.3400
150.8600
151.3600
151.8600
152.3600
152.8600
153.3800
153.9000
154.4200
154.9400
155.4400
155.9600
156.4800
157.0000
157.5400
158.0600
158.5800
159.0800
159.6000
160.1200
160.6200
161.1600
161.6800
162.2000
162.7000
163.2200
163.7600
164.2600
164.7800
165.3200
165.8400
166.3600
166.8800
167.4000
167.9400
168.4600
169.0000
169.5200
170.0600
170.5800
171.1000
171.6200
172.1600
172.7000
173.2200
173.7600
174.2800
174.8200
175.3200
175.8600
176.3600
176.9200
177.4400
177.9800
178.5000
179.0200
179.5400
180.0600
180.5800
181.0800
181.6000
182.1400
182.6600
183.1600
183.6800
184.2200
184.7400
185.2600
185.7800
186.3000
186.8200
187.3200
187.8400
188.3800
188.9000
189.4400
189.9400
190.4600
191.0000
191.5200
192.0600
192.5800
193.1000
193.6200
194.1400
194.6600
195.2000
195.7200
196.2400
196.7600
197.2800
197.8000
198.3200
198.8400
199.3800
199.9000
200.4200
200.9400
201.4600
201.9600
202.5000
203.0200
203.5600
204.1000
204.6400
205.1600
205.6800
206.2000
206.7200
207.2200
207.7600
208.2800
208.8400
209.3600
209.8800
210.4000
210.9600
211.4800
212.0400
212.5800
213.1000
213.6400
214.1600
214.7000
215.2200
215.7200
216.2600
216.7800
217.2800
217.8000
218.3400
218.8800
219.3800
219.9000
220.4400
220.9600
221.4800
222.0000
222.5200
223.0400
223.5400
224.0600
224.6000
225.1200
225.6400
226.1600
226.6600
227.2000
227.7000
228.2400
228.7400
229.2800
229.7800
230.3200
230.8200
231.3600
231.8800
232.4000
232.9000
233.4400
233.9400
234.4800
234.9800
235.5000
236.0200
236.5400
237.0800
237.5800
238.1200
238.6600
239.2000
239.7400
