# Neural Ground Truth Downbeats (BeatNet CRNN + DBN)
# Track: Walking On The Moon
1.4600
3.1600
4.8200
6.4800
8.1600
9.8000
11.4600
13.1200
14.7600
16.4200
18.0600
19.7400
21.3800
23.0200
24.6800
26.3800
28.0200
29.6600
31.2800
32.9400
34.5800
36.2200
37.8600
39.5000
41.1400
42.7800
44.4000
46.0200
47.6400
49.2600
50.9000
52.5200
54.1400
55.8000
57.4400
59.1000
60.7200
62.3800
64.0600
65.6600
67.3000
68.9400
70.5600
72.2400
73.8600
75.4800
77.1400
78.7400
80.3400
82.0000
83.6000
85.2600
86.8800
88.5400
90.1600
91.8000
93.4600
95.1000
96.7400
98.4000
100.0600
101.7200
103.4000
105.0600
106.7200
108.3600
110.0400
111.7000
113.3600
115.0000
116.6600
118.3000
119.9600
121.6000
123.2600
124.9200
126.5800
128.2600
129.9400
131.5800
133.1800
134.8600
136.5000
138.1200
139.7400
141.3600
143.0000
144.6200
146.2400
147.8800
149.5200
151.1400
152.7800
154.4000
156.0200
157.6400
159.2400
160.9000
162.5600
164.1800
165.8200
167.4600
169.1000
170.7800
172.4400
174.0800
175.7000
177.3600
179.0000
180.6600
182.2800
183.9200
185.5800
187.2200
188.8600
190.5000
192.1200
193.7800
195.4000
197.1400
199.0000
200.8200
202.6600
204.7400
206.9200
209.0600
211.2600
213.4600
215.6800
217.9000
220.1200
222.2800
224.4800
226.6400
228.8400
231.0400
233.2000
235.1000
236.7400
238.3800
240.0200
241.6400
243.2800
244.9000
246.5600
248.1600
249.8000
251.4400
253.0600
254.7000
256.3200
257.9600
259.5800
261.2400
262.9000
264.5200
266.1600
267.8200
269.4600
271.0800
272.7400
274.3800
276.0000
277.6000
279.2400
280.8600
282.5000
284.1000
285.7200
287.3200
288.9400
290.5600
292.1800
293.7800
295.4000
297.0600
