# Neural Ground Truth Downbeats (BeatNet CRNN + DBN)
# Track: Walk Of Life
0.2400
1.7000
3.1400
4.5600
6.0000
7.3600
8.7200
10.0800
11.5200
12.9400
14.3800
15.8200
17.2800
18.6600
20.1000
21.5200
22.9600
24.4200
25.8600
27.2800
28.7400
30.2000
31.6400
33.0800
34.5200
35.9400
37.3600
38.7400
40.1200
41.5200
42.9200
44.3400
46.4000
47.8200
49.2000
50.6000
51.9800
53.4000
54.7600
56.1600
57.5200
58.9200
60.3200
61.7000
63.1000
64.4800
65.9000
67.3000
68.6600
70.0800
71.4800
72.8800
74.2600
75.6600
77.0600
78.5000
79.8600
81.2800
82.6600
84.0600
85.4400
86.8400
88.2200
89.6200
90.9600
92.4000
93.7800
95.1800
96.5800
97.9800
99.3600
100.7400
102.1000
103.5400
104.9000
106.2800
107.6600
109.0600
110.4400
111.8200
113.1800
114.5800
115.9800
117.3800
118.7600
120.1600
121.5600
123.0200
124.4000
125.8000
127.2000
128.5600
129.9400
131.3400
132.7600
134.1600
135.5200
136.9400
138.3200
139.7200
141.1200
142.5200
143.9000
145.3000
146.6400
148.0400
149.4000
150.7800
152.1600
153.5400
154.9400
156.3400
157.7000
159.1000
160.5000
161.8800
163.2800
164.6800
166.0600
167.4400
168.8200
170.2200
171.6200
173.0200
174.4000
175.8000
177.1800
178.6400
179.9800
181.3800
182.7800
184.1600
185.5400
186.9400
188.3600
189.7600
191.1200
192.5200
193.9200
195.3200
196.7200
198.1200
199.5000
200.9000
202.2600
203.6600
205.0600
206.4400
207.8400
209.2200
210.6000
211.9800
213.3400
214.7400
216.1400
217.5400
218.9400
220.3200
221.7200
223.1000
224.4600
225.8600
227.2600
228.6600
230.0400
231.4400
232.8200
234.2000
235.5800
237.0000
238.4000
239.8000
241.2200
242.6200
243.9800
245.3200
246.6200
247.9000
249.1800
