# Neural Ground Truth Beats (BeatNet CRNN + DBN)
# Track: Walking On The Moon
# Duration: 301.08s, Estimated BPM: 142.9
# Total Beats: 705, Downbeats: 176
0.2200
0.6400
1.0400
1.4600
1.8800
2.3000
2.7400
3.1600
3.5800
4.0000
4.4000
4.8200
5.2400
5.6400
6.0800
6.4800
6.9000
7.3200
7.7400
8.1600
8.5600
8.9800
9.3800
9.8000
10.2000
10.6400
11.0600
11.4600
11.8600
12.2600
12.7000
13.1200
13.5400
13.9400
14.3400
14.7600
15.1600
15.5800
16.0200
16.4200
16.8200
17.2000
17.6400
18.0600
18.4800
18.9000
19.3200
19.7400
20.1600
20.5600
20.9800
21.3800
21.8000
22.2200
22.6200
23.0200
23.4400
23.8400
24.2800
24.6800
25.1200
25.5200
25.9600
26.3800
26.7800
27.2000
27.6000
28.0200
28.4400
28.8600
29.2800
29.6600
30.0800
30.4600
30.8600
31.2800
31.7200
32.1200
32.5200
32.9400
33.3200
33.7200
34.1600
34.5800
34.9800
35.4000
35.8200
36.2200
36.6000
37.0000
37.4400
37.8600
38.2800
38.6800
39.0800
39.5000
39.9000
40.3000
40.7400
41.1400
41.5400
41.9400
42.3600
42.7800
43.1800
43.5800
44.0000
44.4000
44.8200
45.2200
45.6400
46.0200
46.4400
46.8400
47.2400
47.6400
48.0400
48.4400
48.8400
49.2600
49.6600
50.1000
50.5200
50.9000
51.3200
51.7000
52.1200
52.5200
52.9200
53.3000
53.7400
54.1400
54.5600
54.9800
55.3800
55.8000
56.2000
56.5800
57.0200
57.4400
57.8600
58.2800
58.6800
59.1000
59.5000
59.9200
60.3200
60.7200
61.1400
61.5600
61.9800
62.3800
62.8000
63.2200
63.6400
64.0600
64.4400
64.8400
65.2400
65.6600
66.0600
66.4400
66.8600
67.3000
67.7000
68.1200
68.5400
68.9400
69.3600
69.7600
70.1600
70.5600
71.0000
71.4200
71.8200
72.2400
72.6200
73.0400
73.4400
73.8600
74.2600
74.6600
75.0800
75.4800
75.8800
76.2800
76.7200
77.1400
77.5400
77.9400
78.3600
78.7400
79.1400
79.5400
79.9600
80.3400
80.7600
81.1600
81.5800
82.0000
82.4000
82.8000
83.2000
83.6000
84.0000
84.4000
84.8400
85.2600
85.6600
86.0600
86.4600
86.8800
87.3000
87.7200
88.1400
88.5400
88.9400
89.3400
89.7600
90.1600
90.5600
90.9600
91.3800
91.8000
92.2200
92.6400
93.0400
93.4600
93.8800
94.2800
94.7000
95.1000
95.5000
95.9000
96.3200
96.7400
97.1800
97.6000
98.0000
98.4000
98.8000
99.2200
99.6200
100.0600
100.4600
100.9000
101.3200
101.7200
102.1400
102.5600
102.9800
103.4000
103.8200
104.2400
104.6600
105.0600
105.4800
105.9000
106.3000
106.7200
107.1400
107.5600
107.9800
108.3600
108.7800
109.2000
109.6200
110.0400
110.4600
110.8800
111.2800
111.7000
112.1200
112.5400
112.9400
113.3600
113.7600
114.1800
114.6000
115.0000
115.4200
115.8200
116.2400
116.6600
117.0800
117.4800
117.9000
118.3000
118.7200
119.1200
119.5400
119.9600
120.3800
120.7600
121.1800
121.6000
122.0200
122.4200
122.8400
123.2600
123.6800
124.0800
124.5200
124.9200
125.3200
125.7600
126.1800
126.5800
127.0200
127.4400
127.8600
128.2600
128.7000
129.1000
129.5400
129.9400
130.3600
130.7600
131.1600
131.5800
131.9800
132.3800
132.7600
133.1800
133.6200
134.0400
134.4600
134.8600
135.2800
135.7000
136.1000
136.5000
136.9000
137.3200
137.7000
138.1200
138.5200
138.9400
139.3400
139.7400
140.1600
140.5600
140.9600
141.3600
141.7800
142.1800
142.6000
143.0000
143.4200
143.8000
144.2200
144.6200
145.0200
145.4000
145.8400
146.2400
146.6600
147.0600
147.4800
147.8800
148.2800
148.6800
149.1200
149.5200
149.9400
150.3200
150.7200
151.1400
151.5400
151.9400
152.3800
152.7800
153.1800
153.5800
153.9800
154.4000
154.8000
155.2000
155.6400
156.0200
156.4200
156.8200
157.2400
157.6400
158.0400
158.4400
158.8600
159.2400
159.6600
160.0600
160.4800
160.9000
161.3000
161.7400
162.1600
162.5600
162.9800
163.3600
163.7600
164.1800
164.5800
164.9800
165.4000
165.8200
166.2400
166.6600
167.0600
167.4600
167.8600
168.2800
168.6800
169.1000
169.5400
169.9400
170.3800
170.7800
171.2000
171.6200
172.0400
172.4400
172.8400
173.2600
173.6800
174.0800
174.4800
174.8800
175.3000
175.7000
176.1200
176.5400
176.9600
177.3600
177.7800
178.1800
178.6000
179.0000
179.4200
179.8400
180.2400
180.6600
181.0800
181.4800
181.8600
182.2800
182.7200
183.1200
183.5400
183.9200
184.3400
184.7600
185.1800
185.5800
185.9800
186.4000
186.8000
187.2200
187.6400
188.0400
188.4600
188.8600
189.2600
189.6800
190.0800
190.5000
190.9200
191.3200
191.7400
192.1200
192.5400
192.9600
193.3800
193.7800
194.2000
194.6000
195.0000
195.4000
195.8200
196.2800
196.7000
197.1400
197.6200
198.0800
198.5200
199.0000
199.4600
199.9000
200.3600
200.8200
201.3000
201.7600
202.2200
202.6600
203.1800
203.6800
204.2000
204.7400
205.3000
205.8400
206.3600
206.9200
207.4400
208.0000
208.5400
209.0600
209.6200
210.1400
210.7000
211.2600
211.8000
212.3800
212.9400
213.4600
214.0400
214.6000
215.1400
215.6800
216.2600
216.8200
217.3400
217.9000
218.4400
218.9800
219.5600
220.1200
220.6400
221.1800
221.7400
222.2800
222.8400
223.4000
223.9200
224.4800
225.0200
225.5400
226.1000
226.6400
227.1800
227.7400
228.3000
228.8400
229.3800
229.9200
230.4600
231.0400
231.6000
232.1200
232.6600
233.2000
233.7400
234.2800
234.7000
235.1000
235.5000
235.9200
236.3400
236.7400
237.1600
237.5800
237.9800
238.3800
238.8000
239.2000
239.6200
240.0200
240.4400
240.8400
241.2400
241.6400
242.0400
242.4600
242.8600
243.2800
243.7000
244.1000
244.5200
244.9000
245.3200
245.7200
246.1400
246.5600
246.9400
247.3600
247.7600
248.1600
248.5800
248.9800
249.4200
249.8000
250.2000
250.6000
251.0200
251.4400
251.8600
252.2600
252.6600
253.0600
253.4800
253.8600
254.2800
254.7000
255.1200
255.5200
255.9400
256.3200
256.7400
257.1400
257.5800
257.9600
258.3800
258.7800
259.1800
259.5800
260.0000
260.4000
260.8400
261.2400
261.6600
262.0800
262.5000
262.9000
263.3000
263.7200
264.1200
264.5200
264.9200
265.3200
265.7200
266.1600
266.5800
267.0000
267.4200
267.8200
268.2400
268.6600
269.0600
269.4600
269.8600
270.2600
270.6600
271.0800
271.4800
271.9000
272.3000
272.7400
273.1600
273.5600
273.9800
274.3800
274.8000
275.2000
275.6000
276.0000
276.4000
276.8000
277.2000
277.6000
278.0200
278.4200
278.8400
279.2400
279.6400
280.0200
280.4400
280.8600
281.2800
281.6800
282.1000
282.5000
282.8800
283.2800
283.6800
284.1000
284.5200
284.9200
285.3200
285.7200
286.1200
286.5400
286.9400
287.3200
287.7200
288.1200
288.5400
288.9400
289.3400
289.7600
290.1800
290.5600
290.9600
291.3600
291.7800
292.1800
292.5600
292.9600
293.3800
293.7800
294.1600
294.5800
294.9800
295.4000
295.8000
296.2200
296.6600
297.0600
297.4800
