# Neural Ground Truth Beats (BeatNet CRNN + DBN)
# Track: Walk Of Life
# Duration: 249.96s, Estimated BPM: 176.5
# Total Beats: 715, Downbeats: 179
0.2400
0.6000
0.9600
1.3400
1.7000
2.0600
2.4000
2.7800
3.1400
3.4800
3.8400
4.2000
4.5600
4.9400
5.3000
5.6400
6.0000
6.3600
6.7000
7.0400
7.3600
7.7200
8.0600
8.4000
8.7200
9.0600
9.4000
9.7400
10.0800
10.4400
10.8000
11.1400
11.5200
11.8800
12.2400
12.5800
12.9400
13.3000
13.6800
14.0200
14.3800
14.7400
15.1000
15.4600
15.8200
16.2000
16.5600
16.9200
17.2800
17.6200
18.0000
18.3200
18.6600
19.0200
19.3600
19.7400
20.1000
20.4400
20.8000
21.1600
21.5200
21.9000
22.2400
22.6000
22.9600
23.3200
23.6800
24.0400
24.4200
24.7800
25.1400
25.5000
25.8600
26.2000
26.5600
26.9400
27.2800
27.6400
28.0200
28.3600
28.7400
29.1000
29.4600
29.8400
30.2000
30.5800
30.9400
31.3000
31.6400
32.0000
32.3400
32.7000
33.0800
33.4200
33.7800
34.1600
34.5200
34.8800
35.2200
35.6000
35.9400
36.3000
36.6600
37.0000
37.3600
37.7000
38.0400
38.4000
38.7400
39.0800
39.4400
39.8000
40.1200
40.4800
40.8200
41.1600
41.5200
41.8800
42.2200
42.5800
42.9200
43.2800
43.6400
43.9800
44.3400
44.8400
45.3600
45.8800
46.4000
46.7600
47.1000
47.4600
47.8200
48.1600
48.5200
48.8600
49.2000
49.5600
49.9000
50.2600
50.6000
50.9400
51.2800
51.6400
51.9800
52.3600
52.6800
53.0400
53.4000
53.7400
54.0800
54.4200
54.7600
55.1200
55.4600
55.8200
56.1600
56.5000
56.8600
57.1800
57.5200
57.8600
58.2200
58.5800
58.9200
59.2800
59.6200
59.9800
60.3200
60.6800
61.0200
61.3600
61.7000
62.0600
62.4000
62.7600
63.1000
63.4400
63.8000
64.1400
64.4800
64.8400
65.1800
65.5400
65.9000
66.2400
66.5800
66.9400
67.3000
67.6400
68.0000
68.3400
68.6600
69.0200
69.3600
69.7200
70.0800
70.4200
70.7800
71.1400
71.4800
71.8200
72.1800
72.5200
72.8800
73.2200
73.5600
73.9000
74.2600
74.6200
74.9600
75.3200
75.6600
76.0200
76.3600
76.7000
77.0600
77.4000
77.7600
78.1200
78.5000
78.8600
79.2000
79.5200
79.8600
80.2200
80.5800
80.9400
81.2800
81.6200
81.9600
82.3200
82.6600
83.0200
83.3800
83.7200
84.0600
84.4000
84.7400
85.0800
85.4400
85.7800
86.1400
86.4800
86.8400
87.2000
87.5400
87.8800
88.2200
88.5800
88.9200
89.2800
89.6200
89.9600
90.3000
90.6400
90.9600
91.3200
91.6600
92.0200
92.4000
92.7400
93.0800
93.4400
93.7800
94.1200
94.4800
94.8400
95.1800
95.5400
95.8800
96.2400
96.5800
96.9200
97.2800
97.6400
97.9800
98.3200
98.6600
99.0200
99.3600
99.7200
100.0600
100.4000
100.7400
101.1000
101.4200
101.7800
102.1000
102.4400
102.8000
103.1800
103.5400
103.8800
104.2200
104.5600
104.9000
105.2600
105.5800
105.9400
106.2800
106.6200
106.9800
107.3200
107.6600
108.0200
108.3600
108.7000
109.0600
109.4000
109.7600
110.1000
110.4400
110.7800
111.1200
111.4800
111.8200
112.1600
112.5000
112.8400
113.1800
113.5400
113.8800
114.2400
114.5800
114.9400
115.3000
115.6400
115.9800
116.3400
116.6800
117.0200
117.3800
117.7200
118.0800
118.4200
118.7600
119.1200
119.4800
119.8200
120.1600
120.5200
120.8600
121.2200
121.5600
121.9200
122.2800
122.6400
123.0200
123.3800
123.7200
124.0600
124.4000
124.7600
125.1200
125.4600
125.8000
126.1600
126.4800
126.8400
127.2000
127.5400
127.8800
128.2200
128.5600
128.9000
129.2400
129.6000
129.9400
130.2800
130.6400
131.0000
131.3400
131.7000
132.0600
132.4200
132.7600
133.1200
133.4400
133.8200
134.1600
134.5000
134.8400
135.1800
135.5200
135.8600
136.2200
136.5800
136.9400
137.2800
137.6400
138.0000
138.3200
138.6800
139.0200
139.3600
139.7200
140.0600
140.4200
140.7800
141.1200
141.4800
141.8200
142.1800
142.5200
142.8600
143.2200
143.5600
143.9000
144.2600
144.6000
144.9600
145.3000
145.6400
145.9800
146.3200
146.6400
147.0000
147.3400
147.6800
148.0400
148.3800
148.7400
149.0800
149.4000
149.7600
150.1000
150.4600
150.7800
151.1200
151.4600
151.8200
152.1600
152.5000
152.8400
153.2000
153.5400
153.9000
154.2400
154.5800
154.9400
155.2800
155.6400
155.9800
156.3400
156.6800
157.0200
157.3600
157.7000
158.0400
158.4000
158.7600
159.1000
159.4600
159.8200
160.1600
160.5000
160.8600
161.1800
161.5400
161.8800
162.2400
162.5800
162.9200
163.2800
163.6200
163.9800
164.3400
164.6800
165.0200
165.3600
165.7200
166.0600
166.4000
166.7400
167.0800
167.4400
167.7800
168.1400
168.4800
168.8200
169.1800
169.5200
169.8800
170.2200
170.5800
170.9200
171.2800
171.6200
171.9600
172.3200
172.6800
173.0200
173.3600
173.7200
174.0600
174.4000
174.7400
175.0800
175.4600
175.8000
176.1600
176.5200
176.8400
177.1800
177.5400
177.9000
178.2600
178.6400
178.9800
179.3200
179.6600
179.9800
180.3400
180.7000
181.0400
181.3800
181.7400
182.0800
182.4200
182.7800
183.1400
183.4800
183.8200
184.1600
184.5200
184.8600
185.2000
185.5400
185.8800
186.2400
186.6000
186.9400
187.3000
187.6600
188.0200
188.3600
188.7200
189.0400
189.4200
189.7600
190.1200
190.4600
190.7800
191.1200
191.4800
191.8200
192.1800
192.5200
192.8800
193.2200
193.5600
193.9200
194.2600
194.6000
194.9400
195.3200
195.6800
196.0200
196.3600
196.7200
197.0600
197.4200
197.7600
198.1200
198.4600
198.8000
199.1600
199.5000
199.8600
200.2000
200.5600
200.9000
201.2400
201.5800
201.9200
202.2600
202.6000
202.9600
203.3000
203.6600
204.0200
204.3600
204.7200
205.0600
205.4000
205.7600
206.1000
206.4400
206.8000
207.1400
207.4800
207.8400
208.1800
208.5400
208.8800
209.2200
209.5600
209.9200
210.2600
210.6000
210.9400
211.2800
211.6400
211.9800
212.3200
212.6800
213.0000
213.3400
213.7000
214.0400
214.3800
214.7400
215.1000
215.4600
215.8000
216.1400
216.5000
216.8400
217.2000
217.5400
217.9000
218.2400
218.5800
218.9400
219.2800
219.6200
219.9600
220.3200
220.6800
221.0200
221.3600
221.7200
222.0600
222.4000
222.7600
223.1000
223.4600
223.7800
224.1400
224.4600
224.8200
225.1600
225.5200
225.8600
226.2200
226.5600
226.9000
227.2600
227.6000
227.9400
228.3000
228.6600
229.0000
229.3600
229.7000
230.0400
230.4000
230.7400
231.1000
231.4400
231.8000
232.1400
232.4800
232.8200
233.1800
233.5200
233.8600
234.2000
234.5600
234.9000
235.2400
235.5800
235.9200
236.2800
236.6200
237.0000
237.3600
237.7000
238.0600
238.4000
238.7600
239.1000
239.4400
239.8000
240.1600
240.5000
240.8600
241.2200
241.5800
241.9200
242.2600
242.6200
242.9600
243.3000
243.6400
243.9800
244.3200
244.6600
245.0000
245.3200
245.6600
245.9800
246.3000
246.6200
246.9400
247.2600
247.5800
247.9000
248.2200
248.5400
248.8600
249.1800
249.5000
249.8200
