# Neural Ground Truth Beats (BeatNet CRNN + DBN)
# Track: What's Up_
# Duration: 295.51s, Estimated BPM: 136.4
# Total Beats: 639, Downbeats: 160
0.2400
0.7400
1.2000
1.7000
2.1400
2.6000
3.0600
3.5600
4.0400
4.5000
4.9800
5.4400
5.9000
6.3600
6.8400
7.3000
7.7800
8.2600
8.7200
9.1800
9.6400
10.1000
10.5600
11.0400
11.4800
11.9600
12.4200
12.8800
13.3200
13.7800
14.2400
14.7000
15.1600
15.6400
16.0800
16.5600
17.0000
17.4800
17.9400
18.4000
18.8400
19.3000
19.7600
20.2200
20.6600
21.1000
21.5600
22.0000
22.4400
22.9200
23.3800
23.8400
24.2800
24.7400
25.1800
25.6000
26.0600
26.5000
26.9600
27.4200
27.8600
28.3200
28.7800
29.2400
29.6600
30.1400
30.6000
31.0600
31.5000
31.9600
32.4200
32.8400
33.2800
33.7400
34.1800
34.6400
35.0800
35.5600
36.0000
36.4400
36.8600
37.3400
37.8000
38.2600
38.6800
39.1400
39.5800
40.0200
40.4600
40.9400
41.3800
41.8400
42.2800
42.7400
43.1800
43.6200
44.0600
44.5200
44.9800
45.4400
45.8800
46.3400
46.7800
47.2200
47.6600
48.1200
48.5600
49.0200
49.4600
49.9400
50.3800
50.8000
51.2400
51.7200
52.1600
52.6200
53.0600
53.5000
53.9400
54.4000
54.8400
55.3000
55.7400
56.2000
56.6200
57.0800
57.5200
57.9600
58.4000
58.8600
59.3200
59.7800
60.2200
60.6800
61.1200
61.5800
62.0000
62.4600
62.9000
63.3600
63.8000
64.2800
64.7200
65.1600
65.5800
66.0600
66.5000
66.9800
67.4200
67.8800
68.3200
68.7600
69.2000
69.6800
70.1000
70.5600
70.9800
71.4400
71.8800
72.3200
72.7400
73.1800
73.6600
74.1200
74.5600
75.0200
75.4800
75.9200
76.3600
76.8200
77.2600
77.7000
78.1400
78.5800
79.0400
79.5000
79.9200
80.3800
80.8000
81.2600
81.7000
82.1600
82.6200
83.0600
83.4800
83.9200
84.3600
84.8200
85.2600
85.7000
86.1400
86.5800
87.0000
87.4600
87.9000
88.3800
88.8200
89.2600
89.6800
90.1400
90.5800
91.0200
91.4800
91.9400
92.3600
92.8200
93.2600
93.7000
94.1200
94.5600
95.0200
95.5000
95.9400
96.3600
96.8000
97.2600
97.6800
98.1400
98.5600
99.0200
99.4400
99.9000
100.3400
100.7800
101.2000
101.6400
102.0800
102.5600
103.0000
103.4400
103.8800
104.3400
104.7600
105.2200
105.6400
106.1200
106.5400
107.0000
107.4200
107.8800
108.3000
108.7600
109.2000
109.6600
110.0800
110.5200
110.9600
111.4200
111.8400
112.3000
112.7200
113.2000
113.6400
114.0800
114.5200
114.9600
115.3800
115.8600
116.3000
116.7800
117.2200
117.6600
118.1000
118.5400
118.9800
119.4600
119.9000
120.3800
120.8000
121.2600
121.7000
122.1400
122.5600
123.0200
123.4600
123.9200
124.3600
124.8200
125.2600
125.7200
126.1400
126.6200
127.0600
127.5200
127.9400
128.4000
128.8400
129.2800
129.7200
130.1600
130.6200
131.0800
131.5200
131.9800
132.4400
132.8600
133.3000
133.7800
134.2200
134.7000
135.1200
135.5800
136.0200
136.4400
136.8800
137.3400
137.7800
138.2400
138.6600
139.1200
139.5600
140.0000
140.4200
140.8800
141.3000
141.7400
142.1800
142.6200
143.0600
143.5200
143.9600
144.4400
144.8800
145.3400
145.7600
146.2200
146.6600
147.0800
147.5200
147.9800
148.4200
148.9000
149.3200
149.7800
150.2200
150.6400
151.1000
151.5600
152.0000
152.4600
152.9000
153.3400
153.8000
154.2400
154.7000
155.1600
155.5800
156.0400
156.4600
156.9000
157.3400
157.7800
158.2400
158.7000
159.1600
159.6000
160.0600
160.5200
160.9600
161.4000
161.8200
162.3000
162.7400
163.2000
163.6200
164.0800
164.5200
164.9800
165.4200
165.8800
166.3200
166.7800
167.2000
167.6600
168.1000
168.5600
169.0000
169.4400
169.9000
170.3400
170.7600
171.2000
171.6400
172.1000
172.5200
172.9800
173.4400
173.9000
174.3200
174.7800
175.2200
175.6600
176.0800
176.5400
177.0000
177.4400
177.8800
178.3400
178.7800
179.2000
179.6400
180.1000
180.5200
180.9800
181.4000
181.8400
182.2800
182.7200
183.1600
183.6000
184.0600
184.5000
184.9200
185.3800
185.8000
186.2600
186.7000
187.1200
187.6000
188.0200
188.4600
188.9200
189.3600
189.8000
190.2200
190.6800
191.1000
191.5600
192.0000
192.4400
192.8800
193.3000
193.7400
194.2000
194.6600
195.1000
195.5400
196.0000
196.4400
196.8600
197.3000
197.7400
198.1800
198.6200
199.0600
199.5200
199.9400
200.3800
200.8200
201.2600
201.7000
202.1400
202.5800
203.0400
203.4600
203.9200
204.3400
204.8000
205.2400
205.7000
206.1400
206.5800
207.0200
207.4600
207.8800
208.3400
208.7800
209.2400
209.6800
210.1200
210.5600
211.0000
211.4200
211.8600
212.3200
212.7600
213.1800
213.6200
214.0600
214.5000
214.9400
215.3800
215.8200
216.2800
216.7200
217.1600
217.5600
218.0000
218.4400
218.8800
219.3200
219.7800
220.2000
220.6600
221.0800
221.5200
221.9600
222.4000
222.8400
223.2800
223.7200
224.1800
224.6000
225.0400
225.4800
225.9200
226.3600
226.8200
227.2600
227.7200
228.1400
228.5800
229.0200
229.4800
229.9200
230.3800
230.8000
231.2400
231.6800
232.1200
232.5600
233.0000
233.4400
233.9000
234.3400
234.7800
235.2000
235.6400
236.0800
236.5200
236.9600
237.4200
237.8600
238.2800
238.7200
239.1800
239.6000
240.0400
240.4800
240.9400
241.3800
241.8200
242.2600
242.6800
243.1200
243.5600
244.0000
244.4600
244.9000
245.3400
245.7800
246.2200
246.6400
247.1000
247.5400
248.0000
248.4200
248.8800
249.3000
249.7400
250.1800
250.6400
251.0800
251.5400
251.9800
252.4200
252.8600
253.3000
253.7200
254.1800
254.6200
255.0800
255.5400
255.9800
256.4000
256.8600
257.2800
257.7400
258.2000
258.6600
259.1000
259.5400
259.9800
260.4400
260.8800
261.3400
261.7800
262.2600
262.7000
263.1400
263.5800
264.0200
264.4600
264.9400
265.4000
265.8400
266.3000
266.7600
267.2200
267.7000
268.1800
268.6800
269.2400
269.7600
270.3000
270.8400
271.4000
271.9200
272.4600
272.9800
273.5200
274.0200
274.5600
275.0800
275.6000
276.1200
276.6400
277.1600
277.7000
278.2200
278.7800
279.3000
279.8200
280.3200
280.8400
281.3600
281.9000
282.4400
282.9800
283.5200
284.0800
284.5800
285.1200
285.6400
286.1400
286.6600
287.1800
287.7000
288.2400
