# Neural Ground Truth Downbeats (BeatNet CRNN + DBN)
# Track: What's Up_
0.2400
2.1400
4.0400
5.9000
7.7800
9.6400
11.4800
13.3200
15.1600
17.0000
18.8400
20.6600
22.4400
24.2800
26.0600
27.8600
29.6600
31.5000
33.2800
35.0800
36.8600
38.6800
40.4600
42.2800
44.0600
45.8800
47.6600
49.4600
51.2400
53.0600
54.8400
56.6200
58.4000
60.2200
62.0000
63.8000
65.5800
67.4200
69.2000
70.9800
72.7400
74.5600
76.3600
78.1400
79.9200
81.7000
83.4800
85.2600
87.0000
88.8200
90.5800
92.3600
94.1200
95.9400
97.6800
99.4400
101.2000
103.0000
104.7600
106.5400
108.3000
110.0800
111.8400
113.6400
115.3800
117.2200
118.9800
120.8000
122.5600
124.3600
126.1400
127.9400
129.7200
131.5200
133.3000
135.1200
136.8800
138.6600
140.4200
142.1800
143.9600
145.7600
147.5200
149.3200
151.1000
152.9000
154.7000
156.4600
158.2400
160.0600
161.8200
163.6200
165.4200
167.2000
169.0000
170.7600
172.5200
174.3200
176.0800
177.8800
179.6400
181.4000
183.1600
184.9200
186.7000
188.4600
190.2200
192.0000
193.7400
195.5400
197.3000
199.0600
200.8200
202.5800
204.3400
206.1400
207.8800
209.6800
211.4200
213.1800
214.9400
216.7200
218.4400
220.2000
221.9600
223.7200
225.4800
227.2600
229.0200
230.8000
232.5600
234.3400
236.0800
237.8600
239.6000
241.3800
243.1200
244.9000
246.6400
248.4200
250.1800
251.9800
253.7200
255.5400
257.2800
259.1000
260.8800
262.7000
264.4600
266.3000
268.1800
270.3000
272.4600
274.5600
276.6400
278.7800
280.8400
282.9800
285.1200
287.1800
