# Neural Ground Truth Downbeats (BeatNet CRNN + DBN)
# Track: Where Is My Mind_
0.4800
3.6000
6.7200
9.7800
12.8400
15.8200
18.8600
21.8800
24.9000
27.9200
30.9000
33.9000
36.9000
39.8800
42.8200
45.8000
48.7000
51.6800
54.6200
57.6200
60.6200
63.6000
66.5200
69.4600
72.2400
75.0800
78.0800
81.0200
83.9800
86.9200
89.9000
92.8400
95.8000
98.7400
101.6800
104.6800
107.6000
110.5800
113.5200
116.4400
119.2600
122.0800
124.8600
127.6600
130.4400
133.4400
136.4200
139.3800
142.3200
145.2600
148.1600
151.0800
154.0600
156.9400
159.9200
162.9000
165.9000
168.8400
171.7000
174.5200
177.4400
180.4200
183.3600
186.3200
189.2600
192.2000
195.1400
198.1200
201.0600
204.0200
206.9600
209.9000
212.8400
215.7600
218.4400
221.1200
223.8800
226.7000
229.4600
232.3200
235.3000
