# Neural Ground Truth Beats (BeatNet CRNN + DBN)
# Track: Where Is My Mind_
# Duration: 236.99s, Estimated BPM: 81.1
# Total Beats: 323, Downbeats: 81
0.4800
1.2200
2.0000
2.7800
3.6000
4.3400
5.1600
5.9200
6.7200
7.4800
8.2800
9.0200
9.7800
10.5400
11.3200
12.0600
12.8400
13.6000
14.3600
15.0600
15.8200
16.6000
17.3600
18.1000
18.8600
19.6200
20.3800
21.1200
21.8800
22.6400
23.4000
24.1400
24.9000
25.6400
26.4000
27.1600
27.9200
28.6800
29.4000
30.1600
30.9000
31.6600
32.3800
33.1200
33.9000
34.6400
35.4000
36.1400
36.9000
37.6200
38.3800
39.1200
39.8800
40.6200
41.3400
42.0800
42.8200
43.5600
44.3000
45.0400
45.8000
46.5000
47.2200
47.9800
48.7000
49.4400
50.1800
50.9200
51.6800
52.4200
53.1400
53.9000
54.6200
55.3600
56.1000
56.8600
57.6200
58.3600
59.1000
59.8800
60.6200
61.3400
62.0800
62.8400
63.6000
64.3400
65.0600
65.7800
66.5200
67.2400
67.9600
68.7200
69.4600
70.1800
70.8800
71.5600
72.2400
72.9600
73.6800
74.3800
75.0800
75.8000
76.5800
77.3400
78.0800
78.8000
79.5200
80.2800
81.0200
81.7400
82.5000
83.2200
83.9800
84.7000
85.4400
86.1600
86.9200
87.6400
88.4200
89.1400
89.9000
90.6200
91.3800
92.1000
92.8400
93.5600
94.3200
95.0400
95.8000
96.5000
97.2600
97.9800
98.7400
99.4600
100.2000
100.9400
101.6800
102.4200
103.1600
103.9000
104.6800
105.4200
106.1400
106.8600
107.6000
108.3200
109.0400
109.8000
110.5800
111.3200
112.0600
112.7600
113.5200
114.2200
114.9600
115.6800
116.4400
117.1800
117.8600
118.5400
119.2600
119.9400
120.6400
121.3800
122.0800
122.7600
123.4400
124.1600
124.8600
125.5600
126.2200
126.9400
127.6600
128.3600
129.0600
129.7400
130.4400
131.1800
131.9600
132.7000
133.4400
134.1800
134.9200
135.6400
136.4200
137.1600
137.9000
138.6400
139.3800
140.1200
140.8400
141.5600
142.3200
143.0400
143.7800
144.5000
145.2600
146.0000
146.6800
147.4200
148.1600
148.8800
149.6200
150.3600
151.0800
151.8200
152.5600
153.2800
154.0600
154.7600
155.4600
156.2000
156.9400
157.6600
158.4200
159.1600
159.9200
160.6800
161.4200
162.1600
162.9000
163.6400
164.4000
165.1400
165.9000
166.6400
167.3600
168.1000
168.8400
169.5200
170.2400
170.9600
171.7000
172.4400
173.1400
173.8000
174.5200
175.2600
175.9800
176.7000
177.4400
178.1600
178.9200
179.6800
180.4200
181.1200
181.8800
182.6200
183.3600
184.1000
184.8400
185.5800
186.3200
187.0600
187.7800
188.5200
189.2600
190.0000
190.7400
191.4600
192.2000
192.9200
193.6600
194.3800
195.1400
195.8600
196.6200
197.3800
198.1200
198.8200
199.5800
200.3200
201.0600
201.8000
202.5600
203.2800
204.0200
204.7600
205.4800
206.2200
206.9600
207.7000
208.4200
209.1600
209.9000
210.6200
211.3600
212.1000
212.8400
213.5600
214.3000
215.0400
215.7600
216.4800
217.1600
217.7800
218.4400
219.1000
219.7800
220.4600
221.1200
221.7600
222.5000
223.1800
223.8800
224.6000
225.3000
225.9600
226.7000
227.3600
228.1000
228.7600
229.4600
230.1800
230.8600
231.6200
232.3200
233.0600
233.8400
234.5400
235.3000
236.0400
236.8000
