# Neural Ground Truth Beats (BeatNet CRNN + DBN)
# Track: You Know I'm No Good
# Duration: 256.96s, Estimated BPM: 103.4
# Total Beats: 440, Downbeats: 110
0.1800
0.8000
1.3800
2.0400
2.6000
3.2000
3.7600
4.3400
4.9200
5.5000
6.0800
6.6800
7.2600
7.8400
8.4200
9.0000
9.5600
10.1600
10.7200
11.3200
11.8800
12.4600
13.0200
13.5800
14.1400
14.7400
15.3000
15.9000
16.4600
17.0400
17.6200
18.1800
18.7600
19.3400
19.9000
20.5000
21.0800
21.6600
22.2200
22.8000
23.3600
23.9400
24.5200
25.1000
25.6600
26.2600
26.8200
27.4000
27.9800
28.5600
29.1400
29.7200
30.2800
30.8800
31.4600
32.0400
32.6200
33.2200
33.8000
34.4000
34.9800
35.5600
36.1400
36.7200
37.2800
37.9000
38.4800
39.0600
39.6200
40.2400
40.8000
41.3800
41.9600
42.5400
43.1200
43.7200
44.2800
44.8600
45.4600
46.0200
46.6000
47.1600
47.7400
48.3000
48.8800
49.4600
50.0400
50.6200
51.1800
51.7600
52.3600
52.9400
53.5200
54.1200
54.7000
55.3000
55.8800
56.4600
57.0400
57.6600
58.2400
58.8200
59.4000
59.9800
60.5400
61.1200
61.7200
62.3200
62.9000
63.5000
64.0600
64.6600
65.2400
65.8400
66.4200
67.0200
67.6200
68.2200
68.7800
69.3800
69.9600
70.5400
71.1200
71.7200
72.3000
72.8800
73.4600
74.0600
74.6200
75.2400
75.8200
76.4000
77.0000
77.6000
78.1800
78.7800
79.3400
79.9400
80.5200
81.1000
81.6800
82.2400
82.8600
83.4600
84.0400
84.6000
85.2200
85.8200
86.4000
87.0200
87.5800
88.1800
88.7600
89.3600
89.9400
90.5200
91.1000
91.7000
92.2800
92.8600
93.4400
94.0200
94.6200
95.2000
95.7800
96.3800
96.9600
97.5600
98.1400
98.7400
99.3200
99.8800
100.4800
101.0800
101.6600
102.2400
102.8200
103.4000
103.9800
104.5600
105.1600
105.7600
106.3600
106.9400
107.5000
108.0800
108.6800
109.2600
109.8200
110.4000
110.9800
111.5200
112.1000
112.6800
113.2600
113.8600
114.4200
115.0000
115.5800
116.1800
116.7600
117.3600
117.9400
118.5400
119.1200
119.7000
120.2600
120.8600
121.4200
122.0000
122.5800
123.2000
123.8000
124.3800
124.9600
125.5600
126.1400
126.7400
127.3400
127.9000
128.4800
129.0800
129.6600
130.2400
130.8400
131.4200
131.9800
132.5400
133.1200
133.7000
134.2400
134.8200
135.3800
135.9800
136.5400
137.1200
137.7000
138.2800
138.8600
139.4400
139.9800
140.5600
141.1400
141.7200
142.2800
142.8600
143.4400
144.0200
144.5600
145.1600
145.7200
146.3000
146.8600
147.4400
148.0200
148.6000
149.1600
149.7600
150.4000
151.0200
151.6200
152.2400
152.7800
153.3400
153.9000
154.4600
155.0400
155.6400
156.2200
156.7800
157.3800
157.9600
158.5400
159.1200
159.7200
160.3000
160.8800
161.4600
162.0400
162.6200
163.1800
163.7800
164.3400
164.9400
165.5000
166.0800
166.6600
167.2200
167.7800
168.3800
168.9600
169.5400
170.1200
170.7000
171.2800
171.8600
172.4200
173.0200
173.6000
174.1800
174.7600
175.3400
175.9000
176.5200
177.1000
177.6800
178.2600
178.8600
179.4200
180.0000
180.5800
181.1600
181.7200
182.3200
182.9000
183.4800
184.0400
184.6000
185.1800
185.7200
186.2800
186.8600
187.4400
188.0200
188.5800
189.1600
189.7400
190.3200
190.9000
191.5000
192.0600
192.6400
193.2200
193.8200
194.4000
194.9800
195.5400
196.1400
196.7400
197.3200
197.9000
198.5000
199.0800
199.6600
200.2400
200.8200
201.4200
202.0000
202.5800
203.1400
203.7400
204.3200
204.8800
205.4600
206.0400
206.6400
207.2200
207.8200
208.4000
208.9800
209.5600
210.1600
210.7600
211.3400
211.9200
212.5000
213.0800
213.6600
214.2400
214.8200
215.4000
215.9600
216.5400
217.1400
217.7000
218.2800
218.8600
219.4400
220.0000
220.5800
221.1600
221.7600
222.3400
222.9000
223.4600
224.0400
224.6200
225.2200
225.8000
226.3800
226.9400
227.5200
228.0800
228.6600
229.2400
229.8200
230.3800
230.9600
231.5200
232.1000
232.6600
233.2600
233.8000
234.3800
234.9400
235.5200
236.0800
236.6600
237.2200
237.8000
238.3600
238.9400
239.4800
240.0600
240.6000
241.2000
241.7600
242.3400
242.8800
243.4600
244.0200
244.6000
245.1600
245.7400
246.3000
246.8800
247.4400
248.0400
248.6000
249.1800
249.7600
250.3400
250.9000
251.4800
252.0400
252.6000
253.1600
253.7200
254.2800
254.8200
