# Neural Ground Truth Downbeats (BeatNet CRNN + DBN)
# Track: You Know I'm No Good
0.1800
2.6000
4.9200
7.2600
9.5600
11.8800
14.1400
16.4600
18.7600
21.0800
23.3600
25.6600
27.9800
30.2800
32.6200
34.9800
37.2800
39.6200
41.9600
44.2800
46.6000
48.8800
51.1800
53.5200
55.8800
58.2400
60.5400
62.9000
65.2400
67.6200
69.9600
72.3000
74.6200
77.0000
79.3400
81.6800
84.0400
86.4000
88.7600
91.1000
93.4400
95.7800
98.1400
100.4800
102.8200
105.1600
107.5000
109.8200
112.1000
114.4200
116.7600
119.1200
121.4200
123.8000
126.1400
128.4800
130.8400
133.1200
135.3800
137.7000
139.9800
142.2800
144.5600
146.8600
149.1600
151.6200
153.9000
156.2200
158.5400
160.8800
163.1800
165.5000
167.7800
170.1200
172.4200
174.7600
177.1000
179.4200
181.7200
184.0400
186.2800
188.5800
190.9000
193.2200
195.5400
197.9000
200.2400
202.5800
204.8800
207.2200
209.5600
211.9200
214.2400
216.5400
218.8600
221.1600
223.4600
225.8000
228.0800
230.3800
232.6600
234.9400
237.2200
239.4800
241.7600
244.0200
246.3000
248.6000
250.9000
253.1600
