0.5000
0.9286
1.3571
1.7857
2.2143
2.6429
3.0714
3.5000
3.9286
4.3571
4.7857
5.2143
5.6429
6.0714
6.5000
6.9286
7.3571
7.7857
8.2143
8.6429
9.0714
9.5000
9.9286
10.3571
10.7857
11.2143
11.6429
12.0714
12.5000
12.9286
13.3571
13.7857
14.2143
14.6429
15.0714
15.5000
15.9286
16.3571
16.7857
17.2143
17.6429
18.0714
18.5000
18.9286
19.3571
19.7857
20.2143
20.6429
21.0714
21.5000
21.9286
22.3571
22.7857
23.2143
23.6429
24.0714
24.5000
24.9286
25.3571
25.7857
26.2143
26.6429
27.0714
27.5000
27.9286
28.3571
28.7857
29.2143
